pos,#,player,gp,min,pts,fgm,fga,fg%,3pm,3pa,3p%,ftm,fta,ft%,oreb,dreb,reb,ast,stl,blk,tov,eff
G,1,George Gervin,82,34.8,27.2,10.5,19.6,53.6,-,-,-,6.1,7.4,83.0,1.4,3.7,5.1,3.7,1.7,1.3,3.7,24.9
F-C,2,David Thompson,80,37.8,27.2,10.3,19.8,52.1,-,-,-,6.5,8.4,77.8,2.0,2.9,4.9,4.5,1.2,1.2,3.1,24.6
F-G,3,Bob McAdoo,79,40.3,26.5,10.3,19.8,52.0,-,-,-,5.9,8.2,72.7,3.0,9.8,12.8,3.8,1.3,1.6,4.4,29.9
F,4,Kareem Abdul-Jabbar,62,36.5,25.8,10.7,19.4,55.0,-,-,-,4.4,5.6,78.3,3.0,9.9,12.9,4.3,1.7,3.0,3.4,34.4
G,5,Calvin Murphy,76,38.2,25.6,11.2,22.9,49.1,-,-,-,3.2,3.5,91.8,0.8,1.4,2.2,3.4,1.5,0.0,2.3,18.5
F,6,Paul Westphal,80,31.0,25.2,10.1,19.6,51.6,-,-,-,5.0,6.1,81.3,0.5,1.5,2.1,5.5,1.7,0.4,3.5,20.7
G,7,Randy Smith,82,40.4,24.6,9.6,20.7,46.5,-,-,-,5.4,6.8,80.0,1.3,2.4,3.8,5.6,2.1,0.1,3.5,20.3
G,8,Bob Lanier,63,36.7,24.5,9.9,18.4,53.7,-,-,-,4.7,6.1,77.2,3.1,8.2,11.3,3.4,1.3,1.5,3.6,28.5
F,9,Walter Davis,81,32.0,24.2,9.7,18.4,52.6,-,-,-,4.8,5.8,83.0,2.0,4.0,6.0,3.4,1.4,0.2,3.5,22.0
G,10,Bernard King,79,39.1,24.2,10.1,21.1,47.9,-,-,-,4.0,5.8,67.7,3.4,6.2,9.5,2.4,1.5,0.5,3.9,21.3
G,12,John Drew,70,31.5,23.2,8.5,17.7,48.0,-,-,-,6.2,8.2,76.0,3.0,4.3,7.3,2.0,1.7,0.4,3.0,20.4
C,13,Rick Barry,82,36.9,23.1,9.3,20.6,45.1,-,-,-,4.6,5.0,92.4,0.9,4.6,5.5,5.4,1.9,0.5,2.7,22.1
G,14,Artis Gilmore,82,37.4,22.9,8.6,15.4,55.9,-,-,-,5.7,8.2,70.4,3.9,9.2,13.1,3.2,0.5,2.2,4.5,28.2
G,15,Truck Robinson,82,44.4,22.7,9.1,20.5,44.4,-,-,-,4.5,7.0,64.0,3.6,12.1,15.7,2.1,0.9,1.0,3.7,24.8
G,16,Adrian Dantley,79,37.1,21.5,7.3,14.3,51.2,-,-,-,6.8,8.6,79.6,3.4,4.5,7.8,3.2,1.5,0.3,2.9,22.7
G,17,Dan Issel,82,34.8,21.3,8.0,15.7,51.2,-,-,-,5.2,6.7,78.2,3.1,7.0,10.1,3.7,1.2,0.5,3.2,24.6
F,18,Julius Erving,74,32.8,20.6,8.3,16.4,50.2,-,-,-,4.1,4.9,84.5,2.4,4.1,6.5,3.8,1.8,1.3,3.2,21.9
F,19,Larry Kenon,81,35.4,20.6,8.6,17.6,48.9,-,-,-,3.4,4.0,85.4,3.0,6.5,9.5,3.3,1.4,0.3,3.4,22.2
G,20,George McGinnis,78,32.5,20.3,7.5,16.3,46.3,-,-,-,5.3,7.4,71.6,3.6,6.8,10.4,3.8,1.8,0.3,4.0,21.8
C,21,Brian Winters,80,34.4,19.9,8.4,18.2,46.3,-,-,-,3.1,3.7,84.0,1.1,2.0,3.1,4.9,1.6,0.3,3.0,16.5
G,22,Elvin Hayes,81,40.1,19.7,7.9,17.4,45.1,-,-,-,4.0,6.3,63.4,4.1,9.1,13.3,1.8,1.2,2.0,2.8,23.3
F,23,Phil Smith,82,35.9,19.7,7.9,16.7,47.2,-,-,-,3.9,4.7,81.2,1.2,2.4,3.7,4.8,1.3,0.3,3.2,16.8
G,24,Doug Collins,79,35.1,19.7,8.1,15.5,52.6,-,-,-,3.4,4.2,81.2,1.1,1.8,2.9,4.1,1.6,0.3,3.2,17.3
F,25,Marques Johnson,80,34.6,19.5,7.9,15.1,52.2,-,-,-,3.8,5.1,73.6,3.7,6.9,10.6,2.4,1.2,1.3,2.2,24.1
G,26,Campy Russell,72,35.0,19.4,7.3,16.2,44.8,-,-,-,4.9,6.5,75.1,2.1,4.2,6.4,3.9,1.2,0.2,2.9,17.6
G,27,Bob Dandridge,75,37.0,19.3,7.5,15.9,47.1,-,-,-,4.4,5.6,78.8,1.8,4.1,5.9,3.8,1.3,0.6,3.2,18.2
F,28,Dave Cowens,77,41.8,18.6,7.8,15.8,49.0,-,-,-,3.1,3.7,84.2,3.2,10.8,14.0,4.6,1.3,0.9,2.8,27.9
G,29,Eric Money,76,33.6,18.6,7.9,15.8,50.0,-,-,-,2.8,3.9,71.8,1.2,1.6,2.8,4.7,1.6,0.2,4.2,14.6
F,30,Mickey Johnson,81,35.4,18.3,6.9,15.0,46.2,-,-,-,4.5,5.5,81.2,2.7,6.4,9.1,3.3,1.1,0.8,3.3,20.3
C,31,Ricky Sobers,79,38.2,18.2,7.0,15.5,45.3,-,-,-,4.2,5.1,82.5,1.2,3.0,4.1,7.4,2.2,0.3,4.5,18.4
G,32,Gus Williams,79,32.6,18.1,7.6,16.9,45.1,-,-,-,2.9,3.5,81.7,1.1,2.2,3.2,3.7,2.3,0.5,2.4,15.6
G,33,Earl Monroe,76,31.2,17.8,7.3,14.8,49.5,-,-,-,3.2,3.8,83.2,0.6,1.8,2.4,4.8,0.8,0.3,2.4,15.5
G-F,34,Scott Wedman,81,36.6,17.7,7.5,14.7,50.9,-,-,-,2.7,3.1,87.0,1.8,3.9,5.7,2.5,1.2,0.3,2.0,17.8
F,35,Ron Boone,82,32.4,17.7,6.9,15.5,44.3,-,-,-,3.9,4.6,85.4,1.4,1.9,3.3,3.8,1.3,0.1,3.7,13.1
F,36,Wilbur Holland,82,35.2,16.6,6.9,15.7,44.3,-,-,-,2.7,3.4,79.9,1.3,2.3,3.6,3.8,2.0,0.2,2.7,14.0
C-F,37,Fred Brown,72,27.3,16.6,7.1,14.5,48.8,-,-,-,2.4,2.7,89.8,0.8,1.8,2.6,3.3,1.5,0.3,2.3,14.4
G,38,John Havlicek,82,34.1,16.1,6.7,14.8,44.9,-,-,-,2.8,3.3,85.5,1.1,2.9,4.0,4.0,1.1,0.3,2.5,14.4
F-G,39,Gail Goodrich,81,31.5,16.1,6.4,13.0,49.5,-,-,-,3.3,4.1,79.5,0.9,1.3,2.2,4.8,1.0,0.3,2.5,14.4
G,40,Lionel Hollins,81,33.8,15.9,6.6,14.8,44.2,-,-,-,2.8,3.7,74.3,1.0,2.4,3.4,4.7,1.9,0.4,3.0,14.1
C,41,Otis Birdsong,73,25.7,15.8,6.4,13.1,49.2,-,-,-,3.0,4.2,69.7,1.0,1.4,2.4,2.4,1.0,0.2,2.0,11.9
G-F,42,Billy Paultz,80,31.0,15.8,6.5,12.2,52.9,-,-,-,2.9,3.8,75.2,2.2,6.3,8.4,2.7,0.5,2.4,2.1,21.1
G,43,World Free,76,27.0,15.7,5.1,11.3,45.5,-,-,-,5.4,7.4,73.1,1.2,1.6,2.8,4.0,0.9,0.5,2.6,13.2
C,44,Swen Nater,78,35.6,15.5,6.4,12.7,50.4,-,-,-,2.7,3.5,76.5,3.6,9.6,13.2,2.8,0.5,0.6,2.9,22.6
F-C,45,Kevin Grevey,81,26.2,15.5,6.2,13.9,44.8,-,-,-,3.0,3.8,78.9,1.5,2.0,3.6,1.9,0.8,0.2,2.0,11.5
F,46,Alvan Adams,70,27.3,15.5,6.2,12.8,48.5,-,-,-,3.1,4.2,73.0,2.3,5.8,8.1,3.2,1.2,0.9,3.3,17.8
F,47,Mike Bantom,82,33.8,15.3,6.1,12.8,47.9,-,-,-,3.1,4.2,74.3,2.2,5.2,7.4,2.9,1.2,0.6,2.7,17.1
G,48,James Edwards,83,29.0,15.2,6.0,13.2,45.3,-,-,-,3.3,5.1,64.6,2.4,5.0,7.4,1.0,0.6,0.9,2.0,14.2
F-G,50,Jim Chones,82,35.4,15.0,6.4,13.6,47.2,-,-,-,2.2,3.0,72.0,2.7,7.6,10.3,1.6,0.6,0.7,2.2,18.0
G-F,51,Lonnie Shelton,82,28.3,14.9,6.2,12.0,51.4,-,-,-,2.5,3.4,73.6,2.5,4.6,7.1,2.4,1.3,1.4,2.8,17.5
F-G,53,Dave Meyers,80,30.2,14.7,5.4,11.7,46.1,-,-,-,3.9,5.4,72.2,1.8,4.9,6.7,3.0,1.1,0.6,2.7,15.6
G,54,Bobby Jones,75,32.5,14.5,5.9,10.1,57.8,-,-,-,2.8,3.7,75.1,2.2,6.3,8.5,3.4,1.8,1.7,2.6,22.1
G,56,Marvin Webster,82,35.5,14.0,5.2,10.4,50.2,-,-,-,3.5,5.6,62.9,4.4,8.2,12.6,2.5,0.6,2.0,3.1,21.2
F,57,Lou Hudson,82,27.8,13.7,6.0,12.1,49.7,-,-,-,1.7,2.2,77.4,1.0,1.3,2.3,2.4,1.1,0.2,1.8,11.3
C,58,Norm Nixon,81,34.3,13.7,6.1,12.3,49.7,-,-,-,1.4,2.0,71.4,0.5,2.4,3.0,6.8,1.7,0.1,3.1,15.4
F,59,Junior Bridgeman,82,22.9,13.6,5.8,11.5,50.3,-,-,-,2.0,2.5,81.0,1.4,2.1,3.5,2.1,0.9,0.4,2.1,12.2
G,60,Dave Bing,80,28.2,13.6,5.3,11.8,44.9,-,-,-,3.1,3.7,82.4,1.0,1.7,2.7,3.8,1.0,0.2,2.7,11.4
G-F,62,Dan Roundfield,79,30.7,13.4,5.3,10.9,48.9,-,-,-,2.8,3.8,72.7,3.5,6.7,10.2,2.5,1.0,1.9,2.5,19.9
F,63,Sidney Wicks,81,29.8,13.4,5.3,11.4,46.7,-,-,-,2.7,4.1,66.0,2.8,5.6,8.3,2.1,0.8,0.6,2.8,14.9
F,64,Richard Washington,78,28.6,12.8,5.4,11.4,47.7,-,-,-,1.9,2.6,75.4,2.4,6.0,8.4,1.5,0.9,0.9,2.4,15.6
C,65,Dennis Johnson,81,27.3,12.7,4.5,10.9,41.7,-,-,-,3.7,5.0,73.2,1.9,1.8,3.6,2.8,1.5,0.6,2.0,11.6
F,66,Bob Gross,72,30.0,12.7,5.3,10.0,52.9,-,-,-,2.1,2.6,80.0,2.5,3.1,5.6,3.5,1.4,0.7,2.5,16.2
G,67,Steve Hawes,75,31.0,12.7,5.2,11.4,45.3,-,-,-,2.3,2.9,81.8,2.4,6.8,9.2,2.5,1.0,0.8,2.0,17.5
F,68,Robert Parish,82,24.0,12.5,5.2,11.1,47.2,-,-,-,2.0,3.2,62.5,2.6,5.7,8.3,1.2,1.0,1.5,2.5,14.9
F,69,Elmore Smith,81,24.6,12.5,5.0,10.0,49.7,-,-,-,2.5,3.8,66.3,2.2,6.2,8.4,0.7,0.6,2.2,1.7,16.3
C,70,M.L. Carr,79,32.4,12.4,4.9,10.8,45.5,-,-,-,2.5,3.4,73.8,2.6,4.5,7.1,2.3,1.9,0.3,2.7,14.5
G,71,John Lucas,82,35.8,12.4,5.0,11.5,43.5,-,-,-,2.4,3.0,77.2,0.6,2.5,3.1,9.4,2.0,0.1,2.6,17.1
F,72,Austin Carr,82,26.7,12.3,5.0,11.5,43.8,-,-,-,2.2,2.7,81.3,0.9,1.4,2.3,2.7,0.8,0.2,1.8,9.6
C,73,Ron Lee,82,23.5,12.2,5.1,11.6,43.9,-,-,-,2.1,2.8,74.6,1.2,1.9,3.1,3.7,2.7,0.2,2.7,12.1
F,74,Aaron James,80,26.5,12.2,5.4,10.8,49.7,-,-,-,1.5,2.0,74.5,2.0,3.2,5.3,1.4,0.5,0.3,1.6,12.0
C,75,Lucius Allen,77,27.9,11.9,4.8,11.0,44.1,-,-,-,2.3,2.9,79.1,0.9,2.1,3.0,4.7,1.2,0.4,2.8,11.6
G,76,Darryl Dawkins,70,24.6,11.7,4.7,8.2,57.5,-,-,-,2.2,3.1,70.9,1.7,6.3,7.9,1.2,0.5,1.8,1.8,17.0
G,77,Tom Henderson,75,30.9,11.4,4.5,10.5,43.2,-,-,-,2.4,3.2,74.6,0.9,1.7,2.6,5.4,1.2,0.2,2.6,11.5
F,78,Sonny Parker,82,25.2,11.4,5.0,9.5,51.9,-,-,-,1.5,2.1,70.5,2.0,2.7,4.7,1.9,1.6,0.4,1.6,13.3
F,79,Bob Wilkerson,81,34.3,11.4,4.7,11.6,40.8,-,-,-,1.9,2.6,74.8,1.2,4.6,5.9,5.4,1.6,0.3,3.6,13.3
F,80,Charlie Criss,77,25.1,11.4,4.1,9.8,42.5,-,-,-,3.1,3.8,79.7,0.3,1.3,1.6,3.8,1.4,0.1,1.9,9.9
G-F,81,Leon Douglas,79,25.2,10.9,4.1,8.4,48.1,-,-,-,2.8,4.4,64.1,2.3,5.1,7.4,1.4,0.7,0.6,2.5,12.6
G-F,84,Jack Sikma,82,27.3,10.7,4.2,9.2,45.5,-,-,-,2.3,3.0,77.7,2.4,5.9,8.3,1.6,0.8,0.5,2.3,14.0
G,85,Johnny Davis,82,26.7,10.7,4.2,9.2,45.4,-,-,-,2.3,2.8,82.8,0.8,1.3,2.1,2.6,1.0,0.2,1.8,9.2
F,86,Dwight Jones,82,30.2,10.6,4.2,9.5,44.5,-,-,-,2.2,2.8,77.7,2.6,5.2,7.8,1.3,0.9,0.5,2.0,13.3
C,88,Chris Ford,82,31.5,10.5,4.6,9.5,48.1,-,-,-,1.4,1.9,73.4,1.4,1.8,3.3,4.6,2.0,0.2,2.8,12.4
G,89,Eddie Johnson,79,23.7,10.5,4.2,8.7,48.4,-,-,-,2.1,2.5,81.6,0.6,1.3,1.9,3.0,1.3,0.1,2.1,9.6
F-C,90,Kevin Kunnert,80,26.9,10.4,4.6,10.5,43.7,-,-,-,1.2,1.7,68.9,3.3,5.4,8.7,1.2,0.6,1.1,1.8,13.7
G,91,Bingo Smith,82,19.3,10.3,4.5,10.2,43.9,-,-,-,1.3,1.6,80.0,0.8,1.7,2.5,1.1,0.5,0.3,1.0,7.6
F,92,John Mengelt,81,21.8,10.3,4.0,8.3,48.1,-,-,-,2.3,2.9,77.3,0.5,1.1,1.6,2.9,0.6,0.0,1.5,8.9
C,93,Rich Kelley,82,25.8,10.2,3.7,7.3,50.5,-,-,-,2.7,3.5,77.9,3.0,6.2,9.3,2.8,1.1,1.6,2.7,17.8
C,94,Tom Owens,82,20.9,10.1,3.8,7.8,49.0,-,-,-,2.5,3.4,74.1,2.4,4.2,6.6,2.0,0.4,0.5,1.9,12.8
G-F,95,Bill Robinzine,82,21.3,10.0,3.7,8.3,45.1,-,-,-,2.5,3.3,76.0,2.1,4.5,6.6,0.9,0.9,0.1,2.1,11.0
F,97,Armond Hill,82,30.9,9.7,3.7,8.9,41.5,-,-,-,2.3,2.7,84.8,0.7,2.1,2.8,5.2,1.8,0.2,2.9,11.2
G,98,Alex English,82,18.9,9.6,4.2,7.7,54.2,-,-,-,1.3,1.7,72.7,1.8,3.1,4.8,1.6,0.5,0.7,1.7,11.5
C,99,Anthony Roberts,82,19.5,9.5,3.8,9.0,42.3,-,-,-,1.9,2.6,72.2,1.6,2.6,4.3,1.3,0.5,0.1,1.4,8.2
G,100,Butch Beard,79,25.1,9.4,3.9,7.8,50.2,-,-,-,1.6,2.0,80.6,1.0,2.4,3.3,4.3,1.5,0.0,1.9,12.4
F-G,101,Jim McElroy,74,23.8,9.4,3.9,8.2,47.3,-,-,-,1.7,2.3,73.7,0.6,1.4,2.0,3.9,0.8,0.5,1.9,9.8
G,102,Ray Williams,81,19.1,9.3,3.8,8.5,44.3,-,-,-,1.8,2.6,70.5,1.0,1.5,2.6,4.5,1.3,0.2,3.0,9.4
F-C,103,Quinn Buckner,82,25.3,9.3,3.8,8.2,46.8,-,-,-,1.6,2.5,64.5,1.0,2.1,3.0,5.6,2.3,0.2,2.8,12.3
F,104,Steve Mix,82,22.2,9.2,3.5,6.8,52.0,-,-,-,2.1,2.7,79.5,1.2,2.5,3.6,2.1,1.1,0.0,1.6,10.6
G,105,Larry Wright,70,20.9,9.2,4.0,8.1,49.6,-,-,-,1.1,1.5,71.0,0.4,1.0,1.5,3.7,1.0,0.2,1.9,9.1
G-F,106,Lou Dampier,82,24.8,9.1,4.1,8.0,50.9,-,-,-,0.9,1.2,75.2,0.3,1.2,1.5,3.5,1.1,0.2,1.2,9.9
C,107,Mike Gale,70,29.9,9.1,3.9,8.3,47.3,-,-,-,1.2,1.4,87.0,0.8,2.4,3.2,5.4,2.3,0.4,2.5,13.2
G-F,108,Henry Bibby,82,30.7,9.1,3.5,8.0,43.4,-,-,-,2.1,2.7,78.1,0.8,2.3,3.1,5.7,1.1,0.1,1.9,12.0
C-F,109,Foots Walker,81,30.8,9.0,3.5,7.9,44.8,-,-,-,2.0,2.7,71.9,0.9,2.7,3.6,5.6,2.2,0.3,2.2,13.4
G,110,Dave Twardzik,75,24.3,8.9,3.2,5.5,59.2,-,-,-,2.4,3.1,78.2,0.5,1.3,1.8,3.3,1.4,0.1,2.1,10.4
C,112,Clifford Ray,79,28.7,8.8,3.4,6.0,57.1,-,-,-,1.9,3.1,60.9,3.0,6.6,9.6,1.9,0.9,1.1,1.9,16.6
F,114,George Johnson,81,29.8,8.7,3.5,8.9,39.5,-,-,-,1.6,2.3,71.9,3.0,6.6,9.6,1.4,1.0,3.4,2.7,15.3
F,115,Sam Lacey,77,27.7,8.6,3.4,7.7,44.9,-,-,-,1.7,2.4,71.7,2.0,6.3,8.3,3.9,1.6,1.4,2.4,16.5
F-G,116,Tom Burleson,76,20.1,8.6,3.0,6.9,43.4,-,-,-,2.6,3.3,79.4,2.2,4.1,6.3,1.7,0.8,1.1,1.6,12.3
G,117,Jim McMillian,81,24.4,8.5,3.6,7.7,46.2,-,-,-,1.4,1.7,85.8,1.0,2.6,3.6,2.5,0.9,0.2,1.3,10.1
G,118,Ollie Johnson,82,20.8,8.5,3.6,7.5,47.2,-,-,-,1.4,1.6,85.4,1.1,2.1,3.2,1.5,1.0,0.4,1.3,9.0
C-F,119,John Gianelli,82,28.4,8.5,3.7,7.7,48.8,-,-,-,1.0,1.5,64.2,2.0,4.2,6.2,2.3,0.7,1.1,1.8,12.5
G,120,Don Buse,82,31.1,8.4,3.5,7.6,45.8,-,-,-,1.4,1.7,82.4,0.7,2.3,3.0,4.8,2.3,0.2,1.5,12.7
G,121,Mark Olberding,79,22.4,8.2,2.9,6.1,48.1,-,-,-,2.3,2.9,81.1,1.3,3.4,4.7,1.7,0.6,0.3,1.5,10.3
G-F,122,Allan Bristow,82,18.1,8.1,3.1,6.6,47.8,-,-,-,1.9,2.5,73.1,1.2,1.9,3.1,2.4,0.8,0.0,1.8,8.6
F,125,Bruce Seals,73,18.1,7.8,3.2,7.5,41.7,-,-,-,1.5,2.4,63.4,0.8,2.2,3.1,1.1,0.6,0.5,1.4,6.4
F-C,126,Garfield Heard,80,26.2,7.8,3.3,7.8,42.4,-,-,-,1.1,1.8,61.2,2.1,6.1,8.2,1.7,1.6,1.3,1.5,13.7
F,127,Don Ford,79,24.6,7.7,3.4,7.3,47.2,-,-,-,0.9,1.1,75.6,1.3,3.1,4.5,1.8,0.9,0.6,1.1,10.2
G,129,Tree Rollins,80,22.4,7.6,3.2,6.5,48.7,-,-,-,1.3,1.9,70.3,2.2,4.7,6.9,1.0,0.7,2.7,1.5,13.6
G-F,130,Wes Unseld,80,33.1,7.6,3.2,6.1,52.3,-,-,-,1.2,2.2,53.8,3.6,8.4,11.9,4.1,1.2,0.6,2.2,19.3
G,132,Coby Dietrick,79,23.7,7.5,3.2,6.9,46.0,-,-,-,1.1,1.4,78.1,0.9,3.6,4.5,2.7,1.0,0.7,1.8,10.6
F-C,134,Cedric Maxwell,72,16.8,7.3,2.4,4.4,53.8,-,-,-,2.6,3.5,75.2,1.9,3.3,5.3,0.9,0.7,0.7,1.7,10.4
F,134,Norm Van Lier,78,32.4,7.3,2.6,6.1,41.9,-,-,-,2.2,2.9,75.1,1.1,2.5,3.6,6.8,1.8,0.1,2.6,12.8
F,136,John Brown,75,21.3,7.3,2.6,5.4,47.4,-,-,-,2.2,2.7,82.5,1.8,2.2,4.0,1.4,0.7,0.1,1.5,8.7
F,137,Robert Reid,80,23.1,7.3,3.3,7.2,45.5,-,-,-,0.8,1.2,65.6,1.4,3.1,4.5,1.5,0.8,0.6,1.0,9.5
G,138,Chuck Williams,73,27.4,7.3,2.8,6.0,47.7,-,-,-,1.6,1.9,82.6,0.4,1.5,1.9,4.3,0.7,0.1,2.1,8.6
F-C,139,Ernie Grunfeld,73,17.3,6.9,2.8,6.3,44.3,-,-,-,1.3,2.0,65.7,1.0,1.7,2.7,2.0,0.7,0.3,1.3,7.0
G,140,Wil Jones,79,21.7,6.8,2.9,6.5,44.0,-,-,-,1.1,1.5,70.6,1.3,2.9,4.2,1.5,0.9,0.5,1.7,8.1
F-G,141,Tom Abernethy,73,18.0,6.8,2.8,5.5,49.8,-,-,-,1.2,1.5,82.0,1.4,2.2,3.6,1.4,0.8,0.3,0.7,9.1
F,142,Jim Cleamons,79,25.4,6.5,2.7,5.7,48.0,-,-,-,1.0,1.3,78.6,0.9,1.8,2.7,3.6,0.9,0.2,1.4,9.2
F-G,143,E.C. Coleman,72,25.0,6.4,2.9,6.2,47.5,-,-,-,0.6,0.8,72.7,1.6,3.6,5.2,1.4,0.9,0.3,1.3,9.5
F-C,144,Toby Knight,80,14.6,6.3,2.8,5.8,47.7,-,-,-,0.8,1.2,64.9,1.5,2.5,4.0,0.5,0.6,0.4,1.2,7.1
G,146,Alvin Scott,81,19.0,6.1,2.2,4.6,48.8,-,-,-,1.6,2.4,69.1,1.7,2.7,4.4,1.1,0.6,0.5,1.0,8.6
G,147,Mack Calvin,77,12.8,6.1,1.9,4.3,44.1,-,-,-,2.2,2.7,84.0,0.1,0.9,1.1,1.9,0.6,0.1,1.4,5.5
G,148,Joe Bryant,81,15.3,6.1,2.3,5.4,43.6,-,-,-,1.4,1.8,77.1,1.3,2.2,3.5,1.6,0.7,0.3,1.4,7.2
F,150,Paul Silas,82,26.5,5.8,2.2,5.7,39.7,-,-,-,1.3,2.3,58.6,3.5,4.6,8.1,1.8,0.8,0.2,1.9,10.5
C,151,Caldwell Jones,80,20.5,5.4,2.1,4.5,47.1,-,-,-,1.2,1.9,62.7,2.1,5.1,7.1,1.2,0.3,1.6,1.6,10.9
G,152,Paul Griffin,82,22.6,5.3,2.0,4.4,44.7,-,-,-,1.4,1.9,71.3,1.9,4.3,6.2,2.1,1.1,0.5,1.8,10.4
F,153,Corky Calhoun,79,17.3,5.3,2.2,4.6,47.9,-,-,-,0.8,1.0,86.8,0.9,1.8,2.7,1.1,0.5,0.2,0.8,6.5
G,154,Charles Dudley,78,21.3,5.0,1.6,3.2,51.0,-,-,-,1.8,2.5,70.8,1.1,2.6,3.7,5.2,0.9,0.0,2.1,10.5
F-G,155,Jim Brewer,80,22.5,5.0,2.2,4.9,44.9,-,-,-,0.6,1.3,46.0,2.3,3.9,6.2,1.2,0.8,0.6,1.3,9.1
C,156,Greg Ballard,76,12.3,4.9,1.9,4.4,42.5,-,-,-,1.2,1.5,77.2,1.3,2.2,3.5,0.8,0.4,0.2,0.8,6.1
F,157,John Kuester,78,15.6,4.8,1.9,4.1,45.5,-,-,-,1.1,1.3,82.9,0.2,1.2,1.5,3.2,0.7,0.0,1.2,6.6
F,158,Glen Gondrezick,72,14.1,4.8,1.8,4.7,38.6,-,-,-,1.2,1.7,68.6,1.3,2.2,3.5,1.2,0.8,0.3,1.1,5.9
F-G,159,Lloyd Walton,76,16.6,4.8,2.0,4.5,44.8,-,-,-,0.7,1.1,65.1,0.3,0.7,1.0,3.3,1.0,0.2,1.4,6.0
F,160,Mike Bratz,80,11.7,4.7,2.0,4.9,40.3,-,-,-,0.7,0.9,82.4,0.5,0.9,1.4,1.5,0.5,0.1,1.1,4.0
F,161,Rickey Green,76,14.4,4.5,1.9,4.9,38.1,-,-,-,0.7,1.2,60.0,0.6,0.9,1.5,2.0,0.8,0.0,1.0,4.2
F,162,Bo Ellis,78,15.6,4.3,1.7,4.1,41.6,-,-,-,0.9,1.3,69.2,1.5,2.4,3.9,0.9,0.6,0.6,1.3,6.3
G,164,Mike Flynn,71,13.5,4.2,1.7,3.8,44.9,-,-,-,0.8,1.4,56.7,0.7,1.0,1.6,2.0,0.6,0.1,1.1,4.8
G,165,John Lambert,76,14.1,4.1,1.9,4.4,42.3,-,-,-,0.4,0.6,56.3,1.6,2.6,4.3,0.5,0.4,0.7,0.8,6.2
F,166,Tom LaGarde,77,11.3,4.0,1.2,3.1,40.5,-,-,-,1.5,1.9,76.0,1.0,1.8,2.8,0.6,0.2,0.2,1.3,4.2
G,167,Dennis Awtrey,81,20.0,3.6,1.4,3.3,42.4,-,-,-,0.9,1.3,63.3,1.2,2.5,3.7,2.0,0.2,0.3,1.6,6.0
