pos,#,player,gp,min,pts,fgm,fga,fg%,3pm,3pa,3p%,ftm,fta,ft%,oreb,dreb,reb,ast,stl,blk,tov,eff
G,1,George Gervin,80,36.1,29.6,11.8,21.9,54.1,-,-,-,5.9,7.1,82.6,1.8,3.2,5.0,2.7,1.7,1.1,3.6,25.3
F-C,2,World Free,78,37.9,28.8,10.2,21.2,48.1,-,-,-,8.4,11.1,75.6,1.6,2.2,3.9,4.4,1.4,0.4,3.8,21.3
F-G,3,Marques Johnson,77,36.1,25.6,10.6,19.4,55.0,-,-,-,4.3,5.7,76.0,2.8,4.9,7.6,3.0,1.5,1.2,2.2,26.6
F,5,Moses Malone,82,41.3,24.8,8.7,16.2,54.0,-,-,-,7.3,9.9,73.9,7.2,10.5,17.6,1.8,1.0,1.5,4.0,32.6
G,6,David Thompson,76,35.1,24.0,9.1,17.8,51.2,-,-,-,5.8,7.7,75.3,1.4,2.2,3.6,3.0,0.9,1.1,2.4,19.6
F,7,Paul Westphal,81,32.6,24.0,9.9,18.5,53.5,-,-,-,4.2,5.0,83.7,0.4,1.5,2.0,6.5,1.4,0.3,2.9,21.9
G,8,Kareem Abdul-Jabbar,80,39.5,23.8,9.7,16.8,57.7,-,-,-,4.4,5.9,73.6,2.6,10.2,12.8,5.4,1.0,4.0,3.5,34.7
G,9,Artis Gilmore,82,39.8,23.7,9.2,16.0,57.5,-,-,-,5.3,7.2,73.9,3.6,9.1,12.7,3.3,0.6,1.9,3.8,29.8
F,10,Walter Davis,79,30.8,23.6,9.7,17.2,56.1,-,-,-,4.3,5.2,83.1,1.4,3.3,4.7,4.3,1.9,0.3,3.7,22.7
G,11,Julius Erving,78,35.9,23.1,9.2,18.7,49.1,-,-,-,4.8,6.4,74.5,2.5,4.7,7.2,4.6,1.7,1.3,4.0,22.7
G,12,John Drew,79,30.5,22.7,8.2,17.4,47.3,-,-,-,6.3,8.6,73.1,2.8,3.8,6.6,1.5,1.6,0.2,2.7,18.5
C,13,George McGinnis,76,33.6,22.6,7.9,16.8,47.4,-,-,-,6.7,10.1,66.5,3.4,8.0,11.4,3.7,1.7,0.7,4.6,23.3
G,14,John Williamson,74,33.1,22.2,8.6,18.5,46.5,-,-,-,5.0,5.9,85.4,0.7,1.9,2.6,3.4,1.2,0.2,3.1,15.8
G,15,Larry Kenon,81,36.4,22.1,9.2,18.3,50.4,-,-,-,3.6,4.3,84.5,3.2,6.5,9.8,4.1,1.9,0.2,3.7,24.7
G,16,Campy Russell,74,38.6,21.9,8.1,17.1,47.6,-,-,-,5.6,7.1,79.7,2.0,4.8,6.8,4.7,1.3,0.3,3.5,21.2
G,17,Elvin Hayes,82,37.9,21.8,8.8,18.0,48.7,-,-,-,4.3,6.5,65.4,3.8,8.3,12.1,1.7,0.9,2.3,2.9,24.6
F,18,Otis Birdsong,82,34.6,21.7,9.0,17.8,50.9,-,-,-,3.6,5.0,72.5,2.1,2.2,4.3,3.4,1.5,0.2,2.4,18.6
F,19,Bernard King,82,34.9,21.6,8.7,16.6,52.2,-,-,-,4.3,7.5,56.4,3.1,5.1,8.2,3.6,1.4,0.5,3.9,20.1
G,22,Randy Smith,82,37.9,20.5,8.5,18.6,45.5,-,-,-,3.6,4.4,81.3,1.2,2.4,3.6,4.8,2.2,0.1,3.1,17.0
C,23,Maurice Lucas,69,35.7,20.4,8.2,17.5,47.0,-,-,-,3.9,5.0,78.3,2.8,7.6,10.4,3.1,1.0,1.2,3.4,22.3
G,24,Bob Dandridge,78,33.7,20.4,8.1,16.2,49.9,-,-,-,4.2,5.1,82.5,1.4,4.3,5.7,4.7,0.9,0.7,2.8,20.6
F,25,Calvin Murphy,82,35.9,20.2,8.6,17.4,49.6,-,-,-,3.0,3.2,92.8,1.0,1.2,2.1,4.3,1.4,0.1,2.3,16.9
G,26,Brian Winters,79,32.6,19.8,8.4,17.0,49.3,-,-,-,3.0,3.5,85.6,0.6,1.6,2.2,4.8,1.1,0.5,3.3,16.0
F,27,Gus Williams,76,29.8,19.2,8.0,16.1,49.5,-,-,-,3.2,4.2,77.5,1.5,1.8,3.2,4.0,2.1,0.4,2.5,17.3
G,28,Rudy Tomjanovich,74,35.7,19.0,8.4,16.2,51.7,-,-,-,2.3,3.0,76.0,2.3,5.4,7.7,1.9,0.6,0.2,1.9,19.0
G,29,Cedric Maxwell,80,37.1,19.0,5.9,10.1,58.4,-,-,-,7.2,9.0,80.2,3.4,6.5,9.9,2.9,1.2,0.9,3.4,24.5
F,30,M.L. Carr,80,40.1,18.7,7.3,14.3,51.4,-,-,-,4.0,5.4,74.3,2.7,4.6,7.4,3.3,2.5,0.6,3.2,20.9
G,31,Jamaal Wilkes,82,35.5,18.6,7.6,15.1,50.4,-,-,-,3.3,4.4,75.1,2.0,5.4,7.4,2.8,1.6,0.3,2.7,19.4
F,32,Tom Owens,82,34.0,18.5,7.3,13.4,54.8,-,-,-,3.9,4.9,79.4,3.2,5.8,9.0,3.7,0.7,0.7,3.0,22.6
C,33,Scott Wedman,73,34.2,18.3,7.7,14.4,53.4,-,-,-,3.0,3.7,79.7,1.8,3.4,5.3,2.0,1.0,0.4,1.5,18.1
G,34,Johnny Davis,79,37.6,18.3,7.2,15.7,45.6,-,-,-,4.0,5.0,79.3,0.9,1.5,2.4,5.7,1.2,0.3,2.7,15.6
G,35,Alvan Adams,77,30.7,17.8,7.4,13.9,53.0,-,-,-,3.0,3.8,79.9,2.9,6.3,9.2,4.7,1.4,0.8,3.6,22.9
G-F,36,Ricky Sobers,81,34.9,17.3,6.8,14.7,46.3,-,-,-,3.7,4.2,88.2,1.5,2.3,3.7,5.6,1.7,0.3,3.8,16.4
F,37,Ray Williams,81,29.3,17.3,7.1,15.5,45.7,-,-,-,3.1,3.9,80.2,1.3,2.3,3.6,6.2,1.6,0.2,3.5,16.2
F,38,Robert Parish,76,31.7,17.2,7.3,14.6,49.9,-,-,-,2.6,3.7,69.8,3.5,8.6,12.1,1.5,1.3,2.9,3.1,23.4
C-F,39,Norm Nixon,82,38.4,17.1,7.6,14.0,54.2,-,-,-,1.9,2.5,77.5,0.6,2.2,2.8,9.0,2.5,0.2,2.8,21.8
G,40,Dan Issel,81,33.9,17.0,6.6,12.7,51.7,-,-,-,3.9,5.2,75.4,3.0,6.1,9.1,3.1,0.8,0.6,2.1,21.1
F-G,41,Austin Carr,82,33.1,17.0,6.7,14.2,47.5,-,-,-,3.6,4.4,81.6,1.9,1.6,3.5,2.6,0.9,0.2,2.1,13.9
G,42,Jim McElroy,79,34.2,16.9,6.8,13.9,49.1,-,-,-,3.3,4.3,76.2,0.8,1.9,2.7,5.7,1.9,0.6,3.0,16.8
C,43,James Edwards,82,31.0,16.7,6.5,13.0,50.1,-,-,-,3.6,5.4,67.6,2.2,6.3,8.5,1.1,0.7,1.3,2.0,18.1
G-F,44,Toby Knight,82,32.5,16.6,7.4,14.3,51.9,-,-,-,1.8,2.5,70.4,2.5,4.2,6.7,1.5,0.7,0.7,2.0,16.7
G,45,Reggie Theus,82,33.6,16.3,6.5,13.6,48.0,-,-,-,3.2,4.2,76.1,1.1,1.7,2.8,5.2,1.1,0.2,3.7,13.9
C,46,John Lucas,82,37.7,16.1,6.5,14.0,46.2,-,-,-,3.2,3.9,82.2,0.8,2.2,3.0,9.3,1.9,0.1,3.1,19.1
F-C,47,John Long,82,30.5,16.1,7.1,15.1,46.9,-,-,-,1.9,2.3,82.6,1.5,1.7,3.2,1.5,1.2,0.2,1.7,12.2
F,48,Alex English,81,33.3,16.0,7.0,13.6,51.1,-,-,-,2.1,2.8,75.2,3.1,5.0,8.1,3.3,0.9,1.0,2.4,19.5
F,49,James Silas,79,27.5,16.0,5.9,11.7,50.5,-,-,-,4.2,5.1,83.1,0.4,1.9,2.3,3.5,1.0,0.3,2.5,13.9
G,50,Eddie Johnson,78,30.9,16.0,6.4,12.6,51.0,-,-,-,3.1,3.7,83.2,0.8,1.3,2.2,4.6,1.6,0.1,2.7,14.9
F-G,51,Phil Ford,79,34.5,15.9,5.9,12.7,46.5,-,-,-,4.1,5.1,81.3,0.4,1.9,2.3,8.6,2.2,0.1,4.1,17.3
G-F,52,Dennis Johnson,80,34.0,15.9,6.0,13.9,43.4,-,-,-,3.8,4.9,78.1,1.8,2.9,4.7,3.5,1.3,1.2,2.4,15.2
F-G,53,Rich Kelley,80,33.8,15.7,5.5,10.9,50.6,-,-,-,4.7,5.7,81.4,3.8,9.0,12.8,3.6,1.6,2.1,3.6,25.7
G,54,Jack Sikma,82,36.1,15.6,5.8,12.6,46.0,-,-,-,4.0,4.9,81.4,2.8,9.5,12.4,3.2,1.0,0.8,3.1,22.2
G,55,Junior Bridgeman,82,23.9,15.5,6.6,13.0,50.6,-,-,-,2.3,2.8,82.9,1.4,2.2,3.6,2.0,1.1,0.5,1.7,14.1
F,56,Mickey Johnson,82,31.6,15.4,6.0,13.5,44.9,-,-,-,3.3,4.0,83.0,2.4,5.3,7.6,4.6,1.1,0.7,3.8,17.6
C,58,Kevin Porter,82,37.4,15.4,6.5,13.5,48.1,-,-,-,2.3,3.2,72.2,0.8,1.8,2.5,13.4,1.9,0.1,4.1,21.3
F,59,Dan Roundfield,80,31.7,15.3,5.8,11.5,50.4,-,-,-,3.8,5.3,71.4,4.1,6.7,10.8,1.6,1.1,2.2,2.6,21.3
G,60,Sonny Parker,79,36.6,15.2,6.5,12.9,50.2,-,-,-,2.2,2.8,78.8,2.1,3.5,5.6,3.7,1.8,0.4,2.4,17.3
G-F,62,Mychal Thompson,73,29.4,14.7,6.3,12.8,49.0,-,-,-,2.1,3.7,57.2,2.7,5.6,8.3,2.4,0.9,1.8,2.8,17.2
F,63,Mike Bantom,81,31.2,14.7,6.0,12.8,46.5,-,-,-,2.8,4.2,67.2,2.8,5.2,8.0,2.8,1.2,0.8,2.4,16.9
F,65,Fred Brown,77,25.5,14.0,5.8,12.4,46.9,-,-,-,2.4,2.7,88.8,0.5,1.7,2.2,3.4,1.5,0.3,2.1,12.4
C,66,Nick Weatherspoon,82,32.2,13.8,5.8,12.2,48.0,-,-,-,2.1,2.9,73.9,2.2,3.4,5.5,1.6,1.0,0.5,2.2,13.1
F,67,Rick Barry,80,32.1,13.5,5.8,12.5,46.1,-,-,-,2.0,2.1,94.7,0.5,3.0,3.5,6.3,1.2,0.5,2.5,15.6
G,68,Lonnie Shelton,76,28.4,13.5,5.9,11.3,51.9,-,-,-,1.7,2.5,69.3,2.4,3.8,6.2,1.4,1.0,1.0,2.5,14.4
F,69,Jim Chones,82,34.8,13.4,5.8,13.1,44.0,-,-,-,1.9,2.6,73.5,3.2,7.1,10.3,2.2,0.6,1.2,2.3,17.4
F,70,Bill Robinzine,82,26.6,13.4,5.6,10.2,54.8,-,-,-,2.2,3.0,73.2,2.7,5.1,7.8,1.3,1.3,0.2,2.2,16.3
C,71,Ron Brewer,81,30.3,13.3,5.4,10.8,49.4,-,-,-,2.6,3.2,82.0,1.1,1.7,2.8,2.0,1.3,1.0,1.9,12.5
G,72,Darryl Dawkins,78,26.1,13.1,5.5,10.7,51.7,-,-,-,2.0,3.0,67.2,1.6,6.5,8.1,1.6,0.4,1.8,2.5,16.4
F,73,Terry Tyler,82,31.2,12.9,5.6,11.5,48.2,-,-,-,1.8,2.7,65.8,2.6,5.3,7.9,1.1,1.3,2.5,1.7,17.0
C,74,Gail Goodrich,74,28.8,12.7,5.2,11.5,44.9,-,-,-,2.4,2.8,85.3,0.9,1.6,2.5,4.8,1.2,0.2,2.5,12.1
F,75,Wilbur Holland,82,30.3,12.6,5.4,11.5,47.3,-,-,-,1.7,2.1,80.1,1.0,2.1,3.1,4.0,1.5,0.1,2.3,12.6
C,77,Eddie Jordan,82,27.6,12.4,4.9,11.7,41.8,-,-,-,2.6,3.3,77.7,0.9,1.7,2.6,4.5,2.5,0.5,3.0,11.9
G,78,Kent Benson,82,26.0,12.3,5.0,9.7,51.8,-,-,-,2.2,3.0,73.5,2.3,4.8,7.1,2.5,1.1,1.0,1.9,16.6
G,79,Henry Bibby,82,31.0,12.2,4.5,10.6,42.3,-,-,-,3.2,4.1,79.4,0.9,2.1,3.0,4.5,0.9,0.1,2.4,11.3
F,80,Bobby Jones,80,28.8,12.1,4.7,8.8,53.7,-,-,-,2.6,3.5,75.5,2.5,4.2,6.6,2.5,1.3,1.2,2.1,16.8
F,82,Charlie Scott,79,33.1,12.0,5.0,10.8,46.0,-,-,-,2.0,2.7,74.9,0.7,2.0,2.7,5.4,1.0,0.4,3.2,11.7
F,83,Billy Paultz,79,26.9,11.5,5.1,9.6,52.6,-,-,-,1.4,2.5,58.8,2.1,5.8,7.9,2.3,0.4,1.6,2.0,16.2
G-F,84,Leon Douglas,78,28.4,11.4,4.4,8.9,49.0,-,-,-,2.7,4.2,63.4,3.2,5.3,8.5,0.9,0.5,0.7,2.4,13.6
G-F,85,Bob Wilkerson,80,30.3,11.4,5.0,10.9,45.6,-,-,-,1.5,2.2,68.8,1.3,3.9,5.2,3.6,1.5,0.3,2.5,12.8
G,86,Kermit Washington,82,33.7,11.3,4.3,7.6,56.2,-,-,-,2.8,4.0,68.8,3.6,6.1,9.8,1.5,1.0,1.5,2.3,18.3
F,87,Bingo Smith,72,22.9,11.2,5.0,10.9,46.0,-,-,-,1.2,1.5,78.3,1.1,1.8,2.9,1.7,0.6,0.1,1.0,9.2
C,88,John Mengelt,75,22.7,11.0,4.5,9.2,49.1,-,-,-,2.0,2.4,82.4,0.3,1.2,1.6,2.5,0.6,0.1,1.6,9.0
G,89,John Johnson,82,29.1,11.0,4.3,10.0,43.4,-,-,-,2.3,3.0,76.0,1.5,3.5,5.0,4.4,0.7,0.3,3.1,11.9
F-C,90,Wes Unseld,77,31.2,10.9,4.5,7.8,57.7,-,-,-,2.0,3.1,64.3,3.6,7.2,10.8,4.1,0.9,0.5,2.0,20.8
G,91,Robert Reid,82,27.5,10.9,4.7,9.5,49.2,-,-,-,1.6,2.3,70.4,1.6,4.3,5.9,2.8,0.9,0.6,1.6,14.0
F,92,Tom Henderson,70,29.7,10.8,4.3,9.2,46.6,-,-,-,2.2,2.8,80.0,0.7,1.6,2.3,6.0,1.2,0.1,2.1,12.9
C,93,Swen Nater,79,25.4,10.7,4.5,7.9,56.9,-,-,-,1.7,2.1,80.0,2.8,6.1,8.9,1.8,0.5,0.4,2.2,16.2
C,94,Mike Mitchell,80,19.7,10.7,4.5,8.8,51.3,-,-,-,1.6,2.2,73.6,1.6,2.5,4.1,0.8,0.6,0.4,1.3,10.4
G-F,95,Tom Boswell,79,27.9,10.6,4.1,7.6,53.2,-,-,-,2.5,3.6,69.7,3.1,3.7,6.8,3.1,0.6,0.6,2.3,14.8
F,96,Purvis Short,75,22.7,10.6,4.9,10.3,47.9,-,-,-,0.8,1.1,67.1,1.7,2.9,4.6,1.3,0.7,0.2,1.5,10.2
G,97,Sam Lacey,82,32.0,10.6,4.3,8.5,50.2,-,-,-,2.0,2.8,73.9,2.2,6.4,8.6,5.2,1.3,1.7,3.0,19.5
C,98,Steve Hawes,81,27.2,10.5,4.6,9.3,49.2,-,-,-,1.3,1.6,81.8,2.3,5.0,7.3,2.3,1.0,0.6,1.8,14.8
G,99,Freeman Williams,72,16.6,10.4,4.7,9.5,49.0,-,-,-,1.1,1.4,77.6,0.7,0.7,1.4,1.2,0.6,0.0,1.4,7.0
F-G,101,Ernie Grunfeld,82,21.7,10.3,4.0,8.1,49.3,-,-,-,2.3,3.1,76.1,1.5,2.9,4.4,2.6,0.7,0.2,1.7,11.7
G,102,Mike Newlin,76,24.1,10.2,3.7,7.6,48.7,-,-,-,2.8,3.2,87.2,0.7,1.6,2.2,3.8,0.7,0.1,2.3,10.5
F-C,103,Armond Hill,82,30.8,10.2,3.6,8.3,43.4,-,-,-,3.0,3.5,85.4,0.5,1.5,2.0,5.9,1.2,0.2,2.5,11.8
F,104,Aaron James,73,19.4,10.0,4.3,8.6,49.4,-,-,-,1.4,1.9,75.0,1.3,2.1,3.4,1.1,0.4,0.3,1.5,8.7
G,105,Lou Hudson,78,21.6,9.8,4.2,8.2,51.7,-,-,-,1.4,1.6,88.7,0.8,1.0,1.8,1.8,0.7,0.2,1.3,9.0
G-F,106,Sidney Wicks,79,25.6,9.8,3.9,8.6,46.2,-,-,-,1.9,2.9,65.0,2.0,3.1,5.1,1.6,0.9,0.5,2.3,9.9
C,107,Jim Cleamons,79,30.3,9.5,3.9,8.3,47.3,-,-,-,1.6,2.2,76.0,0.8,2.0,2.8,4.8,0.9,0.1,1.8,11.5
G-F,108,Mark Olberding,80,23.6,9.4,3.3,6.9,47.4,-,-,-,2.9,3.6,80.3,1.2,4.2,5.4,2.6,0.7,0.2,2.0,12.0
C-F,109,Steve Mix,74,17.1,9.3,3.6,6.7,53.8,-,-,-,2.2,2.7,80.1,1.5,2.5,4.0,1.6,0.8,0.2,1.4,10.9
G,110,Caldwell Jones,78,27.8,9.3,3.9,8.2,47.4,-,-,-,1.6,2.1,74.7,2.3,7.3,9.6,1.9,0.5,2.0,2.0,16.5
C,111,Larry Wright,73,22.7,9.3,3.8,8.1,46.9,-,-,-,1.7,2.3,74.4,0.7,1.3,1.9,4.1,0.9,0.2,1.6,9.9
F,113,Charlie Johnson,82,22.2,9.2,4.2,9.6,43.5,-,-,-,0.8,1.0,84.8,0.9,1.6,2.5,2.2,1.2,0.1,1.1,8.4
F,114,Ollie Johnson,71,24.4,9.2,4.0,7.6,52.0,-,-,-,1.2,1.5,80.0,0.8,2.4,3.2,2.3,0.8,0.5,1.6,10.3
F-G,115,Jeff Judkins,81,18.8,8.8,3.6,7.2,50.3,-,-,-,1.5,1.8,81.5,0.9,1.5,2.4,1.8,1.0,0.1,1.3,8.8
G,116,Tree Rollins,81,23.5,8.4,3.7,6.9,53.5,-,-,-,1.1,1.7,63.1,2.7,4.6,7.3,0.6,0.6,3.1,1.1,15.1
G,117,Maurice Cheeks,82,29.4,8.4,3.6,7.0,51.0,-,-,-,1.2,1.7,72.1,0.8,2.3,3.1,5.3,2.1,0.1,2.4,12.7
C-F,118,Nate Williams,81,16.0,8.3,3.5,7.0,50.1,-,-,-,1.3,1.4,87.2,0.8,1.7,2.6,0.8,0.7,0.1,1.1,7.5
G,119,Mike Bratz,77,16.8,8.1,3.1,6.9,45.4,-,-,-,1.8,2.2,81.8,0.7,1.1,1.8,2.3,0.8,0.1,1.8,7.2
G,120,Mark Landsberger,80,24.5,8.1,3.5,7.3,47.5,-,-,-,1.1,2.4,46.9,3.7,5.6,9.3,0.9,0.3,0.3,1.9,11.8
G-F,121,Mike Gale,82,25.9,8.0,3.5,7.5,46.4,-,-,-,1.1,1.3,84.3,0.5,1.8,2.3,4.6,1.9,0.5,1.9,11.1
F,122,Mike Dunleavy,74,20.1,8.0,2.9,5.7,50.6,-,-,-,2.1,2.5,86.4,0.4,1.4,1.7,4.4,0.8,0.1,1.8,10.0
F-C,124,Billy McKinney,78,15.9,7.8,3.1,6.1,50.3,-,-,-,1.7,2.1,79.6,0.3,0.8,1.1,3.2,0.7,0.0,1.6,7.9
F,125,Don Buse,82,31.0,7.8,3.5,7.0,49.5,-,-,-,0.9,1.1,76.9,0.5,2.1,2.6,4.3,1.9,0.2,1.2,11.9
G,126,Greg Ballard,82,18.9,7.8,3.2,6.8,46.5,-,-,-,1.5,2.1,69.2,1.7,3.7,5.5,1.4,0.7,0.4,1.2,10.3
G-F,127,Mike Glenn,75,15.6,7.8,3.5,6.5,54.1,-,-,-,0.8,0.8,90.5,0.4,0.7,1.1,1.8,0.5,0.1,0.9,7.3
G,129,Jack Givens,74,18.2,7.7,3.2,7.6,41.5,-,-,-,1.4,1.8,75.6,1.3,1.6,2.9,1.1,1.0,0.2,1.0,7.0
F-C,130,T.R. Dunn,80,22.9,7.7,3.1,6.9,44.8,-,-,-,1.5,2.0,77.2,1.8,2.5,4.3,1.3,1.1,0.3,1.2,9.2
F,131,Joe Bryant,70,15.2,7.6,2.9,6.8,42.9,-,-,-,1.8,2.4,72.4,1.4,2.3,3.7,1.5,0.7,0.1,1.6,7.4
F,132,Mike Green,76,21.6,7.5,3.1,6.3,49.3,-,-,-,1.3,1.9,70.1,1.7,2.9,4.7,1.5,0.5,1.6,1.2,10.9
F,133,Ron Boone,82,19.3,7.4,3.2,6.9,45.5,-,-,-,1.1,1.3,86.5,0.6,1.1,1.8,1.9,0.8,0.1,1.8,6.3
G,134,Kenny Carr,72,16.0,7.4,3.1,6.3,50.0,-,-,-,1.2,1.9,60.6,1.0,3.1,4.1,0.8,0.5,0.4,1.6,7.8
F-C,135,Larry Steele,72,20.7,7.2,2.8,6.7,42.0,-,-,-,1.6,1.9,82.4,0.8,1.6,2.4,2.0,1.0,0.1,1.3,7.2
G,136,Quinn Buckner,81,21.7,7.2,3.1,6.8,45.4,-,-,-,1.0,1.5,63.2,0.7,1.9,2.6,5.8,1.9,0.2,2.6,10.8
F-G,137,John Gianelli,82,25.1,7.1,3.1,6.4,48.6,-,-,-,0.9,1.2,70.6,1.5,3.5,5.0,2.0,0.5,0.7,1.3,10.3
F,138,Kevin Restani,81,19.7,7.1,3.2,6.5,49.5,-,-,-,0.6,0.9,69.9,1.7,3.0,4.8,1.5,0.4,0.3,1.2,9.3
F-G,139,Darnell Hillman,78,20.7,7.0,2.7,5.5,49.3,-,-,-,1.6,2.9,55.8,1.8,3.8,5.5,1.2,0.6,0.8,1.7,9.4
F-C,140,Tom McMillen,82,17.0,7.0,2.8,6.1,46.6,-,-,-,1.3,1.5,89.1,1.6,2.5,4.0,0.8,0.2,0.4,1.1,8.0
G,141,Clifford Ray,82,23.4,6.9,2.8,5.4,52.6,-,-,-,1.3,2.3,55.8,2.6,4.8,7.4,1.7,0.6,0.6,1.9,11.8
G,142,Jan Van Breda Kolff,80,25.0,6.7,2.5,5.3,46.3,-,-,-,1.8,2.3,79.8,1.4,3.4,4.8,2.3,1.1,0.9,1.7,10.8
G,143,Alvin Scott,81,21.4,6.7,2.6,4.9,53.5,-,-,-,1.5,2.1,71.4,1.3,3.2,4.4,1.6,1.0,0.8,1.2,10.4
F,144,Don Ford,79,19.5,6.7,2.9,5.7,50.7,-,-,-,0.9,1.1,80.9,1.1,2.3,3.4,1.3,0.6,0.3,1.2,8.1
C,145,Ben Poquette,76,17.6,6.7,2.6,6.1,42.7,-,-,-,1.5,1.9,78.2,1.3,3.1,4.4,0.8,0.5,1.3,0.9,8.9
G,146,George Johnson,78,26.4,6.6,2.6,6.2,42.7,-,-,-,1.3,1.8,76.1,2.6,5.3,7.9,1.1,0.9,3.2,2.3,13.5
F,147,Coby Dietrick,76,19.6,6.5,2.8,5.3,52.3,-,-,-,1.0,1.3,79.8,1.2,3.0,4.1,2.6,0.9,0.5,1.2,10.8
G,148,Micheal Ray Richardson,72,16.9,6.5,2.8,6.7,41.4,-,-,-,1.0,1.8,53.9,1.1,2.2,3.2,3.0,1.4,0.3,2.0,7.6
F-G,149,Kevin Kunnert,81,20.8,6.5,2.9,6.2,46.7,-,-,-,0.7,1.0,65.9,2.5,4.5,7.0,1.4,0.6,1.5,1.7,11.5
C,150,Robert Smith,82,18.0,6.4,2.2,5.3,42.2,-,-,-,1.9,2.2,88.3,0.5,1.3,1.8,2.5,0.7,0.2,1.2,7.1
F,151,Allan Bristow,74,17.9,6.4,2.4,4.8,49.2,-,-,-,1.7,2.0,83.2,1.1,2.3,3.3,3.1,0.8,0.2,1.5,9.6
F,152,Bob Nash,82,15.9,6.4,2.8,6.4,43.5,-,-,-,0.8,1.0,80.2,0.9,1.6,2.5,0.9,0.4,0.2,1.0,5.5
F-G,154,Tom Abernethy,70,17.4,6.0,2.5,4.9,51.5,-,-,-,1.0,1.3,74.5,1.1,2.0,3.1,1.1,0.6,0.2,0.5,7.8
F,155,Joel Kramer,82,17.1,5.9,2.2,4.5,48.9,-,-,-,1.5,2.1,71.0,1.6,2.5,4.1,1.1,0.5,0.3,1.2,7.9
F,156,Dwight Jones,81,15.0,5.7,2.2,4.9,45.8,-,-,-,1.2,1.6,72.7,1.4,2.7,4.0,0.7,0.4,0.3,1.3,6.8
F,157,Paul Silas,82,23.9,5.6,2.1,4.9,42.3,-,-,-,1.4,2.4,59.8,3.2,3.9,7.0,1.4,0.4,0.2,1.2,9.6
G,158,Jim Price,75,16.1,5.3,2.3,4.6,49.7,-,-,-,0.7,1.1,69.6,0.3,1.3,1.6,2.9,0.9,0.2,1.3,6.9
G,159,John Brown,77,16.4,5.0,2.0,4.1,47.9,-,-,-,1.1,1.3,85.7,1.1,2.0,3.1,1.4,0.2,0.1,1.2,6.4
F,160,Glen Gondrezick,75,21.4,5.0,2.1,4.3,49.4,-,-,-,0.7,1.3,56.7,2.0,3.7,5.7,1.4,1.3,0.2,1.3,9.6
G,161,Lloyd Walton,75,18.4,5.0,2.1,4.4,48.0,-,-,-,0.8,1.2,67.8,0.5,0.9,1.4,4.7,1.0,0.1,1.6,7.9
G,162,Dave Robisch,80,15.2,4.8,1.9,4.2,44.6,-,-,-,1.1,1.4,74.8,1.0,2.5,3.6,1.2,0.3,0.3,0.7,6.8
C,163,John Lambert,70,14.7,4.7,2.1,4.7,45.0,-,-,-,0.5,0.8,63.6,1.7,2.5,4.1,0.6,0.4,0.4,0.9,6.5
F,164,Corky Calhoun,81,16.4,4.7,1.9,4.1,45.7,-,-,-,0.9,1.1,83.7,0.8,2.1,2.9,1.3,0.5,0.2,0.7,6.5
F,165,Len Elmore,80,15.8,4.2,1.7,4.3,40.6,-,-,-,0.7,1.0,71.8,1.4,3.6,5.0,0.9,0.8,1.0,0.9,8.2
F,166,Bayard Forrest,75,16.6,4.0,1.6,3.6,43.4,-,-,-,0.8,1.5,53.9,1.5,2.7,4.2,2.2,0.4,0.5,1.4,7.1
F-C,167,Paul Griffin,77,18.2,3.9,1.4,2.9,47.5,-,-,-,1.2,1.9,61.9,1.6,3.4,5.1,1.8,0.7,0.5,1.5,8.2
G,168,Lou Dampier,70,10.9,3.9,1.8,3.6,49.0,-,-,-,0.4,0.6,74.4,0.2,0.7,0.9,1.8,0.5,0.1,0.6,4.7
G,169,Tim Bassett,82,18.4,3.9,1.4,3.8,37.1,-,-,-,1.1,1.6,67.9,2.1,3.0,5.1,1.2,0.5,0.4,1.3,6.9
F,171,Clemon Johnson,74,10.7,3.2,1.4,2.9,47.0,-,-,-,0.5,1.0,48.6,1.1,1.9,3.1,1.1,0.3,0.5,0.9,5.2
G,172,Kim Hughes,81,13.4,2.6,1.2,2.2,53.8,-,-,-,0.2,0.6,40.0,1.4,2.8,4.1,0.9,0.7,1.3,1.0,7.3
