pos,#,player,gp,min,pts,fgm,fga,fg%,3pm,3pa,3p%,ftm,fta,ft%,oreb,dreb,reb,ast,stl,blk,tov,eff
G,1,George Gervin,78,37.6,33.1,13.1,24.9,52.8,0.4,1.3,31.4,6.5,7.6,85.2,2.0,3.2,5.2,2.6,1.4,1.0,3.3,27.2
F-C,2,World Free,68,38.0,30.2,10.8,22.9,47.4,0.1,0.4,36.0,8.4,11.2,75.3,1.9,1.6,3.5,4.2,1.2,0.5,3.4,21.4
F-G,3,Adrian Dantley,68,39.3,28.0,10.7,18.6,57.6,0.0,0.0,0.0,6.5,7.7,84.2,2.7,4.9,7.6,2.8,1.4,0.2,3.4,27.5
F,4,Julius Erving,78,36.1,26.9,10.7,20.7,51.9,0.1,0.3,20.0,5.4,6.8,78.7,2.8,4.6,7.4,4.6,2.2,1.8,3.6,27.8
G,5,Moses Malone,82,38.3,25.8,9.5,18.9,50.2,0.0,0.1,0.0,6.9,9.5,71.9,7.0,7.5,14.5,1.8,1.0,1.3,3.7,28.7
F,6,Kareem Abdul-Jabbar,82,38.3,24.8,10.2,16.9,60.4,0.0,0.0,0.0,4.4,5.8,76.5,2.3,8.5,10.8,4.5,1.0,3.4,3.6,32.9
G,7,Dan Issel,82,35.8,23.8,8.7,17.3,50.5,0.0,0.1,33.3,6.3,8.1,77.5,2.9,5.9,8.8,2.4,1.1,0.7,2.0,24.3
G,8,Elvin Hayes,81,39.3,23.0,9.4,20.7,45.4,0.0,0.2,23.1,4.1,5.9,69.9,3.3,7.7,11.1,1.6,0.8,2.3,2.7,23.0
F,9,Otis Birdsong,82,35.2,22.7,9.5,18.9,50.5,0.1,0.4,27.8,3.5,5.0,69.4,2.1,2.0,4.0,2.5,1.7,0.3,2.2,18.0
G,10,Mike Mitchell,82,34.2,22.2,9.5,18.1,52.3,0.0,0.1,0.0,3.3,4.2,78.7,2.5,4.7,7.2,1.1,0.9,0.9,2.1,20.7
G,11,Gus Williams,82,36.2,22.1,9.0,18.7,48.2,0.1,0.4,19.4,4.0,5.1,78.8,1.5,1.8,3.4,4.8,2.4,0.5,2.2,20.3
C,12,Paul Westphal,82,32.5,21.9,8.4,16.1,52.5,0.3,1.1,28.0,4.7,5.4,86.2,0.6,1.7,2.3,5.1,1.5,0.4,2.5,20.2
G,13,Bill Cartwright,82,38.4,21.7,8.1,14.8,54.7,0.0,0.0,0.0,5.5,6.9,79.7,2.4,6.5,8.9,2.0,0.6,1.2,2.7,23.6
G,14,Marques Johnson,77,34.9,21.7,8.9,16.5,54.4,0.0,0.1,22.2,3.8,4.8,79.1,2.8,4.5,7.4,3.5,1.3,0.9,2.4,23.9
G,15,Walter Davis,75,30.8,21.5,8.8,15.5,56.3,0.0,0.1,0.0,4.0,4.9,81.9,1.0,2.6,3.6,4.5,1.5,0.3,3.2,20.5
G,16,Larry Bird,82,36.0,21.3,8.5,17.8,47.4,0.7,1.7,40.6,3.7,4.4,83.6,2.6,7.8,10.4,4.5,1.7,0.6,3.2,25.3
F,17,Mike Newlin,78,32.2,20.9,7.8,17.0,46.0,0.6,1.9,29.6,4.7,5.3,88.4,1.3,2.1,3.4,4.0,1.5,0.1,3.0,17.1
F,18,Ray Williams,82,31.5,20.9,8.4,16.9,49.6,0.1,0.5,18.9,4.1,5.2,78.7,1.8,3.2,5.0,6.2,2.0,0.3,3.1,21.8
G,19,Reggie Theus,82,36.9,20.2,6.9,14.3,48.3,0.3,1.3,26.7,6.1,7.3,83.8,1.7,2.3,4.0,6.3,1.4,0.2,4.2,19.4
C,20,Larry Kenon,78,35.9,20.1,8.3,17.1,48.5,0.0,0.1,11.1,3.5,4.4,78.3,3.3,6.6,9.9,3.0,1.4,0.2,3.0,21.9
G,21,Jamaal Wilkes,82,37.9,20.0,8.9,16.6,53.5,0.0,0.2,17.6,2.3,2.9,80.8,2.1,4.3,6.4,3.0,1.6,0.3,1.9,21.2
F,22,Calvin Murphy,76,35.2,20.0,8.2,16.7,49.3,0.0,0.3,4.0,3.6,4.0,89.7,0.9,1.1,2.0,3.9,1.9,0.1,2.1,16.9
G,24,John Drew,80,28.8,19.5,6.7,14.8,45.3,0.0,0.1,0.0,6.1,8.1,75.7,2.5,3.4,5.9,1.3,1.1,0.3,3.0,15.0
F,25,Toby Knight,81,36.4,19.1,8.3,15.6,52.9,0.0,0.0,0.0,2.6,3.2,80.8,2.5,3.6,6.1,1.9,1.4,1.1,2.0,19.6
G,26,Mickey Johnson,82,32.3,19.1,7.2,15.5,46.3,0.1,0.4,15.6,4.7,5.9,79.9,3.1,5.2,8.3,4.2,1.9,1.4,3.5,21.8
G,27,Dennis Johnson,81,36.3,19.0,7.1,16.8,42.2,0.1,0.7,20.7,4.7,6.0,78.0,2.1,3.0,5.1,4.1,1.8,1.0,2.8,17.2
F,28,Freeman Williams,82,25.8,18.6,7.9,16.4,48.0,0.5,1.6,32.8,2.4,2.9,81.5,1.3,1.1,2.3,2.0,0.9,0.1,2.1,12.8
G,29,Eddie Johnson,79,33.2,18.5,7.5,15.3,48.7,0.1,0.2,38.5,3.5,4.3,82.8,1.2,1.3,2.5,4.7,1.5,0.3,2.4,16.6
F,30,Magic Johnson,77,36.3,18.0,6.5,12.3,53.0,0.1,0.4,22.6,4.9,6.0,81.0,2.2,5.6,7.7,7.3,2.4,0.5,4.0,25.1
C,31,James Silas,77,29.8,17.7,6.7,13.0,51.4,0.0,0.1,0.0,4.4,5.0,88.7,0.6,1.6,2.2,4.5,0.8,0.2,2.5,16.0
G,32,Norm Nixon,82,39.3,17.6,7.6,14.7,51.6,0.0,0.1,12.5,2.4,3.1,77.9,0.6,2.2,2.8,7.8,1.8,0.2,3.5,18.9
G,33,Randy Smith,82,32.6,17.6,7.3,16.2,45.2,0.1,0.6,18.9,2.8,3.5,82.3,1.1,2.0,3.1,4.4,1.5,0.1,2.4,14.8
G-F,34,Junior Bridgeman,81,28.6,17.6,7.3,15.3,47.8,0.1,0.3,18.5,2.8,3.3,86.5,1.3,2.4,3.7,2.9,1.2,0.2,2.1,15.0
F,35,Truck Robinson,82,33.0,17.3,6.6,13.0,51.2,0.0,0.0,0.0,4.0,5.9,66.7,2.6,6.8,9.4,1.7,0.7,0.7,3.1,18.4
F,36,Robert Parish,72,29.4,17.0,7.1,14.0,50.7,0.0,0.0,0.0,2.8,3.9,71.5,3.4,7.4,10.9,1.7,0.8,1.6,3.1,20.8
C-F,37,Alex English,78,30.8,16.9,7.1,14.3,49.7,0.0,0.1,33.3,2.7,3.4,78.9,3.4,4.3,7.8,2.9,0.9,0.8,2.7,18.6
G,38,Cedric Maxwell,80,34.3,16.9,5.7,9.4,60.9,0.0,0.0,0.0,5.5,6.9,78.7,3.6,5.3,8.8,2.5,1.0,0.8,2.9,21.9
F-G,39,Dan Roundfield,81,32.0,16.5,6.2,12.4,49.9,0.0,0.0,0.0,4.1,5.7,71.0,3.6,6.7,10.3,2.3,1.2,1.7,2.9,21.3
G,40,Tom Owens,76,30.8,16.4,6.8,13.3,51.4,0.0,0.0,50.0,2.8,3.7,75.3,2.5,5.1,7.5,2.6,0.6,0.7,2.3,18.2
C,41,David Greenwood,82,34.0,16.3,6.1,12.8,47.4,0.0,0.1,14.3,4.1,5.1,81.0,2.7,6.7,9.4,2.2,0.7,1.6,2.6,20.0
G-F,42,Phil Ford,82,32.0,16.2,6.0,12.9,46.2,0.0,0.3,17.4,4.2,5.2,81.8,0.4,1.7,2.1,7.4,1.7,0.0,3.4,16.1
G,43,Brian Winters,80,32.8,16.2,6.7,14.0,47.9,0.5,1.3,37.3,2.3,2.7,86.0,0.6,2.2,2.8,4.5,1.3,0.4,2.3,15.1
C,44,Johnny Davis,82,35.5,15.9,6.0,14.1,42.8,0.0,0.5,9.5,3.7,4.3,86.4,1.2,1.5,2.8,5.4,1.3,0.3,2.5,14.5
F-C,45,James Edwards,82,28.2,15.7,6.4,12.6,51.2,0.0,0.0,0.0,2.8,4.1,68.1,2.2,4.9,7.0,1.5,0.7,1.3,1.6,17.2
F,46,Ron Brewer,82,34.3,15.7,6.7,14.4,46.4,0.1,0.4,18.8,2.2,2.7,84.0,0.7,2.0,2.6,2.6,1.2,0.6,2.0,12.5
F,47,Greg Ballard,82,29.7,15.6,6.6,13.4,49.5,0.2,0.6,34.0,2.1,2.8,75.3,2.9,4.9,7.8,1.9,1.1,0.4,1.6,17.7
G,48,Dave Robisch,82,32.6,15.3,6.0,11.5,52.0,0.0,0.0,0.0,3.4,4.0,84.2,2.7,5.3,8.0,2.3,0.6,0.6,1.7,19.1
F-G,49,Micheal Ray Richardson,82,37.3,15.3,6.1,13.0,47.2,0.3,1.3,24.5,2.7,4.1,66.0,1.8,4.7,6.6,10.1,3.2,0.4,4.4,23.0
G-F,50,Alvan Adams,75,28.9,14.9,6.2,11.7,53.1,0.0,0.0,0.0,2.5,3.1,79.7,2.1,6.0,8.1,4.3,1.4,0.7,2.9,20.5
F-G,51,Darryl Dawkins,80,31.8,14.7,6.2,11.8,52.2,0.0,0.1,0.0,2.4,3.6,65.3,2.5,6.2,8.7,1.9,0.6,1.8,2.9,17.9
G,53,Sonny Parker,82,34.7,14.7,5.9,12.0,48.9,0.0,0.0,0.0,2.9,3.7,78.5,2.0,3.6,5.7,3.1,2.1,0.4,2.0,17.0
G,54,Jack Sikma,82,34.1,14.3,5.7,12.1,47.5,0.0,0.0,0.0,2.9,3.6,80.5,2.4,8.7,11.1,3.4,0.8,0.9,2.5,21.1
F,55,Ricky Sobers,82,32.6,14.2,5.7,12.2,46.9,0.3,0.8,30.9,2.4,2.9,83.7,0.9,2.0,3.0,5.2,1.7,0.2,3.4,13.8
C,56,Nate Archibald,80,35.8,14.1,4.8,9.9,48.2,0.1,0.2,22.2,4.5,5.4,83.0,0.7,1.7,2.5,8.4,1.3,0.1,3.0,17.4
F,58,Bob Wilkerson,75,31.7,13.8,5.7,13.7,41.7,0.1,0.5,20.6,2.2,3.0,74.8,1.1,3.1,4.2,3.2,1.2,0.4,2.6,11.5
G,59,Lonnie Shelton,76,29.5,13.6,5.6,10.6,53.0,0.0,0.1,20.0,2.4,3.2,76.3,2.6,5.0,7.7,1.9,1.2,1.0,2.2,17.5
G-F,60,Cliff T. Robinson,70,23.7,13.6,5.6,11.9,46.9,0.0,0.1,25.0,2.4,3.5,69.4,2.5,4.7,7.2,1.4,0.9,0.5,2.0,14.2
F,61,Brian Taylor,78,35.3,13.5,5.4,11.5,46.7,1.2,3.1,37.7,1.7,2.1,80.2,1.0,1.4,2.4,4.3,1.9,0.3,1.8,14.1
F,62,Kermit Washington,80,33.2,13.4,5.3,9.5,55.3,0.0,0.0,0.0,2.9,4.5,64.2,4.1,6.5,10.5,2.1,0.9,1.6,2.1,20.6
C,63,Swen Nater,81,35.3,13.4,5.5,9.9,55.4,0.0,0.0,0.0,2.4,3.4,71.8,4.3,10.7,15.0,2.9,0.6,0.5,3.2,23.7
F,64,Eddie Jordan,82,32.4,13.3,5.3,12.4,43.0,0.1,0.6,25.0,2.5,3.1,77.9,0.8,2.5,3.3,6.8,2.7,0.3,3.1,15.5
G,65,Billy Knight,75,25.5,13.1,5.1,9.6,53.3,0.1,0.2,26.7,2.8,3.5,80.9,1.8,3.0,4.8,2.1,1.1,0.1,1.8,14.3
F,66,Robert Reid,76,30.3,13.0,5.5,11.3,48.7,0.0,0.0,0.0,2.0,2.7,73.6,1.8,4.0,5.8,3.2,1.7,0.8,2.2,15.8
F,67,Bobby Jones,81,26.2,13.0,4.9,9.2,53.2,0.0,0.0,0.0,3.2,4.1,78.1,1.9,3.7,5.6,1.8,1.3,1.5,1.8,16.1
C,68,John Lucas,80,34.5,12.6,4.9,10.4,46.7,0.2,0.5,28.6,2.8,3.6,76.8,0.8,2.0,2.8,7.5,1.7,0.0,2.3,16.0
G,70,Terry Tyler,82,32.6,12.3,5.2,11.3,46.5,0.0,0.1,16.7,1.7,2.3,76.5,2.8,4.9,7.6,1.6,1.3,2.7,2.1,16.8
F,71,Dave Meyers,79,27.9,12.1,5.1,10.5,48.1,0.0,0.1,20.0,2.0,3.1,63.4,1.8,3.9,5.7,2.8,0.9,0.5,2.3,13.1
C,72,Rick Barry,72,25.2,12.0,4.5,10.7,42.2,1.0,3.1,33.0,2.0,2.1,93.5,0.7,2.5,3.3,3.7,1.1,0.4,2.1,12.1
F,73,Fred Brown,80,21.3,12.0,5.1,10.5,47.9,0.5,1.1,44.3,1.4,1.7,83.7,0.4,1.5,1.9,2.2,0.8,0.2,1.3,10.1
C,74,Austin Carr,77,20.7,11.8,5.1,10.9,46.5,0.0,0.1,33.3,1.6,2.2,73.8,1.1,1.1,2.1,1.9,0.5,0.0,1.4,8.6
G,75,Mike Bantom,77,30.3,11.8,5.0,9.9,50.5,0.0,0.0,33.3,1.8,2.7,66.5,2.5,3.4,5.9,3.6,1.1,0.6,2.5,14.8
G,76,Kenny Carr,79,23.3,11.8,4.8,9.7,49.2,0.0,0.1,0.0,2.2,3.3,65.8,2.5,4.9,7.4,1.0,0.8,0.7,1.9,13.6
F,77,Allan Bristow,82,28.1,11.6,4.6,9.6,48.0,0.0,0.1,28.6,2.4,3.0,81.1,2.1,4.2,6.2,4.2,1.1,0.1,2.2,15.5
F,78,Steve Mix,81,19.0,11.6,4.5,8.7,51.6,0.0,0.1,40.0,2.6,3.1,83.1,1.4,2.2,3.6,1.8,0.8,0.1,1.6,11.6
F,79,Rick Robey,82,23.4,11.5,4.6,8.9,52.1,0.0,0.0,0.0,2.2,3.3,68.4,2.5,3.9,6.5,1.1,0.6,0.2,1.8,12.8
G-F,82,Bill Robinzine,81,23.7,11.4,4.5,8.9,50.1,0.0,0.0,50.0,2.5,3.4,73.0,2.3,4.2,6.5,0.8,1.3,0.3,1.8,13.1
G-F,83,Maurice Cheeks,79,33.2,11.4,4.5,8.4,54.0,0.1,0.1,44.4,2.3,2.9,77.9,0.9,2.5,3.5,7.0,2.3,0.4,2.7,17.4
G,84,John Roche,82,27.9,11.4,4.3,9.0,47.8,0.6,1.6,38.0,2.1,2.5,86.6,0.3,1.1,1.4,4.9,1.0,0.1,1.9,11.9
F,85,John Johnson,81,31.3,11.3,4.7,9.5,48.8,0.0,0.0,0.0,2.0,2.5,80.1,2.0,3.2,5.3,5.2,0.9,0.4,3.0,14.7
C,87,Chris Ford,73,29.0,11.2,4.5,9.7,46.5,1.0,2.2,42.7,1.2,1.6,75.4,1.1,1.4,2.5,2.9,1.5,0.4,1.4,11.5
G,88,M.L. Carr,82,24.3,11.1,4.4,9.3,47.4,0.1,0.5,29.3,2.2,2.9,73.9,1.3,2.7,4.0,1.9,1.5,0.4,1.7,11.6
F-C,89,Wayne Cooper,79,22.5,11.0,4.6,9.5,48.9,0.0,0.1,25.0,1.7,2.3,75.1,2.6,3.9,6.4,0.5,0.3,1.0,1.8,12.0
G,90,Allen Leavell,77,27.6,10.9,4.3,8.5,50.3,0.0,0.2,15.8,2.3,2.9,81.4,0.7,1.6,2.4,5.4,1.6,0.4,2.7,13.3
F,91,Kevin Restani,82,24.0,10.7,4.5,8.9,50.8,0.1,0.4,17.2,1.6,2.0,81.4,1.7,3.0,4.7,2.3,0.7,0.1,1.6,12.2
C,92,Jim Chones,82,29.2,10.6,4.5,9.3,48.9,0.0,0.0,0.0,1.5,2.1,74.0,1.7,5.1,6.9,1.8,0.7,0.8,2.1,13.4
C,93,Mark Olberding,75,28.1,10.6,3.9,8.1,47.8,0.0,0.0,0.0,2.8,3.5,79.5,1.1,4.5,5.6,4.4,0.9,0.3,2.4,14.3
G-F,94,George Johnson,75,25.8,10.2,4.1,8.7,47.6,0.0,0.1,22.2,2.0,2.5,78.3,2.5,5.3,7.8,2.1,1.1,0.9,2.0,15.1
F,95,Jojo White,78,26.3,9.9,4.3,9.1,47.6,0.0,0.1,16.7,1.2,1.5,85.1,0.5,1.8,2.3,3.1,1.1,0.2,2.0,9.6
G,96,Spencer Haywood,76,20.3,9.7,3.8,7.8,48.7,0.0,0.1,25.0,2.1,2.7,77.2,1.7,2.8,4.6,1.2,0.5,0.8,1.8,10.3
C,97,Wes Unseld,82,36.3,9.7,4.0,7.8,51.3,0.0,0.0,50.0,1.7,2.5,66.5,4.1,9.3,13.3,4.5,0.8,0.7,1.9,22.5
G,98,Abdul Jeelani,77,16.7,9.6,3.7,7.3,51.0,0.0,0.1,0.0,2.1,2.6,78.9,1.5,2.0,3.5,1.2,0.5,0.5,1.5,9.7
F-G,99,Kent Benson,73,25.9,9.6,4.1,8.5,48.4,0.0,0.1,20.0,1.4,1.9,70.2,1.7,4.5,6.2,2.4,1.0,1.3,2.2,13.4
G,100,Foots Walker,76,31.9,9.4,3.4,7.5,45.4,0.0,0.1,11.1,2.6,3.2,80.2,1.0,2.8,3.8,8.0,2.0,0.2,2.1,16.6
F-C,101,Joe Bryant,81,28.7,9.3,3.6,8.4,43.1,0.1,0.4,14.7,2.0,2.7,74.2,2.1,4.3,6.4,1.8,1.3,0.5,2.1,11.6
F,102,Steve Hawes,82,22.6,9.3,3.7,7.4,50.2,0.0,0.1,37.5,1.8,2.2,82.4,1.8,4.2,6.0,1.8,0.9,0.4,1.5,12.8
G,103,Sam Lacey,81,29.8,9.2,3.7,8.4,44.8,0.0,0.0,0.0,1.7,2.3,74.1,2.1,5.8,8.0,5.7,1.4,1.3,2.6,17.7
G-F,105,Henry Bibby,82,24.8,9.0,3.1,7.6,40.1,0.1,0.6,21.2,2.8,3.5,79.0,0.8,1.7,2.5,3.7,0.8,0.1,1.8,9.0
C,107,Ben Poquette,82,28.6,8.9,3.6,6.9,52.3,0.0,0.0,0.0,1.7,2.0,83.2,1.5,5.3,6.8,1.6,0.5,2.0,1.3,15.0
G-F,107,Tree Rollins,82,25.9,8.9,3.5,6.3,55.8,0.0,0.0,0.0,1.9,2.7,71.4,3.5,6.0,9.4,0.9,0.7,3.0,1.2,18.2
C-F,109,Michael Cooper,82,24.1,8.8,3.7,7.0,52.4,0.1,0.2,25.0,1.4,1.7,77.6,1.2,1.6,2.8,2.7,1.0,0.5,1.7,10.3
G,111,Mike Bratz,82,19.4,8.5,3.3,8.4,39.2,0.3,1.0,24.4,1.7,2.0,87.0,0.6,1.4,2.0,2.7,1.1,0.1,1.6,7.5
C,112,Sidney Moncrief,77,20.2,8.5,2.7,5.9,46.8,0.0,0.0,0.0,3.0,3.8,79.5,2.0,2.4,4.4,1.7,0.9,0.2,1.5,10.3
F,113,Dudley Bradley,82,24.7,8.4,3.4,7.4,45.2,0.0,0.1,40.0,1.7,2.1,78.2,0.8,1.9,2.7,3.1,2.6,0.6,2.0,10.8
F,114,Charlie Criss,81,22.1,8.3,3.1,7.1,43.1,0.0,0.2,5.9,2.1,2.6,81.1,0.3,1.1,1.4,3.0,0.9,0.0,1.6,7.6
F-G,115,Reggie King,82,25.0,8.2,3.1,6.1,51.5,0.0,0.0,0.0,1.9,2.7,72.6,2.2,4.7,6.9,1.3,0.8,0.4,1.2,12.7
G,116,Leon Douglas,70,25.5,8.1,3.2,6.5,48.6,0.0,0.0,0.0,1.8,2.6,67.6,2.4,4.7,7.2,1.7,0.4,0.9,1.8,12.3
G,118,Don Buse,81,30.9,7.7,3.2,7.3,44.3,0.2,1.0,24.1,1.0,1.6,66.4,0.9,2.0,2.9,4.0,1.6,0.1,1.1,10.6
C-F,119,Ollie Johnson,79,19.4,7.7,3.3,6.7,49.7,0.0,0.1,9.1,1.0,1.2,88.2,0.6,1.4,2.1,2.0,0.7,0.3,1.2,8.1
G,120,Caldwell Jones,80,34.6,7.4,2.9,6.7,43.6,0.0,0.0,0.0,1.6,2.2,69.7,2.7,9.1,11.9,2.1,0.5,2.0,2.7,16.7
G,121,Larry Wright,76,16.9,7.3,3.0,6.6,45.8,0.1,0.2,25.0,1.3,1.4,88.9,0.5,1.1,1.6,2.9,0.6,0.2,1.4,7.6
G-F,122,Kevin Porter,70,21.3,7.3,2.9,6.3,45.9,0.0,0.1,0.0,1.6,2.0,80.3,0.4,0.8,1.2,6.5,0.8,0.2,2.3,9.9
F,123,George Johnson,81,26.2,7.2,3.1,6.7,45.7,0.0,0.0,0.0,1.1,1.6,70.6,2.4,5.1,7.4,2.1,0.7,3.2,2.5,14.1
F-C,124,Sidney Wicks,71,30.2,7.1,3.0,7.0,42.3,0.0,0.0,0.0,1.2,2.1,54.6,1.9,3.8,5.8,3.0,1.1,0.7,2.4,10.3
F,125,Joey Hassett,74,15.3,7.1,2.9,6.9,42.2,0.9,2.7,34.8,0.3,0.4,82.8,0.5,0.8,1.3,1.4,0.6,0.1,0.6,5.8
G,126,Larry Demic,82,22.8,7.0,2.8,6.4,43.6,0.0,0.0,0.0,1.3,2.2,60.1,2.4,3.5,5.9,0.8,0.7,0.4,2.0,8.1
G-F,127,Coby Dietrick,79,23.2,6.9,2.9,6.3,45.4,0.0,0.1,11.1,1.1,1.5,76.3,1.3,3.3,4.6,2.7,1.1,0.6,1.4,10.8
G,128,T.R. Dunn,82,22.5,6.9,2.9,6.7,43.6,0.0,0.0,0.0,1.0,1.4,75.7,1.6,2.3,4.0,1.8,1.2,0.4,1.1,9.0
F-C,129,Bill Willoughby,78,18.6,6.9,2.8,5.9,47.9,0.0,0.1,11.1,1.2,1.6,75.6,1.6,2.7,4.2,0.9,0.4,0.8,0.9,8.9
F,130,Billy McKinney,76,17.5,6.8,2.7,6.0,44.9,0.0,0.1,10.0,1.4,1.8,80.5,0.3,0.9,1.1,3.3,0.8,0.1,1.2,7.2
F,131,Jan Van Breda Kolff,82,29.3,6.8,2.6,5.6,46.3,0.1,0.2,35.0,1.6,1.9,83.9,1.3,4.0,5.2,3.0,1.2,0.9,1.9,12.0
F,132,Pat Cummings,71,12.7,6.6,2.6,5.2,50.5,0.0,0.0,0.0,1.3,1.7,76.4,1.1,2.2,3.4,0.7,0.3,0.2,1.0,7.2
G,133,Don Williams,77,23.3,6.6,3.0,6.7,44.7,0.0,0.2,0.0,0.5,0.8,70.0,0.3,1.1,1.4,2.4,1.3,0.1,1.4,6.4
F-C,135,Paul Griffin,82,22.1,6.3,2.1,3.8,55.3,0.0,0.0,0.0,2.1,2.9,72.5,1.9,3.5,5.3,3.0,1.0,0.6,1.6,12.3
G,136,Gerald Henderson,76,14.0,6.2,2.5,5.0,50.0,0.0,0.1,33.3,1.2,1.7,69.0,0.5,0.6,1.1,1.9,0.6,0.2,1.4,5.6
F-G,137,Jim Paxson,72,17.6,6.2,2.6,6.4,41.1,0.0,0.3,4.5,0.9,1.3,71.1,0.3,1.2,1.5,2.0,0.7,0.1,1.3,5.0
F,138,Mike Evans,79,15.8,6.2,2.6,5.9,44.8,0.2,0.5,28.6,0.7,1.1,68.2,0.4,1.0,1.4,2.9,0.8,0.1,1.6,6.1
F-G,139,Armond Hill,79,26.5,6.1,2.2,5.5,41.1,0.0,0.1,25.0,1.6,1.8,84.9,0.4,1.4,1.7,5.4,1.4,0.1,2.2,9.0
F-C,140,Clifford Ray,81,20.8,6.0,2.5,4.7,53.0,0.0,0.0,0.0,1.0,1.8,56.4,1.5,4.2,5.8,2.3,0.6,0.4,1.9,10.1
G,141,Clemon Johnson,79,19.5,6.0,2.5,5.0,50.3,0.0,0.0,0.0,0.9,1.5,63.2,1.8,3.2,5.0,1.5,0.6,1.5,1.0,10.5
G,142,Ernie Grunfeld,80,17.5,5.9,2.3,5.3,44.3,0.0,0.0,50.0,1.3,1.6,77.1,1.1,1.8,2.9,1.4,0.7,0.1,1.0,6.7
G,143,Mike Glenn,75,10.7,5.9,2.5,4.9,51.6,0.0,0.1,20.0,0.8,1.0,86.3,0.3,0.6,0.9,1.1,0.5,0.1,0.5,5.5
F,144,Richard Washington,75,14.6,5.9,2.6,5.6,46.8,0.0,0.0,0.0,0.6,1.0,60.5,1.3,2.4,3.7,0.7,0.3,0.6,0.8,7.0
C,145,Jack Givens,82,15.3,5.7,2.2,5.8,38.5,0.0,0.0,0.0,1.3,1.6,82.8,1.4,1.6,3.0,0.7,0.6,0.2,0.7,5.7
G,146,Hollis Copeland,75,15.2,5.7,2.4,4.9,49.5,0.0,0.0,0.0,0.8,1.1,73.3,0.9,1.1,2.1,1.1,0.8,0.3,1.1,6.1
F,147,James Hardy,76,21.1,5.5,2.4,4.8,50.7,0.0,0.0,50.0,0.7,0.9,77.3,1.6,3.6,5.3,1.4,0.6,1.1,1.4,10.0
G,148,John Lambert,74,17.9,5.4,2.2,5.4,41.3,0.0,0.0,0.0,1.0,1.4,72.3,1.9,2.9,4.8,0.8,0.6,0.6,0.9,7.7
F-G,149,Raymond Townsend,75,15.5,5.4,2.3,5.6,40.6,0.1,0.3,15.4,0.8,1.1,71.4,0.4,0.7,1.2,1.5,0.8,0.1,0.9,4.5
C,150,Major Jones,82,18.8,5.3,2.3,4.8,48.0,0.0,0.0,33.3,0.7,1.3,56.5,1.8,2.9,4.6,0.8,0.6,0.8,1.4,7.8
F,151,Gus Gerard,73,11.9,5.3,2.2,4.8,45.7,0.0,0.0,33.3,0.9,1.4,66.0,1.1,1.4,2.4,0.6,0.6,0.4,0.7,5.5
F,152,Johnny High,82,13.7,5.0,1.8,3.9,44.6,0.0,0.1,14.3,1.5,2.2,67.4,0.8,1.3,2.1,1.5,0.9,0.2,1.5,5.2
F-G,153,Garfield Heard,82,17.1,5.0,2.1,5.0,41.7,0.0,0.0,0.0,0.8,1.0,74.4,1.4,3.2,4.6,1.2,1.0,0.6,1.1,8.1
F,154,Tom LaGarde,82,14.2,4.7,1.8,3.7,47.7,0.0,0.0,0.0,1.1,1.7,65.7,1.5,2.3,3.8,1.1,0.2,0.4,1.2,6.5
F,155,Wally Walker,70,12.1,4.7,2.0,3.9,50.7,0.0,0.0,0.0,0.7,0.9,75.0,0.9,1.5,2.4,0.8,0.3,0.1,0.7,5.3
F,156,Roylee Hamilton,72,15.5,4.6,1.6,4.0,40.1,0.0,0.0,0.0,1.4,2.1,68.7,0.6,0.9,1.5,2.7,0.7,0.1,1.6,4.8
G,157,Alvin Scott,79,16.5,4.4,1.6,3.8,42.2,0.0,0.0,33.3,1.2,1.5,77.9,1.1,1.8,2.9,1.2,0.6,0.7,1.2,6.1
G,158,Gary Garland,78,14.2,4.3,2.0,4.6,43.5,0.1,0.2,31.6,0.2,0.3,69.2,0.6,1.1,1.8,1.9,0.7,0.1,0.9,5.0
F,160,Paul Silas,82,19.5,3.8,1.4,3.6,37.8,0.0,0.0,0.0,1.1,1.7,65.4,2.5,2.8,5.3,0.8,0.3,0.1,1.0,6.5
G,161,Lloyd Walton,76,16.4,3.6,1.4,3.2,45.5,0.0,0.0,33.3,0.6,0.9,69.0,0.4,0.8,1.2,3.8,0.6,0.0,1.5,5.6
G,162,Harvey Catchings,72,19.0,3.2,1.3,3.4,39.8,0.0,0.0,0.0,0.5,0.9,62.9,2.3,3.4,5.7,1.1,0.3,2.3,0.9,9.3
C,163,Kim Hughes,70,17.3,3.1,1.5,2.9,50.5,0.0,0.0,0.0,0.2,0.6,36.6,1.8,2.9,4.7,1.1,0.9,1.1,0.7,8.4
F,164,Geoff Huston,71,13.0,3.1,1.3,3.4,39.0,0.0,0.2,17.6,0.4,0.5,73.7,0.2,0.6,0.8,2.2,0.5,0.1,1.0,3.5
F,165,Dave Corzine,78,10.6,2.9,1.2,2.8,41.7,0.0,0.0,0.0,0.6,0.9,66.2,1.3,2.1,3.5,0.8,0.1,0.4,0.8,5.0
