pos,#,player,gp,min,pts,fgm,fga,fg%,3pm,3pa,3p%,ftm,fta,ft%,oreb,dreb,reb,ast,stl,blk,tov,eff
G,1,Adrian Dantley,80,42.7,30.7,11.4,20.3,55.9,0.0,0.1,28.6,7.9,9.8,80.6,2.4,4.0,6.4,4.0,1.4,0.2,3.5,28.2
F-C,2,Moses Malone,80,40.6,27.8,10.1,19.3,52.2,0.0,0.0,33.3,7.6,10.1,75.7,5.9,8.8,14.8,1.8,1.0,1.9,3.9,31.7
F-G,3,George Gervin,82,33.7,27.1,10.4,21.1,49.2,0.1,0.4,25.7,6.2,7.6,82.6,1.5,3.6,5.1,3.2,1.1,0.7,3.1,22.1
F,4,Kareem Abdul-Jabbar,80,37.2,26.2,10.5,18.2,57.4,0.0,0.0,0.0,5.3,6.9,76.6,2.5,7.8,10.3,3.4,0.7,2.9,3.1,31.0
G,5,David Thompson,77,34.0,25.5,9.5,18.8,50.6,0.1,0.5,25.6,6.4,8.0,79.5,1.4,2.3,3.7,3.0,0.7,0.8,3.2,19.5
F,6,Otis Birdsong,71,36.5,24.6,10.0,18.4,54.4,0.1,0.5,28.6,4.5,6.4,69.7,1.7,2.0,3.6,3.3,1.3,0.3,2.4,20.3
G,7,Julius Erving,82,35.0,24.6,9.7,18.6,52.1,0.0,0.2,22.2,5.1,6.5,78.7,3.0,5.0,8.0,4.4,2.1,1.8,3.2,27.4
G,8,Mike Mitchell,82,39.0,24.5,10.4,21.8,47.6,0.0,0.1,44.4,3.7,4.7,78.4,2.6,3.5,6.1,1.7,0.8,0.6,2.1,19.2
F,9,World Free,65,36.5,24.1,7.9,17.8,44.6,0.1,0.5,16.1,8.1,10.0,81.4,0.7,1.7,2.4,5.6,1.3,0.2,3.0,18.8
G,10,Alex English,81,38.2,23.8,9.5,19.2,49.4,0.0,0.1,60.0,4.8,5.7,85.0,3.4,4.6,8.0,3.6,1.3,1.2,3.0,24.4
G,11,Jamaal Wilkes,81,37.4,22.6,9.7,18.5,52.6,0.0,0.2,7.7,3.1,4.1,75.8,1.8,3.6,5.4,2.9,1.5,0.4,2.6,20.4
C,12,Bernard King,81,36.0,21.9,9.0,15.4,58.8,0.0,0.1,33.3,3.8,5.4,70.3,2.2,4.6,6.8,3.5,0.9,0.4,3.3,22.3
G,13,Dan Issel,80,33.0,21.9,7.7,15.3,50.3,0.0,0.2,16.7,6.5,8.6,75.9,2.9,5.6,8.5,2.0,1.0,0.7,1.6,22.7
G,14,John Drew,67,31.0,21.7,7.5,16.4,45.6,0.0,0.1,0.0,6.8,8.6,78.7,2.2,3.6,5.7,1.2,1.5,0.2,2.9,16.7
G,15,Mike Newlin,79,36.8,21.4,8.0,16.1,49.7,0.1,0.4,33.3,5.2,5.9,88.8,1.0,1.8,2.8,3.8,1.1,0.1,3.1,17.2
G,16,Larry Bird,82,39.5,21.2,8.8,18.3,47.8,0.2,0.9,27.0,3.5,4.0,86.3,2.3,8.6,10.9,5.5,2.0,0.8,3.5,26.7
F,17,Darrell Griffith,81,35.4,20.6,8.8,19.1,46.4,0.1,0.6,19.2,2.8,4.0,71.6,1.0,2.6,3.6,2.4,1.3,0.5,2.9,14.2
F,18,Marques Johnson,76,33.4,20.3,8.4,15.2,55.2,0.0,0.1,0.0,3.5,5.0,70.6,3.0,3.9,6.8,4.6,1.5,0.5,2.5,22.9
G,19,Bill Cartwright,82,35.7,20.1,7.5,13.6,55.4,0.0,0.0,0.0,5.0,6.3,78.8,2.0,5.5,7.5,1.4,0.6,1.0,2.4,20.6
C,20,Ray Williams,79,34.7,19.7,7.8,16.9,46.1,0.2,0.9,23.5,3.9,4.8,81.7,1.5,2.5,4.1,5.5,2.3,0.5,3.0,19.1
G,21,Freeman Williams,82,24.1,19.3,7.8,16.8,46.5,0.6,1.7,34.0,3.1,3.6,85.2,0.9,0.7,1.6,2.0,1.1,0.1,2.0,12.5
F,22,Eddie Johnson,75,35.9,19.1,7.6,15.1,50.4,0.1,0.3,30.0,3.7,4.7,78.4,0.8,1.6,2.4,5.4,1.7,0.1,2.6,17.6
G,23,Scott Wedman,81,35.8,19.0,8.5,17.7,47.7,0.3,1.0,32.5,1.7,2.5,68.6,1.6,3.8,5.3,2.8,1.2,0.6,2.0,16.8
F,24,Robert Parish,82,28.0,18.9,7.7,14.2,54.5,0.0,0.0,0.0,3.4,4.8,71.0,3.0,6.5,9.5,1.8,1.0,2.6,2.3,23.5
G,25,Reggie Theus,82,34.4,18.9,6.6,13.4,49.5,0.2,1.1,20.0,5.4,6.7,80.9,1.5,2.0,3.5,5.2,1.5,0.2,3.2,18.1
G,26,Joe Barry Carroll,82,35.6,18.9,7.5,15.3,49.1,0.0,0.0,0.0,3.8,5.4,71.6,3.3,5.9,9.3,1.4,0.6,1.5,3.0,19.4
F,27,Truck Robinson,82,37.7,18.8,7.9,15.6,50.5,0.0,0.0,0.0,3.0,4.8,62.9,2.6,7.0,9.6,2.5,0.8,0.5,3.0,19.7
G,28,Dennis Johnson,79,33.1,18.8,6.7,15.4,43.6,0.1,0.6,21.6,5.2,6.3,82.0,2.0,2.6,4.6,3.7,1.7,0.8,2.6,17.1
F,29,Jack Sikma,82,35.6,18.7,7.3,16.0,45.4,0.0,0.1,0.0,4.1,5.0,82.3,2.2,8.1,10.4,3.0,1.0,1.1,2.5,22.1
C,30,Walter Davis,78,28.0,18.0,7.6,14.1,53.9,0.1,0.2,41.2,2.7,3.2,83.6,0.8,1.8,2.6,3.9,1.2,0.2,2.8,15.9
G,31,Artis Gilmore,82,34.5,17.9,6.7,10.0,67.0,0.0,0.0,0.0,4.6,6.5,70.5,2.7,7.4,10.1,2.1,0.6,2.4,2.9,25.0
G,32,Elvin Hayes,81,36.2,17.8,7.2,16.0,45.1,0.0,0.1,0.0,3.3,5.4,61.7,2.9,6.8,9.7,1.2,0.8,2.1,2.3,18.5
G-F,33,James Silas,75,27.4,17.7,6.3,13.3,47.7,0.0,0.0,0.0,5.0,5.9,85.0,0.6,2.5,3.1,3.8,0.7,0.2,2.1,15.5
F,34,Billy Knight,82,29.1,17.5,6.7,12.5,53.3,0.0,0.2,15.8,4.2,5.0,83.2,2.3,2.7,5.0,1.9,1.0,0.1,2.2,16.8
F,35,Kevin Grevey,75,34.9,17.2,6.7,14.7,45.3,0.6,1.8,33.1,3.3,3.9,84.1,0.9,2.0,2.9,4.0,0.9,0.2,1.9,14.7
C-F,36,Jim Paxson,79,34.2,17.1,7.4,13.8,53.6,0.0,0.4,6.7,2.3,3.1,73.4,0.9,1.7,2.7,3.8,1.8,0.1,1.7,16.6
G,37,Norm Nixon,79,37.5,17.1,7.3,15.3,47.6,0.0,0.2,16.7,2.5,3.2,77.8,0.8,2.1,2.9,8.8,1.8,0.1,3.6,18.5
F-G,38,Mychal Thompson,79,35.3,17.0,7.2,14.6,49.4,0.0,0.0,0.0,2.6,4.1,64.1,2.8,5.9,8.7,3.6,0.8,2.2,3.1,20.4
G,39,Phil Smith,76,31.3,16.8,6.8,13.9,49.1,0.1,0.2,22.2,3.1,4.1,75.7,0.6,1.4,2.1,4.9,1.1,0.2,2.3,14.7
C,40,Junior Bridgeman,77,28.8,16.8,7.0,14.3,48.7,0.0,0.3,14.3,2.8,3.1,88.4,1.0,2.7,3.8,3.0,1.1,0.4,1.9,15.4
G-F,41,Calvin Murphy,76,26.5,16.7,6.9,14.1,49.2,0.1,0.2,23.5,2.7,2.8,95.8,0.4,0.7,1.1,2.9,1.5,0.1,1.7,13.3
G,42,Micheal Ray Richardson,79,40.2,16.4,6.6,14.1,46.9,0.3,1.3,22.5,2.8,4.3,66.3,2.2,4.7,6.9,7.9,2.9,0.4,3.8,21.8
C,43,Campy Russell,79,36.3,16.4,6.4,13.9,46.4,0.1,0.3,30.8,3.4,4.3,78.1,1.4,3.1,4.5,3.3,1.3,0.1,2.7,14.4
F-C,44,Purvis Short,79,29.2,16.1,6.9,14.6,47.5,0.0,0.2,17.6,2.1,2.6,82.0,1.9,3.0,4.9,3.2,1.0,0.2,1.8,15.4
F,45,Robert Reid,82,36.1,15.9,6.5,13.6,48.2,0.0,0.0,0.0,2.8,3.7,75.6,2.0,5.1,7.1,4.2,2.0,0.8,2.4,19.6
F,46,James Edwards,81,29.3,15.6,6.3,12.4,50.9,0.0,0.0,0.0,3.0,4.3,70.3,2.4,4.7,7.0,2.6,0.4,1.6,2.0,17.9
G,47,Swen Nater,82,34.3,15.6,6.3,11.4,55.3,0.0,0.0,0.0,3.0,3.7,79.5,3.6,8.8,12.4,2.4,0.6,0.6,2.6,23.1
F-G,48,Greg Ballard,82,31.8,15.5,6.7,14.5,46.3,0.1,0.4,21.9,2.0,2.4,84.7,2.0,5.0,7.1,2.4,1.4,0.5,1.4,17.3
G-F,49,Fred Brown,78,25.5,15.5,6.5,13.3,48.8,0.3,0.8,35.9,2.2,2.7,83.2,0.7,1.6,2.2,3.0,1.1,0.2,1.7,13.1
F-G,50,Cedric Maxwell,81,33.7,15.2,5.4,9.3,58.8,0.0,0.0,0.0,4.3,5.6,78.2,2.7,3.7,6.5,2.7,1.0,0.8,2.2,19.0
G,51,Kelvin Ransey,80,30.4,15.2,6.6,14.5,45.2,0.0,0.4,9.7,2.1,2.7,74.9,0.5,1.9,2.4,6.9,1.1,0.1,2.9,14.3
G,52,Kenny Carr,81,32.3,15.2,5.8,11.3,51.1,0.0,0.0,0.0,3.6,5.0,71.4,3.2,7.1,10.3,2.4,0.9,0.5,2.9,19.5
F,53,Reggie King,81,33.9,14.9,5.8,10.7,54.4,0.0,0.0,0.0,3.3,4.8,68.4,2.9,6.8,9.7,1.5,1.3,0.5,2.0,19.5
C,54,Alvan Adams,75,27.4,14.9,6.1,11.6,52.6,0.0,0.0,0.0,2.7,3.5,76.8,2.1,5.2,7.3,4.6,1.4,0.9,3.0,19.8
F,55,Michael Brooks,82,30.2,14.7,6.0,12.4,47.9,0.0,0.1,0.0,2.8,3.9,70.6,2.6,2.8,5.4,2.5,1.2,0.4,2.0,14.6
G,56,Randy Smith,82,26.8,14.6,5.9,12.7,46.6,0.0,0.3,3.6,2.7,3.3,81.5,0.6,1.8,2.4,4.4,1.4,0.2,2.4,13.0
G-F,57,Phil Hubbard,80,28.6,14.5,5.4,11.0,49.2,0.0,0.0,33.3,3.7,5.3,69.0,3.0,4.4,7.3,1.9,1.0,0.3,2.9,14.9
F,58,Jim Spanarkel,82,28.3,14.4,4.9,10.6,46.7,0.0,0.1,10.0,4.6,5.2,88.7,1.7,1.9,3.6,2.8,1.4,0.2,2.1,14.2
F,59,Johnny Davis,76,33.4,14.4,5.6,12.1,46.5,0.1,0.4,12.1,3.1,3.9,79.6,0.7,1.5,2.2,6.3,1.3,0.2,2.2,14.9
C,60,Roger Phegley,82,27.7,14.4,5.8,11.8,49.1,0.1,0.3,28.6,2.7,3.3,83.9,1.1,1.9,3.0,2.2,0.8,0.2,2.0,12.1
F,61,David Greenwood,82,33.0,14.4,5.9,12.1,48.6,0.0,0.0,0.0,2.6,3.5,74.8,3.0,5.9,8.8,2.7,0.9,1.5,2.3,18.9
G,62,Larry Kenon,77,28.1,14.1,5.9,12.3,48.0,0.0,0.0,0.0,2.3,3.2,73.5,2.3,2.8,5.2,1.6,1.0,0.2,2.1,12.7
F,63,Sidney Moncrief,80,30.2,14.0,5.0,9.2,54.1,0.0,0.1,22.2,4.0,5.0,80.4,2.3,2.8,5.1,3.3,1.1,0.5,1.8,17.0
F,64,Darryl Dawkins,76,27.5,14.0,5.6,9.2,60.7,0.0,0.0,0.0,2.9,4.0,72.0,1.4,5.8,7.2,1.4,0.5,1.5,2.9,17.0
C,65,James Bailey,82,31.0,14.0,5.4,10.8,49.9,0.0,0.0,50.0,3.1,4.4,70.9,2.3,5.1,7.4,1.2,0.9,1.7,2.7,15.8
G,66,Mike Bantom,76,31.3,14.0,5.7,11.6,48.9,0.0,0.1,0.0,2.6,3.7,70.8,2.0,3.6,5.6,3.2,1.1,1.1,2.6,15.3
F,67,Nate Archibald,80,35.3,13.8,4.8,9.6,49.9,0.0,0.1,0.0,4.3,5.2,81.6,0.5,1.8,2.2,7.7,0.9,0.2,3.3,15.8
C,68,Billyray Bates,77,20.3,13.8,5.7,11.7,48.7,0.2,0.7,25.9,2.2,2.6,85.4,0.9,1.1,2.0,2.5,1.1,0.1,1.9,11.2
F,69,Tom LaGarde,82,32.6,13.7,5.1,10.8,47.0,0.0,0.0,0.0,3.5,5.4,64.9,2.2,6.0,8.1,2.9,0.4,0.5,2.5,15.5
C,70,Keith Herron,80,28.4,13.7,5.4,11.9,45.3,0.0,0.1,18.2,2.9,3.3,85.4,1.2,1.4,2.6,1.9,1.1,0.3,1.9,10.7
G,71,Bobby Jones,81,25.3,13.5,5.0,9.3,53.9,0.0,0.0,0.0,3.5,4.3,81.3,1.8,3.6,5.4,2.8,1.2,0.9,1.8,16.8
G,72,Ricky Sobers,71,25.4,13.5,5.0,10.8,46.2,0.2,0.9,25.8,3.3,3.5,93.5,0.6,1.4,2.0,4.0,1.4,0.2,2.9,12.2
F,73,Calvin Natt,74,28.5,13.4,5.3,10.7,49.7,0.1,0.1,50.0,2.7,3.8,70.7,2.0,3.8,5.8,2.1,1.0,0.2,2.2,13.9
F,74,Terry Tyler,82,31.1,13.4,5.8,10.9,53.2,0.0,0.1,0.0,1.8,3.0,59.2,2.4,4.5,6.9,1.7,1.4,2.2,2.0,17.2
F,75,Kevin Porter,81,31.8,13.4,5.5,10.6,51.9,0.0,0.1,25.0,2.4,3.0,77.3,0.4,1.1,1.5,9.1,1.4,0.1,3.1,16.6
G-F,76,Quinn Buckner,82,29.1,13.3,5.7,11.7,49.3,0.0,0.1,16.7,1.8,2.5,73.4,1.1,2.6,3.6,4.7,2.4,0.0,2.9,14.6
G-F,78,Vinnie Johnson,81,28.5,13.0,5.2,9.7,53.4,0.0,0.1,20.0,2.6,3.3,79.3,2.4,2.1,4.5,4.2,1.0,0.2,2.7,15.1
G,79,Andrew Toney,75,23.6,12.9,5.3,10.7,49.5,0.1,0.4,31.0,2.1,3.0,71.2,0.4,1.5,1.9,3.6,0.8,0.1,2.9,10.2
F,81,Mitch Kupchak,82,23.6,12.5,4.8,9.1,52.5,0.0,0.0,0.0,2.9,4.1,70.6,2.4,4.5,6.9,0.8,0.4,0.3,2.0,13.4
C,82,Mickey Johnson,82,25.8,12.5,4.6,10.3,44.8,0.0,0.2,16.7,3.2,4.0,78.9,2.2,4.4,6.6,3.5,1.1,0.9,2.8,15.3
G,84,Mark Olberding,82,29.4,12.3,4.2,8.4,50.8,0.0,0.1,14.3,3.8,4.6,82.9,1.8,4.0,5.7,3.4,0.9,0.4,2.5,15.4
F-C,85,Steve Hawes,74,31.2,12.0,4.5,8.6,52.3,0.0,0.1,25.0,3.0,3.8,79.9,2.2,5.4,7.6,2.3,1.0,0.4,2.2,16.2
G,86,Joe Bryant,82,28.8,11.6,4.6,9.6,47.9,0.0,0.2,13.3,2.4,3.0,79.1,1.8,3.6,5.4,2.3,0.9,0.4,2.1,12.8
F,87,Don Collins,81,22.8,11.5,4.4,10.0,44.4,0.0,0.1,0.0,2.6,3.4,77.6,1.6,1.7,3.3,2.3,1.3,0.3,2.1,10.3
C,88,John Johnson,80,29.1,11.5,4.7,10.8,43.1,0.0,0.0,0.0,2.2,2.7,80.8,1.7,2.8,4.5,3.9,0.7,0.3,2.9,11.4
C,89,Kermit Washington,73,29.0,11.4,4.5,7.8,56.9,0.0,0.0,0.0,2.5,3.9,62.8,3.2,6.2,9.4,2.0,1.2,1.2,2.0,18.4
G-F,90,Darwin Cook,81,24.4,11.2,4.7,10.1,46.8,0.1,0.3,24.0,1.6,2.2,73.3,1.2,1.7,2.9,3.7,1.7,0.4,2.2,11.8
F,91,Mike O'Koren,79,31.3,11.0,4.6,9.5,48.6,0.1,0.2,27.8,1.7,2.7,63.7,2.3,3.8,6.1,3.2,1.1,0.3,1.8,14.0
G,92,Steve Mix,72,18.4,10.8,4.0,8.0,50.1,0.0,0.0,0.0,2.8,3.3,83.3,1.5,2.2,3.7,1.6,0.8,0.3,1.2,11.3
C,93,Jim Chones,82,31.2,10.8,4.6,9.2,50.3,0.0,0.0,0.0,1.5,2.4,65.3,2.2,5.8,8.0,1.9,0.5,1.2,1.9,15.0
G,94,Tom Owens,79,23.3,10.6,4.1,8.0,51.1,0.0,0.1,0.0,2.4,3.2,76.4,2.1,3.7,5.8,1.8,0.5,0.6,1.6,12.9
F-G,95,Mike Dunleavy,74,21.7,10.5,4.2,8.5,49.1,0.0,0.2,6.3,2.1,2.5,83.9,0.4,1.2,1.6,3.6,0.9,0.0,1.9,10.0
G,96,Louis Orr,82,21.8,10.5,4.2,8.6,49.1,0.0,0.1,0.0,2.0,2.5,80.7,2.1,2.3,4.4,1.6,0.7,0.3,1.5,11.1
F-C,97,Dave Corzine,82,23.9,10.5,4.5,9.1,49.0,0.0,0.0,0.0,1.5,2.1,71.4,2.8,5.0,7.8,1.4,0.5,1.2,1.6,14.5
F,99,Reggie Johnson,79,21.7,10.2,4.3,8.6,49.9,0.0,0.0,0.0,1.6,2.4,66.3,1.7,2.9,4.5,1.0,0.6,0.6,1.6,10.1
G,100,Brian Taylor,80,28.9,10.1,3.9,7.4,52.5,0.6,1.4,38.3,1.8,2.3,78.9,0.7,1.2,1.9,5.5,1.5,0.3,1.4,13.9
G-F,101,Mike Bratz,80,32.4,10.0,4.0,10.2,39.0,0.7,2.1,33.7,1.3,1.7,81.1,0.8,1.7,2.5,5.7,1.7,0.2,2.0,11.5
C,103,Kevin McHale,82,20.1,10.0,4.3,8.1,53.3,0.0,0.0,0.0,1.3,1.9,67.9,1.9,2.5,4.4,0.7,0.3,1.8,1.3,11.4
G-F,104,Bob Wilkerson,80,28.0,10.0,4.1,8.9,46.2,0.0,0.1,10.0,1.7,2.0,84.0,1.1,2.5,3.5,3.4,1.3,0.3,2.2,11.1
C-F,105,Bill Laimbeer,81,30.4,9.8,4.2,8.3,50.3,0.0,0.0,0.0,1.4,1.9,76.5,3.3,5.3,8.6,2.7,0.7,1.0,1.6,16.5
G,107,Larry Smith,82,31.4,9.6,3.7,7.2,51.2,0.0,0.0,0.0,2.2,3.7,58.8,5.3,6.8,12.1,1.1,0.9,0.8,1.8,17.6
C,108,Lionel Hollins,82,26.3,9.5,4.0,8.5,47.0,0.0,0.2,13.3,1.5,2.1,73.1,0.6,1.8,2.3,4.3,1.3,0.2,2.5,10.0
F,109,Ben Poquette,82,34.2,9.5,4.0,7.5,52.8,0.0,0.1,50.0,1.5,2.0,77.8,2.0,5.7,7.7,2.0,0.8,2.1,1.5,16.6
F,110,Maurice Cheeks,81,29.8,9.4,3.8,7.2,53.4,0.0,0.1,37.5,1.7,2.2,78.7,0.8,2.2,3.0,6.9,2.4,0.5,2.1,16.3
F-G,110,Michael Cooper,81,32.4,9.4,4.0,8.1,49.1,0.0,0.2,21.1,1.4,1.8,78.5,1.5,2.7,4.1,4.1,1.6,1.0,2.0,13.7
G,112,Rick Robey,82,19.1,9.0,3.6,6.7,54.5,0.0,0.0,0.0,1.8,3.1,57.4,1.6,3.1,4.8,1.5,0.5,0.2,1.7,10.0
G,113,Chris Ford,82,33.2,8.9,3.8,8.6,44.4,0.4,1.3,33.0,0.8,1.1,73.6,0.9,1.1,2.0,3.6,1.2,0.3,1.5,9.3
C-F,114,Scott Lloyd,72,30.4,8.8,3.4,7.6,44.8,0.0,0.0,0.0,2.0,2.8,71.7,2.2,4.1,6.3,2.2,0.5,0.3,2.0,11.2
G,115,Allan Bristow,82,24.4,8.7,3.3,7.5,44.4,0.1,0.2,27.8,2.0,2.4,83.8,1.3,4.0,5.2,4.7,0.8,0.0,2.1,12.8
G,116,Ron Brewer,75,19.4,8.6,3.7,8.4,43.6,0.0,0.1,14.3,1.2,1.5,79.8,0.5,0.7,1.1,2.0,0.8,0.5,1.2,6.7
G-F,117,Jeff Cook,79,27.7,8.5,3.6,7.8,46.4,0.0,0.1,0.0,1.3,2.0,64.5,2.2,3.8,5.9,2.5,1.0,0.7,1.8,12.0
F,118,Wally Walker,82,21.9,8.4,3.5,7.6,46.3,0.0,0.0,0.0,1.3,2.1,64.5,1.3,2.6,3.8,1.5,0.6,0.2,1.4,8.3
F-C,119,Johnny High,81,21.6,8.4,3.0,7.1,42.7,0.0,0.3,8.3,2.3,3.3,69.3,1.1,1.7,2.8,2.5,1.6,0.3,2.3,8.2
F,120,Mike Glenn,82,18.4,8.2,3.5,6.2,55.8,0.0,0.1,36.4,1.2,1.3,89.1,0.3,0.7,1.1,1.3,0.9,0.1,0.8,7.9
G,121,Allen Leavell,79,21.3,8.1,3.3,6.9,47.1,0.0,0.2,11.8,1.6,1.9,83.2,0.4,1.3,1.7,4.9,1.2,0.2,2.4,9.7
G-F,122,Kyle Macy,82,17.9,8.1,3.3,6.5,51.1,0.1,0.6,23.5,1.3,1.5,89.9,0.5,1.1,1.6,2.0,0.9,0.1,1.2,8.2
G,123,Pat Cummings,74,14.6,8.0,3.4,6.2,53.9,0.0,0.0,0.0,1.3,1.9,70.7,1.3,2.6,3.9,0.8,0.4,0.3,1.5,8.5
F-C,124,Dudley Bradley,82,22.8,8.0,3.2,6.8,47.4,0.0,0.2,12.5,1.5,2.2,70.2,0.9,1.5,2.4,2.3,2.3,0.5,1.5,9.7
F,125,Wayne Robinson,81,19.7,7.9,2.9,6.3,46.0,0.0,0.1,0.0,2.2,3.0,72.9,1.4,2.2,3.6,1.4,0.6,0.3,1.8,7.8
F,126,Bob Gross,82,23.6,7.8,3.1,5.8,52.8,0.0,0.1,0.0,1.6,1.9,84.9,1.5,2.5,4.0,3.1,1.1,0.8,1.8,11.9
F,127,Kenny Higgs,72,23.5,7.8,2.9,6.6,44.1,0.1,0.5,11.8,1.9,2.4,81.4,0.3,1.7,2.0,5.7,1.4,0.1,2.3,10.5
G,128,Marty Byrnes,72,18.9,7.8,3.0,6.3,47.9,0.1,0.3,45.0,1.7,2.2,76.4,1.0,1.4,2.5,1.6,0.4,0.2,0.8,7.8
F-C,129,Gerald Henderson,82,19.6,7.8,3.2,7.1,45.1,0.0,0.2,6.3,1.4,1.9,72.0,0.5,1.1,1.6,2.6,1.0,0.1,2.0,6.7
G,130,Dwight Jones,81,19.4,7.6,3.0,6.3,48.3,0.0,0.0,0.0,1.5,2.0,77.6,1.6,3.4,5.0,1.2,0.5,0.4,1.6,9.5
F-G,131,Joe Meriweather,74,20.5,7.6,2.8,5.6,49.6,0.0,0.0,0.0,2.0,2.9,69.5,1.7,3.6,5.3,1.0,0.4,1.1,1.7,10.0
F,132,Bob Elliott,73,18.1,7.5,2.9,5.7,51.1,0.0,0.0,50.0,1.7,2.8,59.9,1.4,2.2,3.6,1.8,0.5,0.2,1.6,8.0
F-G,133,Ernie Grunfeld,79,20.1,7.5,3.3,6.2,53.5,0.0,0.0,0.0,0.9,1.3,74.3,0.4,2.2,2.6,2.6,0.8,0.2,1.1,9.4
F-C,134,Tom McMillen,79,19.8,7.4,3.2,6.6,48.7,0.0,0.1,16.7,1.0,1.4,74.1,1.2,2.5,3.7,0.9,0.3,0.3,1.0,7.9
G,135,Billy Paultz,81,20.5,7.4,3.2,6.4,50.7,0.0,0.0,0.0,0.9,1.9,49.0,1.4,3.5,4.8,1.3,0.3,0.9,1.1,9.5
G,136,Johnny Moore,82,19.2,7.4,3.0,6.3,47.9,0.0,0.2,5.3,1.3,2.1,61.0,0.7,1.7,2.4,4.5,1.5,0.3,1.9,10.0
G,137,Caldwell Jones,81,32.6,7.2,2.7,6.0,44.9,0.0,0.0,0.0,1.8,2.4,76.7,2.5,7.6,10.0,1.5,0.7,1.7,2.1,15.1
F,138,Clemon Johnson,81,20.3,7.2,2.9,5.8,50.4,0.0,0.0,0.0,1.4,2.3,59.3,2.1,3.6,5.8,1.8,0.5,1.5,1.5,11.5
C,139,Paul Mokeski,80,22.7,7.1,2.8,5.7,48.9,0.0,0.0,0.0,1.5,2.5,60.0,1.8,3.5,5.2,1.7,0.5,0.9,2.0,9.5
G,140,Lowes Moore,71,19.8,7.0,3.0,6.7,44.4,0.1,0.4,14.8,1.0,1.3,75.0,0.6,1.8,2.4,3.2,0.9,0.2,1.5,8.1
F,140,Rich Kelley,81,20.8,7.0,2.4,4.8,50.6,0.0,0.0,0.0,2.2,2.9,75.8,1.6,3.8,5.4,3.5,1.0,0.8,2.6,12.0
G,142,Clint Richardson,77,17.1,7.0,2.9,6.0,48.9,0.0,0.0,0.0,1.1,1.4,77.8,1.1,1.2,2.3,2.0,0.5,0.1,1.4,7.0
F-G,143,Sam Lacey,82,27.2,6.9,2.9,6.5,44.2,0.0,0.1,20.0,1.1,1.4,78.6,1.6,5.5,7.1,4.9,1.2,1.5,2.2,15.4
C,144,Wayne Cooper,71,20.0,6.9,3.0,6.6,45.2,0.0,0.0,33.3,0.9,1.3,68.9,2.3,3.9,6.2,0.7,0.3,0.7,1.1,9.7
F,145,Larry Drew,76,20.8,6.6,2.6,6.4,40.7,0.1,0.2,23.5,1.4,1.8,79.7,0.3,1.3,1.6,3.3,1.2,0.1,2.2,6.4
F,146,Sonny Parker,73,18.0,6.5,2.6,5.3,49.2,0.0,0.0,0.0,1.3,1.8,73.4,1.4,1.3,2.7,1.5,0.9,0.2,1.2,7.4
F-G,147,Paul Griffin,82,23.5,6.1,2.0,4.0,51.1,0.0,0.0,0.0,2.1,3.1,67.2,2.2,3.9,6.2,3.0,0.9,0.5,1.6,12.2
F,148,Calvin Garrett,70,23.4,6.1,2.7,5.9,45.3,0.0,0.0,33.3,0.7,0.9,80.6,1.2,2.6,3.8,1.9,0.7,0.1,1.3,7.9
F,149,Leon Douglas,79,17.2,6.0,2.3,4.1,57.3,0.0,0.0,0.0,1.3,2.4,54.8,1.9,3.0,4.9,0.9,0.3,0.5,1.1,8.6
F,150,Sam Pellom,77,19.1,5.9,2.4,4.9,48.9,0.0,0.0,0.0,1.1,1.5,69.8,1.6,3.0,4.6,0.6,0.6,1.2,1.3,8.7
G,151,Glen Gondrezick,73,14.8,5.8,2.1,4.5,47.1,0.0,0.0,0.0,1.5,1.9,81.8,1.9,2.3,4.2,1.1,1.2,0.3,0.9,9.0
G,152,Alvin Scott,82,17.4,5.4,2.1,4.2,49.7,0.0,0.1,16.7,1.2,1.5,76.4,1.2,2.0,3.3,1.4,0.7,0.9,0.9,8.2
F,153,Bill Hanzlik,74,17.0,5.4,1.9,3.9,47.8,0.0,0.1,20.0,1.6,2.0,79.3,0.9,1.2,2.1,1.5,0.8,0.3,1.1,6.4
G,155,Marvin Webster,82,20.8,5.2,1.9,4.2,46.6,0.0,0.0,25.0,1.3,2.0,63.8,2.0,3.7,5.7,0.9,0.3,1.2,1.3,9.0
G,157,George Johnson,82,23.6,5.0,2.0,4.2,47.3,0.0,0.0,0.0,1.0,1.3,73.4,2.6,4.7,7.3,1.1,0.6,3.4,1.3,13.5
C,158,Garfield Heard,78,20.9,4.8,1.9,5.1,37.6,0.0,0.1,0.0,1.0,1.3,78.2,1.5,2.9,4.5,1.6,1.3,0.9,1.0,8.6
F,160,Mike Woodson,81,11.7,4.7,2.0,4.6,44.2,0.0,0.1,20.0,0.6,0.8,76.6,0.4,0.8,1.2,0.9,0.4,0.1,0.7,4.0
F,161,Henry Bibby,73,15.2,4.6,1.6,4.2,38.6,0.4,1.3,33.7,0.9,1.3,68.4,0.3,0.7,1.0,2.7,0.6,0.0,1.0,5.0
F,162,Coby Dietrick,82,15.2,4.5,1.8,3.9,45.6,0.0,0.1,33.3,0.9,1.4,69.4,1.0,2.3,3.2,1.4,0.6,0.6,1.1,6.8
F-C,162,T.R. Dunn,82,17.4,4.5,1.8,4.3,41.2,0.0,0.0,0.0,1.0,1.5,65.3,1.6,2.0,3.7,1.0,0.8,0.4,0.7,6.6
G,164,Mike Evans,71,12.8,4.5,1.9,4.1,46.0,0.0,0.2,14.3,0.7,0.9,78.1,0.3,0.9,1.2,2.4,0.5,0.1,1.0,5.2
G,165,Harvey Catchings,77,21.2,4.2,1.7,3.9,44.7,0.0,0.0,0.0,0.8,1.2,64.1,2.0,4.1,6.1,1.3,0.4,2.4,1.4,10.5
F,166,Ron Lee,82,22.3,4.2,1.4,3.9,35.0,0.0,0.2,15.4,1.4,1.9,72.4,0.8,1.9,2.7,4.4,2.0,0.4,2.1,8.4
G,167,Larry Demic,76,12.7,4.1,1.7,3.3,50.4,0.0,0.0,0.0,0.8,1.2,63.0,1.5,1.7,3.2,0.4,0.2,0.2,0.8,5.2
G-F,168,Joel Kramer,82,13.0,4.1,1.7,3.1,52.7,0.0,0.0,0.0,0.8,1.1,69.2,0.9,1.9,2.8,1.1,0.4,0.2,0.8,6.0
C,169,Jan Van Breda Kolff,78,18.3,3.8,1.3,3.1,40.8,0.0,0.1,25.0,1.3,1.5,83.8,0.6,2.0,2.6,1.7,0.5,0.6,1.4,5.7
C-F,170,Len Elmore,72,12.8,2.9,1.1,2.9,35.8,0.0,0.0,0.0,0.8,1.0,72.0,0.9,1.9,2.9,1.0,0.5,0.7,0.6,5.2
G,171,Jim Brewer,78,14.2,2.8,1.3,2.5,51.3,0.0,0.0,0.0,0.2,0.5,37.5,1.6,2.0,3.6,0.7,0.6,0.7,0.6,6.2
