pos,#,player,gp,min,pts,fgm,fga,fg%,3pm,3pa,3p%,ftm,fta,ft%,oreb,dreb,reb,ast,stl,blk,tov,eff
G,1,Alex English,82,36.4,28.4,11.7,22.6,51.6,0.0,0.1,16.7,5.0,6.0,82.9,3.2,4.1,7.3,4.8,1.4,1.5,3.2,28.3
F-C,2,Kiki Vandeweghe,82,35.5,26.7,10.3,18.7,54.7,0.2,0.6,29.4,6.0,6.8,87.5,1.5,3.8,5.3,2.5,0.8,0.5,2.2,24.2
F-G,3,Kelly Tripucka,58,38.8,26.5,9.7,19.9,48.9,0.2,0.6,37.8,6.8,8.0,84.5,2.2,2.4,4.6,4.1,1.2,0.3,3.2,22.0
F,4,George Gervin,78,36.3,26.2,9.7,19.9,48.7,0.2,0.4,36.4,6.6,7.8,85.3,1.4,3.2,4.6,3.4,1.1,0.9,3.2,21.6
G,5,Moses Malone,78,37.5,24.5,8.4,16.7,50.1,0.0,0.0,0.0,7.7,10.1,76.1,5.7,9.6,15.3,1.3,1.1,2.0,3.4,30.1
F,6,Mark Aguirre,81,34.4,24.4,9.5,19.6,48.3,0.2,0.9,21.1,5.3,7.3,72.8,2.4,3.9,6.3,4.1,1.0,0.3,3.2,20.8
G,7,Joe Barry Carroll,79,37.8,24.1,9.9,19.4,51.3,0.0,0.0,0.0,4.3,5.9,71.9,2.8,5.9,8.7,2.1,1.4,2.0,3.6,23.6
G,8,World Free,73,36.1,23.9,8.9,19.5,45.6,0.2,0.6,33.3,5.9,8.0,73.8,1.3,1.5,2.8,4.0,1.3,0.2,2.9,16.6
F,9,Reggie Theus,82,34.8,23.8,9.1,19.1,47.8,0.3,1.1,23.1,5.3,6.6,80.1,1.1,2.5,3.7,5.9,1.7,0.2,3.9,20.1
G,10,Terry Cummings,70,36.2,23.7,9.8,18.7,52.3,0.0,0.0,0.0,4.2,5.9,70.9,4.3,6.3,10.6,2.5,1.8,0.9,2.9,26.0
G,11,Larry Bird,79,37.7,23.6,9.5,18.7,50.4,0.3,1.0,28.6,4.4,5.3,84.0,2.4,8.6,11.0,5.8,1.9,0.9,3.0,30.0
C,12,Isiah Thomas,81,38.2,22.9,9.0,19.0,47.2,0.4,1.5,28.8,4.5,6.4,71.0,1.3,2.8,4.0,7.8,2.5,0.4,4.0,21.7
G,13,Sidney Moncrief,76,35.7,22.5,8.0,15.2,52.4,0.0,0.1,10.0,6.6,7.9,82.6,2.5,3.2,5.8,3.9,1.5,0.3,2.6,22.8
G,14,Darrell Griffith,77,36.2,22.2,9.8,20.2,48.4,0.5,1.7,28.8,2.2,3.2,67.9,1.3,2.6,3.9,3.5,1.8,0.4,3.3,17.2
G,15,Bernard King,68,32.5,21.9,8.9,16.8,52.8,0.0,0.1,0.0,4.1,5.7,72.2,1.5,3.3,4.8,2.9,1.3,0.2,2.9,18.6
G,16,Kareem Abdul-Jabbar,79,32.3,21.8,9.1,15.5,58.8,0.0,0.0,0.0,3.5,4.7,74.9,2.1,5.4,7.5,2.5,0.8,2.2,2.5,24.6
F,17,Jim Paxson,81,33.8,21.7,8.4,16.3,51.5,0.0,0.3,16.0,4.8,5.9,81.2,0.8,1.3,2.1,2.9,1.7,0.2,1.9,17.7
F,18,Dan Issel,80,30.4,21.6,8.3,16.2,51.0,0.1,0.2,21.1,5.0,6.0,83.5,1.9,5.6,7.5,2.8,1.0,0.5,2.2,22.3
G,19,Purvis Short,67,35.8,21.4,8.8,18.0,48.7,0.1,0.2,26.7,3.8,4.6,82.8,2.2,3.1,5.3,3.4,1.4,0.2,2.9,18.8
C,20,Marques Johnson,80,35.7,21.4,9.0,17.8,50.9,0.1,0.3,20.0,3.3,4.5,73.5,2.5,4.6,7.0,4.5,1.3,0.7,2.5,22.6
G,21,Julius Erving,72,33.6,21.4,8.4,16.3,51.7,0.0,0.1,28.6,4.6,6.0,75.9,2.4,4.4,6.8,3.7,1.6,1.8,2.7,23.2
F,22,Calvin Natt,80,36.0,20.4,8.1,14.8,54.3,0.0,0.3,15.0,4.2,5.4,79.2,2.7,4.8,7.5,2.1,0.8,0.4,2.5,20.7
G,23,Larry Drew,75,35.9,20.1,8.0,16.2,49.2,0.0,0.2,12.5,4.1,5.0,82.0,0.6,2.2,2.8,8.1,1.7,0.1,3.6,20.1
F,24,Clark Kellogg,81,34.1,20.1,8.4,17.5,47.9,0.0,0.2,22.2,3.2,4.3,74.1,4.2,6.4,10.6,2.8,1.7,0.5,2.7,22.8
G,25,Gus Williams,80,34.5,20.0,8.3,17.3,47.7,0.0,0.5,4.7,3.5,4.6,75.1,0.9,1.7,2.6,8.0,2.3,0.3,2.9,20.1
G,26,Mike Mitchell,80,35.0,19.9,8.6,16.8,51.1,0.0,0.0,0.0,2.7,3.6,75.8,2.4,4.4,6.7,1.2,0.7,0.7,1.6,18.5
F,27,Eddie Johnson,82,35.8,19.8,8.3,16.7,49.4,0.2,0.9,28.2,3.0,3.9,77.9,2.3,3.8,6.1,2.6,0.9,0.2,2.2,18.1
G,28,Andrew Toney,81,30.5,19.7,7.7,15.4,50.1,0.3,0.9,28.9,4.0,5.1,78.8,0.5,2.3,2.8,4.5,1.0,0.2,3.3,16.1
F,29,Jamaal Wilkes,80,31.9,19.6,8.6,16.1,53.0,0.0,0.1,0.0,2.5,3.4,75.7,1.8,2.5,4.3,2.3,0.8,0.2,1.9,17.0
C,30,Jeff Ruland,79,36.2,19.4,7.3,13.3,55.2,0.0,0.0,33.3,4.7,6.9,68.9,3.7,7.3,11.0,3.0,0.9,1.0,3.8,23.5
G,31,Robert Parish,78,31.5,19.3,7.9,14.4,55.0,0.0,0.0,0.0,3.5,5.0,69.8,3.3,7.3,10.6,1.8,1.0,1.9,2.4,24.3
G,32,Dan Roundfield,77,36.5,19.0,7.3,15.5,47.0,0.1,0.4,18.5,4.4,5.8,74.9,3.4,8.1,11.4,2.9,0.8,1.5,3.2,22.8
G-F,33,Walter Davis,80,31.1,19.0,8.3,16.1,51.6,0.1,0.3,30.4,2.3,2.8,81.8,0.8,1.7,2.5,5.0,1.5,0.2,2.4,17.4
F,34,Jay Vincent,81,33.7,18.7,7.7,15.7,48.9,0.0,0.0,0.0,3.3,4.2,78.4,2.7,4.6,7.3,2.6,0.9,0.6,2.3,18.8
F,35,Jack Sikma,75,34.2,18.2,6.5,13.9,46.4,0.0,0.1,0.0,5.3,6.4,83.7,2.8,8.6,11.4,3.1,1.2,0.9,2.5,23.8
C-F,36,Mike Woodson,81,30.0,18.2,7.2,14.2,50.6,0.1,0.4,21.2,3.7,4.7,79.0,1.0,2.0,3.1,3.1,1.7,0.7,2.1,16.6
G,37,Artis Gilmore,82,34.1,18.0,6.8,10.8,62.6,0.0,0.1,0.0,4.5,6.0,74.0,3.6,8.4,12.0,1.5,0.5,2.3,3.1,25.7
F-G,38,Cliff T. Robinson,77,33.8,18.0,7.6,16.0,47.7,0.0,0.1,0.0,2.8,3.9,70.8,2.5,8.6,11.1,1.9,0.8,0.8,2.9,20.2
G,39,Greg Ballard,78,36.4,18.0,7.7,16.3,47.3,0.2,0.5,35.1,2.3,3.0,78.1,1.6,4.9,6.5,3.4,1.7,0.3,2.0,18.6
C,40,Rolando Blackman,75,31.3,17.7,6.8,13.9,49.2,0.0,0.2,20.0,4.0,5.1,78.0,1.4,2.5,3.9,2.5,0.5,0.4,1.6,15.2
G-F,41,Tom Chambers,79,33.7,17.6,6.6,13.9,47.2,0.0,0.1,0.0,4.5,6.2,72.3,2.8,3.8,6.6,2.4,1.0,0.7,3.0,16.3
G,42,Dominique Wilkins,82,32.9,17.5,7.3,14.9,49.3,0.0,0.1,18.2,2.8,4.1,68.2,2.8,3.1,5.8,1.6,1.0,0.8,2.2,15.6
C,43,Billy Knight,80,28.3,17.1,6.4,12.3,52.0,0.0,0.2,15.8,4.3,5.1,84.1,1.9,2.2,4.1,2.4,0.8,0.1,2.4,15.4
F-C,44,Albert King,79,31.0,17.0,7.4,15.5,47.5,0.1,0.3,26.1,2.2,2.9,77.5,2.0,3.8,5.8,3.7,1.2,0.5,3.1,16.3
F,45,Buck Williams,82,36.1,17.0,6.5,11.1,58.8,0.0,0.0,0.0,4.0,6.4,62.0,4.5,8.1,12.5,1.5,1.1,1.3,3.0,23.5
F,46,Herb Williams,78,32.2,16.9,7.4,14.9,49.9,0.0,0.1,0.0,2.0,2.8,70.5,1.9,5.5,7.5,3.4,0.7,2.2,2.9,19.3
G,47,Magic Johnson,79,36.8,16.8,6.5,11.8,54.8,0.0,0.3,0.0,3.8,4.8,80.0,2.7,5.9,8.6,10.5,2.2,0.6,3.8,28.6
F-G,48,Larry Nance,82,35.5,16.7,7.2,13.0,55.0,0.0,0.0,33.3,2.4,3.5,67.2,2.9,5.7,8.7,2.4,1.2,2.6,2.3,22.3
G-F,49,Maurice Lucas,77,33.6,16.5,6.4,13.6,47.4,0.0,0.0,33.3,3.6,4.6,78.1,2.6,7.8,10.4,2.8,0.7,0.6,2.9,20.0
F-G,50,David Thompson,75,28.7,15.9,5.9,12.3,48.1,0.0,0.1,20.0,4.0,5.1,78.4,1.3,2.3,3.6,3.0,0.6,0.4,2.2,13.8
G,51,Vinnie Johnson,82,30.6,15.8,6.3,12.4,51.3,0.1,0.5,27.5,3.0,3.8,77.8,2.0,2.3,4.3,3.7,1.1,0.6,1.9,16.8
G,52,Mychal Thompson,80,37.7,15.7,6.3,12.9,48.9,0.0,0.0,0.0,3.1,5.0,62.1,2.3,7.1,9.4,4.8,0.9,1.4,3.5,20.1
F,53,Bill Cartwright,82,30.1,15.7,5.5,9.8,56.6,0.0,0.0,0.0,4.6,6.2,74.4,2.3,4.9,7.2,1.7,0.5,1.5,2.5,18.3
C,54,Ray Williams,72,30.1,15.4,5.8,14.8,39.2,0.2,1.0,20.3,3.6,4.6,76.9,1.3,3.3,4.5,7.9,1.7,0.4,4.7,15.1
F,55,Quintin Dailey,76,27.4,15.1,6.2,13.3,46.6,0.1,0.3,20.0,2.7,3.7,73.0,1.1,2.3,3.4,3.7,0.9,0.1,2.7,12.6
G,56,Norm Nixon,79,34.3,15.1,6.7,14.2,47.5,0.0,0.2,0.0,1.6,2.1,74.4,0.8,1.8,2.6,7.2,1.3,0.1,3.0,15.2
G-F,57,Gene Banks,81,33.6,14.9,6.2,11.3,55.0,0.0,0.1,0.0,2.4,3.4,70.5,2.7,4.8,7.6,3.4,1.0,0.3,2.1,18.9
F,58,Allen Leavell,79,32.9,14.8,5.6,13.4,41.5,0.5,2.2,24.0,3.1,3.8,83.2,0.8,1.7,2.5,6.7,2.1,0.2,2.5,15.2
F,59,Junior Bridgeman,70,26.5,14.4,6.0,12.2,49.2,0.0,0.2,7.7,2.3,2.8,83.7,0.6,2.9,3.5,3.0,0.6,0.1,1.7,13.1
C,60,Rickey Green,78,35.7,14.3,5.9,12.1,49.3,0.0,0.2,15.4,2.4,3.0,79.7,0.8,2.1,2.9,8.9,2.8,0.1,2.8,19.4
F,61,Dennis Johnson,77,33.1,14.2,5.2,11.2,46.2,0.1,0.4,16.1,3.8,4.8,79.1,1.2,3.2,4.4,5.0,1.3,0.5,2.6,15.7
G,62,Alvan Adams,80,30.6,14.2,6.0,12.3,48.6,0.0,0.0,33.3,2.3,2.7,82.9,2.0,4.8,6.9,4.7,1.4,0.9,3.0,18.3
F,63,Kevin McHale,82,28.6,14.1,5.9,10.9,54.1,0.0,0.0,0.0,2.4,3.3,71.7,2.6,4.1,6.7,1.3,0.4,2.3,1.9,17.0
F,64,Mickey Johnson,78,26.3,14.1,5.0,11.8,42.5,0.0,0.5,8.3,4.0,4.9,82.1,2.1,4.2,6.3,3.3,1.1,0.6,3.1,14.6
C,65,Dave Corzine,82,30.4,14.0,5.6,11.2,49.7,0.0,0.0,0.0,2.8,3.9,72.0,3.0,5.8,8.7,1.9,0.6,1.3,2.8,17.0
G,66,Bill Laimbeer,82,35.0,13.6,5.3,10.7,49.7,0.0,0.2,15.4,3.0,3.8,79.0,3.4,8.7,12.1,3.2,0.6,1.4,2.1,22.7
F,67,James Worthy,77,25.6,13.4,5.8,10.0,57.9,0.0,0.1,25.0,1.8,2.9,62.4,2.0,3.1,5.2,1.7,1.2,0.8,2.3,14.7
C,68,James Bailey,75,23.5,13.3,5.1,10.3,49.7,0.0,0.0,0.0,3.0,4.3,70.2,2.3,4.0,6.3,0.9,0.6,0.8,2.6,12.8
F,69,Darwin Cook,82,32.0,13.2,5.4,12.0,44.9,0.1,0.5,21.1,2.3,3.0,76.9,0.9,2.0,2.9,5.5,2.4,0.6,2.9,14.3
C,70,Elvin Hayes,81,28.4,12.9,5.2,11.0,47.6,0.0,0.0,50.0,2.4,3.5,68.3,2.5,5.1,7.6,2.0,0.6,1.0,2.5,14.7
G,71,Maurice Cheeks,79,31.2,12.5,5.1,9.4,54.2,0.0,0.1,16.7,2.3,3.0,75.4,0.7,2.0,2.6,6.9,2.3,0.4,2.3,17.4
G,72,Pat Cummings,81,28.6,12.5,5.3,10.8,49.3,0.0,0.0,0.0,1.8,2.4,75.5,2.8,5.5,8.2,1.8,0.7,0.4,2.0,15.6
F,73,Lonnie Shelton,82,31.4,12.4,5.3,11.2,47.8,0.0,0.1,16.7,1.7,2.3,75.4,1.9,4.1,6.0,2.9,0.9,0.9,2.1,14.6
F,74,Johnny Moore,77,33.1,12.2,5.1,10.9,46.8,0.1,0.3,22.7,1.9,2.6,74.4,0.8,2.8,3.6,9.8,2.5,0.4,2.9,19.1
F,75,Michael Brooks,82,30.0,12.2,4.9,10.1,48.4,0.1,0.2,33.3,2.4,3.4,69.7,2.9,3.4,6.4,3.2,1.4,0.5,2.2,15.2
G-F,76,Geoff Huston,80,34.0,12.2,5.0,10.4,48.2,0.1,0.2,33.3,2.1,3.1,68.6,0.5,1.5,2.0,6.1,0.9,0.1,2.4,12.4
G-F,77,Terry Tyler,82,31.0,12.1,5.1,10.7,47.8,0.0,0.2,13.3,1.8,2.4,74.5,2.2,4.4,6.6,1.9,1.3,2.0,1.5,16.1
G,78,Kenny Carr,82,28.4,12.0,4.4,8.7,50.5,0.0,0.1,33.3,3.1,4.5,69.7,2.2,5.0,7.2,1.4,0.8,0.5,2.3,13.9
F,79,Darryl Dawkins,81,25.8,12.0,5.0,8.3,59.9,0.0,0.0,0.0,2.0,3.2,64.6,1.6,3.6,5.2,1.4,0.8,1.9,3.5,13.3
C,80,Cedric Maxwell,79,28.5,11.9,4.2,8.4,49.9,0.0,0.0,0.0,3.5,4.4,81.2,2.3,3.0,5.3,2.4,0.8,0.5,2.1,13.8
G,81,Steve Johnson,79,19.5,11.7,4.7,7.5,62.4,0.0,0.0,0.0,2.4,4.1,57.4,1.8,3.3,5.0,1.2,0.5,1.1,2.3,12.7
F-C,82,George Johnson,82,28.0,11.6,5.0,10.5,47.7,0.1,0.5,18.4,1.5,2.1,73.3,2.1,4.5,6.6,2.7,0.9,0.6,3.0,13.5
G,83,Brad Davis,79,29.4,11.6,4.5,7.9,57.2,0.1,0.5,25.6,2.4,2.8,84.5,0.4,2.1,2.5,7.2,1.0,0.1,1.8,16.7
F,84,Rory Sparrow,81,30.0,11.6,4.8,10.0,48.4,0.1,0.3,22.7,1.8,2.5,73.9,0.8,2.1,2.8,4.9,1.3,0.1,2.4,12.4
C,85,Jeff Wilkins,81,28.5,11.5,4.8,10.1,47.7,0.0,0.0,0.0,1.9,2.5,78.0,1.9,5.5,7.4,1.6,0.5,0.5,2.3,13.4
C,86,Ron Brewer,74,26.5,11.3,4.6,10.9,42.6,0.1,0.2,38.9,1.9,2.3,83.5,0.8,1.1,1.9,1.3,1.2,0.3,1.3,8.2
G-F,87,Scott Wedman,75,23.9,11.2,5.0,10.5,47.5,0.1,0.4,31.3,1.1,1.4,79.4,1.3,2.5,3.8,1.6,0.6,0.2,1.7,9.9
F,88,Dan Schayes,82,27.9,11.1,4.2,9.1,45.7,0.0,0.0,0.0,2.8,3.6,77.3,2.4,5.3,7.7,2.5,0.7,1.2,3.1,14.4
G,89,Kelvin Ransey,76,21.1,11.1,4.5,9.8,46.0,0.0,0.2,12.5,2.0,2.6,76.4,0.6,1.4,1.9,3.7,0.8,0.1,1.7,9.9
C,90,Ben Poquette,75,31.1,11.0,4.4,9.3,47.2,0.0,0.1,20.0,2.2,2.9,75.1,2.1,4.9,6.9,2.2,0.9,1.5,1.3,15.6
G,91,Rick Mahorn,82,36.9,11.0,4.6,9.4,49.0,0.0,0.0,0.0,1.8,3.1,57.5,2.1,7.4,9.5,1.4,1.0,1.8,2.1,16.5
F-G,92,Al Wood,76,24.0,10.9,4.5,9.7,46.4,0.2,0.7,30.0,1.6,2.1,77.0,1.3,1.8,3.1,1.8,0.7,0.5,1.5,9.8
G,93,John Long,70,21.2,10.5,4.5,9.9,45.1,0.0,0.1,28.6,1.6,2.1,76.0,0.8,1.8,2.6,1.5,0.6,0.2,2.1,7.4
F-C,94,Butch Carter,81,21.2,10.5,4.4,8.7,50.1,0.2,0.6,33.3,1.5,1.9,80.5,0.8,1.1,1.9,2.4,1.0,0.2,1.5,9.7
F,95,Terry Teagle,73,23.4,10.4,4.5,10.6,42.8,0.1,0.4,34.5,1.2,1.7,69.6,1.0,1.6,2.7,2.1,0.7,0.2,1.9,7.6
G,96,Rod Higgins,82,26.8,10.3,3.8,8.5,44.8,0.2,0.5,31.7,2.5,3.2,79.2,1.9,2.5,4.5,2.1,0.8,0.8,1.5,11.6
G-F,97,Fred Brown,80,17.9,10.2,4.6,8.9,52.0,0.2,0.4,43.8,0.7,0.9,80.6,0.4,0.8,1.2,3.0,0.7,0.2,1.4,9.5
C,98,Joe Bryant,81,25.4,10.0,4.2,9.5,44.8,0.1,0.4,22.2,1.4,2.0,70.3,1.1,2.3,3.4,2.3,1.0,0.4,2.2,9.1
G-F,99,David Greenwood,79,29.8,10.0,3.9,8.7,45.5,0.0,0.1,0.0,2.1,2.9,70.8,2.7,6.9,9.7,1.9,0.7,1.1,1.9,15.9
C-F,100,Paul Westphal,80,24.7,10.0,4.0,8.7,45.9,0.2,0.6,29.2,1.9,2.3,80.4,0.2,1.2,1.4,5.5,1.1,0.2,2.5,10.6
G,101,Danny Ainge,80,25.6,9.9,4.5,9.0,49.6,0.1,0.4,17.2,0.9,1.2,74.2,1.0,1.6,2.7,3.1,1.4,0.1,1.2,11.1
C,102,Craig Hodges,76,26.6,9.9,4.2,9.3,45.2,0.3,1.2,22.2,1.2,1.7,72.3,0.7,0.9,1.6,3.6,1.1,0.1,2.1,8.6
F,103,Kyle Macy,82,22.4,9.9,4.0,7.7,51.7,0.3,0.9,30.3,1.6,1.8,87.2,0.5,1.5,2.0,3.4,0.8,0.1,1.1,11.1
F,104,Wally Walker,82,27.5,9.7,4.4,9.8,44.9,0.0,0.0,25.0,0.9,1.4,62.1,1.7,2.9,4.5,2.4,0.5,0.3,1.8,9.7
F-G,105,Wayne Cooper,80,26.2,9.7,4.0,9.0,44.3,0.0,0.1,0.0,1.7,2.5,68.5,2.7,5.0,7.6,1.5,0.3,1.7,2.0,13.0
G,106,Phil Hubbard,82,23.8,9.5,3.5,7.3,48.2,0.0,0.0,0.0,2.5,3.6,68.9,2.7,3.0,5.7,1.1,1.1,0.1,1.9,10.7
G,107,Truck Robinson,81,30.0,9.5,4.0,8.7,46.2,0.0,0.0,0.0,1.5,2.5,58.7,2.5,5.7,8.1,1.8,0.7,0.3,2.3,12.3
C-F,108,Caldwell Jones,82,29.8,9.5,3.7,8.3,45.3,0.0,0.0,0.0,2.0,2.5,78.6,2.7,5.4,8.1,1.7,0.6,1.6,2.1,14.3
G,109,Lewis Lloyd,73,18.5,9.4,4.0,7.8,51.8,0.0,0.1,25.0,1.4,1.9,71.9,1.1,2.5,3.6,1.8,0.8,0.4,1.6,10.1
G,110,Jerry Sichting,78,31.2,9.3,4.1,8.5,47.8,0.0,0.2,16.7,1.2,1.4,86.0,0.4,1.6,2.0,5.6,1.3,0.0,1.8,11.8
G-F,111,Jerry Eaves,82,19.4,9.3,3.4,7.0,48.7,0.0,0.1,12.5,2.4,3.0,81.0,0.4,1.1,1.5,2.6,0.6,0.0,1.9,8.0
F,112,Bobby Jones,74,23.6,9.0,3.4,6.2,54.3,0.0,0.0,0.0,2.2,2.8,79.3,1.4,3.3,4.6,1.9,1.1,1.2,1.5,13.0
F-C,113,James Donaldson,82,21.8,8.9,3.5,6.0,58.3,0.0,0.0,0.0,1.8,2.7,68.8,1.6,4.5,6.1,1.2,0.2,1.2,1.6,12.7
F,114,Edgar Jones,77,21.5,8.8,3.1,6.2,49.5,0.0,0.1,22.2,2.6,3.7,70.3,1.8,4.1,5.8,1.2,0.5,1.4,1.9,11.6
G,115,Mark Olberding,80,22.7,8.7,3.1,6.5,48.1,0.0,0.2,16.7,2.4,3.1,78.2,1.4,3.1,4.5,1.6,0.6,0.1,1.9,9.6
G-F,116,Clemon Johnson,83,23.1,8.5,3.6,7.0,51.5,0.0,0.0,0.0,1.3,2.2,61.7,2.3,4.0,6.3,1.7,0.8,1.1,1.5,12.7
G,117,Alton Lister,80,23.6,8.4,3.4,6.4,52.9,0.0,0.0,0.0,1.6,3.0,53.7,2.1,5.0,7.1,1.4,0.6,2.2,2.3,13.0
F-C,118,Trent Tucker,78,23.5,8.4,3.8,8.3,46.2,0.2,0.4,46.7,0.6,0.8,67.2,1.0,1.8,2.8,2.5,0.7,0.1,0.9,8.8
F,119,Louis Orr,82,20.3,8.4,3.3,7.2,46.2,0.0,0.0,0.0,1.7,2.1,80.0,1.1,1.6,2.8,1.1,0.8,0.3,1.1,7.9
F,120,Samuel Williams,75,20.4,8.4,3.4,6.4,52.6,0.0,0.0,0.0,1.6,2.3,71.9,2.0,3.2,5.2,0.6,0.9,1.2,1.3,11.3
F,121,Greg Kelser,80,18.8,8.3,3.1,5.6,54.9,0.0,0.0,0.0,2.2,3.2,67.3,2.0,3.1,5.0,1.2,0.7,0.4,1.9,10.2
G,122,Randy Smith,80,17.6,8.3,3.4,7.1,48.3,0.0,0.2,16.7,1.4,1.6,87.0,0.5,0.7,1.2,2.6,0.7,0.0,1.2,7.7
F-C,123,Gerald Henderson,82,18.9,8.2,3.5,7.5,46.3,0.0,0.2,18.8,1.2,1.6,72.2,0.7,0.8,1.5,2.4,1.2,0.0,1.6,7.2
G,124,Sleepy Floyd,76,16.4,8.1,3.0,6.9,42.9,0.1,0.3,40.0,2.0,2.4,83.3,0.7,1.1,1.8,1.8,0.8,0.2,1.4,6.9
F-G,125,Joe Meriweather,78,21.9,7.9,3.3,5.8,57.0,0.0,0.0,0.0,1.3,2.1,62.6,1.9,3.5,5.4,0.8,0.6,1.1,1.5,11.1
F,126,Quinn Buckner,72,21.7,7.9,3.4,7.8,44.2,0.0,0.1,0.0,1.0,1.6,63.2,0.9,1.7,2.6,3.8,1.5,0.1,2.2,8.8
F-G,127,Lafayette Lever,81,24.9,7.8,3.2,7.3,43.1,0.1,0.2,33.3,1.4,2.0,73.0,1.0,1.7,2.8,5.3,1.9,0.2,1.7,11.5
F-C,128,Michael Cooper,82,26.2,7.8,3.2,6.1,53.5,0.1,0.3,23.8,1.2,1.6,78.5,1.0,2.3,3.3,3.8,1.4,0.6,1.6,12.3
G,129,Mike Dunleavy,79,20.5,7.8,2.7,6.5,41.8,0.8,2.5,34.5,1.5,1.9,77.9,0.2,1.5,1.7,5.5,0.9,0.1,2.0,9.8
G,130,Tree Rollins,80,30.9,7.8,3.3,6.4,51.0,0.0,0.0,0.0,1.2,1.7,72.6,2.6,6.7,9.3,0.9,0.6,4.3,1.2,18.1
G,131,Clint Richardson,77,22.8,7.6,3.4,7.3,46.3,0.0,0.1,0.0,0.9,1.4,64.0,1.3,1.9,3.2,2.2,0.9,0.2,1.3,8.5
F,132,T.R. Dunn,82,32.2,7.6,3.1,6.4,48.2,0.0,0.0,0.0,1.5,2.0,73.0,2.8,4.7,7.5,2.3,1.8,0.3,1.4,14.3
C,133,Charlie Davis,74,15.7,7.6,3.4,7.2,47.0,0.0,0.1,20.0,0.8,1.2,62.9,1.1,1.8,2.9,1.0,0.4,0.3,1.2,6.7
G,134,Lorenzo Romar,82,26.0,7.6,3.2,7.0,46.5,0.1,0.4,30.3,1.0,1.3,74.3,0.3,1.4,1.7,5.5,1.2,0.1,1.7,10.3
F,135,Mike Gminski,80,15.7,7.5,2.7,5.3,50.0,0.0,0.0,0.0,2.2,2.8,77.8,1.9,2.9,4.8,0.8,0.4,1.5,1.6,10.1
G,136,Kurt Rambis,78,23.2,7.5,3.0,5.3,56.9,0.0,0.0,0.0,1.5,2.1,68.7,2.1,4.7,6.8,1.2,1.3,0.8,1.9,12.8
F-G,137,Reggie Johnson,79,19.5,7.5,3.1,6.4,48.5,0.0,0.1,25.0,1.2,1.6,73.1,1.4,2.3,3.7,0.9,0.3,0.5,1.3,7.8
C,138,Mike Glenn,73,15.4,7.3,3.2,6.1,51.8,0.0,0.0,0.0,1.0,1.2,83.1,0.2,1.0,1.2,1.7,0.4,0.1,0.7,6.9
F,139,Rob Williams,74,19.5,7.0,2.6,6.3,40.8,0.0,0.2,13.3,1.8,2.4,75.3,0.5,1.3,1.8,4.9,1.2,0.2,2.5,8.2
F,140,Danny Vranes,82,25.0,6.9,2.8,5.2,52.7,0.0,0.0,0.0,1.4,2.5,55.0,2.2,3.0,5.2,1.5,0.6,0.6,1.2,9.9
F-G,141,Phil Ford,77,20.9,6.8,2.8,5.8,47.9,0.0,0.1,11.1,1.3,1.6,78.9,0.2,1.1,1.3,3.8,0.7,0.0,1.7,7.5
F,142,Bob Wilkerson,77,22.1,6.7,2.8,6.6,41.7,0.0,0.1,0.0,1.2,1.6,75.0,0.8,2.3,3.1,2.5,0.9,0.2,2.1,7.1
F,143,Paul Pressey,79,19.3,6.7,2.7,5.9,45.7,0.0,0.1,11.1,1.3,2.2,59.7,1.1,2.5,3.6,2.6,1.3,0.6,2.1,8.6
F,144,Franklin Edwards,81,15.6,6.7,2.8,6.0,47.2,0.0,0.1,0.0,1.1,1.4,76.1,0.3,0.8,1.0,2.7,1.0,0.1,1.4,6.7
G,145,Tracy Jackson,78,16.8,6.3,2.6,5.5,46.7,0.0,0.2,15.4,1.2,1.6,73.0,1.1,1.2,2.3,1.3,0.8,0.1,1.1,6.5
G,146,Bill Garnett,75,18.8,6.3,2.3,4.3,53.3,0.0,0.0,0.0,1.7,2.3,74.1,1.9,3.5,5.4,1.4,0.6,0.9,1.1,10.9
F,147,Russ Schoene,77,15.9,6.2,2.7,5.6,47.6,0.0,0.1,25.0,0.8,1.1,73.5,1.2,2.1,3.3,0.8,0.3,0.3,1.1,6.6
G,148,Bill Hanzlik,82,18.9,6.1,2.3,5.3,42.8,0.0,0.1,14.3,1.5,2.0,78.1,1.0,1.9,2.9,3.3,0.9,0.2,1.8,8.1
G,149,Rudy Macklin,73,16.0,6.0,2.3,4.9,47.2,0.0,0.1,0.0,1.4,1.8,77.1,1.2,1.4,2.6,1.0,0.6,0.1,1.2,6.1
C,150,Phil Smith,79,15.7,5.7,2.2,5.1,43.8,0.0,0.1,37.5,1.3,1.7,75.9,0.3,1.3,1.6,2.7,0.6,0.1,1.3,6.2
F,151,Rich Kelley,70,19.2,5.7,1.9,4.2,44.4,0.0,0.0,0.0,2.0,2.5,81.1,1.9,3.9,5.8,2.0,0.8,0.6,1.7,10.3
F,152,LaSalle Thompson,71,13.9,5.4,2.1,4.0,51.2,0.0,0.0,0.0,1.3,1.9,65.0,1.9,3.4,5.3,0.5,0.6,0.9,1.4,8.6
F,153,Marvin Webster,82,18.0,5.4,2.0,4.0,50.8,0.0,0.0,0.0,1.3,2.2,58.9,2.1,3.3,5.4,0.6,0.4,1.6,1.2,9.3
F-C,154,Ernie Grunfeld,77,18.5,5.4,2.2,4.9,44.3,0.0,0.1,0.0,1.1,1.3,82.7,0.5,1.6,2.1,1.8,0.5,0.1,1.1,5.9
G,155,Kurt Nimphius,81,18.7,5.3,2.1,4.4,49.0,0.0,0.0,100.0,1.0,1.7,55.0,1.9,3.0,5.0,1.4,0.3,1.4,0.8,9.5
G,156,Rickey Brown,76,13.8,5.3,2.2,4.6,47.9,0.0,0.0,0.0,0.9,1.4,61.9,1.2,2.3,3.5,0.3,0.2,0.3,1.1,5.6
F,157,Steve Hawes,77,18.4,5.2,2.1,5.1,41.8,0.1,0.3,23.8,0.9,1.2,73.4,1.1,3.6,4.7,1.2,0.5,0.2,1.4,7.1
G,158,Richard Anderson,78,16.3,5.2,2.2,5.5,40.4,0.1,0.2,36.8,0.6,0.9,69.6,1.4,2.1,3.5,1.5,0.7,0.3,1.2,6.5
G-F,159,Marc Iavaroni,80,20.2,5.1,2.0,4.4,46.2,0.0,0.0,0.0,1.0,1.4,69.0,1.5,2.7,4.1,1.0,0.4,0.6,1.7,6.7
C,160,Ray Tolbert,73,15.2,5.0,2.2,4.3,50.0,0.0,0.0,0.0,0.7,1.4,50.5,1.0,2.3,3.3,0.7,0.4,0.6,1.1,6.0
C-F,161,Jeff Cook,75,17.8,5.0,2.0,4.1,48.7,0.0,0.0,0.0,1.1,1.4,76.0,1.6,2.9,4.5,1.4,0.5,0.4,1.4,7.9
G,162,Lester Conner,75,18.9,4.9,1.9,4.0,47.9,0.0,0.1,0.0,1.1,1.5,69.9,0.9,2.0,2.9,3.4,1.5,0.1,1.3,9.0
F-G,163,Marty Byrnes,80,18.0,4.9,2.0,4.7,42.0,0.1,0.3,23.1,0.9,1.2,74.7,0.9,1.5,2.4,2.2,0.5,0.1,0.9,6.2
C,164,Dwight Jones,81,14.4,4.6,1.8,4.0,45.5,0.0,0.0,0.0,1.0,1.5,64.2,1.0,2.8,3.8,0.8,0.4,0.3,1.2,5.9
G-F,165,Glen Gondrezick,76,14.9,4.6,1.8,3.9,45.6,0.0,0.0,0.0,1.1,1.5,71.9,1.4,2.5,4.0,1.3,1.1,0.1,0.6,7.9
F,166,John Duren,82,17.5,4.5,2.0,4.4,45.3,0.0,0.2,0.0,0.5,0.7,79.6,0.5,0.8,1.3,2.4,0.8,0.1,1.2,5.4
G,167,Ed Nealy,82,20.0,4.4,1.8,3.0,59.5,0.0,0.0,0.0,0.9,1.4,61.4,2.1,3.8,5.9,0.8,0.8,0.1,0.6,9.7
F-G,168,Foots Walker,79,17.6,4.4,1.4,3.2,45.6,0.0,0.2,16.7,1.5,1.9,77.9,0.4,1.3,1.7,3.3,1.0,0.0,1.3,7.0
C,169,Mark Eaton,81,18.9,4.3,1.8,4.4,41.4,0.0,0.0,0.0,0.7,1.1,65.6,1.1,4.6,5.7,1.4,0.3,3.4,1.7,10.4
G,170,M.L. Carr,77,11.5,4.3,1.8,4.1,42.9,0.0,0.2,15.8,0.8,1.1,74.1,0.7,1.1,1.8,0.9,0.6,0.1,1.0,4.1
G,171,Alvin Scott,81,14.1,4.1,1.5,3.2,47.9,0.0,0.0,0.0,1.0,1.4,73.6,0.7,2.0,2.8,1.2,0.6,0.4,0.8,6.2
G,172,Paul Mokeski,73,15.5,3.9,1.6,3.6,45.8,0.0,0.0,0.0,0.7,0.9,73.5,1.0,2.5,3.6,0.7,0.3,0.6,0.9,6.0
G,173,Earl Cureton,73,13.5,3.4,1.5,3.5,41.9,0.0,0.0,0.0,0.5,0.9,49.3,1.2,2.5,3.7,0.6,0.5,0.3,1.0,5.0
F,174,Len Elmore,74,13.2,3.4,1.3,3.3,39.8,0.0,0.0,0.0,0.7,1.1,64.3,1.1,2.1,3.2,0.5,0.6,0.5,1.1,4.7
F,175,Harvey Catchings,74,21.0,3.3,1.2,2.7,45.7,0.0,0.0,0.0,0.8,1.2,67.4,1.8,3.7,5.5,1.0,0.4,2.0,1.1,9.2
G,176,Johnny High,82,14.1,3.2,1.2,2.6,46.1,0.0,0.1,20.0,0.8,1.7,46.3,0.5,1.3,1.8,1.9,1.0,0.4,1.3,4.8
