pos,#,player,gp,min,pts,fgm,fga,fg%,3pm,3pa,3p%,ftm,fta,ft%,oreb,dreb,reb,ast,stl,blk,tov,eff
G,1,Adrian Dantley,79,37.8,30.6,10.2,18.2,55.8,0.0,0.1,25.0,10.3,12.0,85.9,2.3,3.4,5.7,3.9,0.8,0.1,3.3,28.0
F-C,2,Mark Aguirre,79,36.7,29.5,11.7,22.3,52.4,0.2,0.7,26.8,5.9,7.9,74.9,2.0,3.9,5.9,4.5,1.0,0.3,3.6,25.0
F-G,3,Kiki Vandeweghe,78,35.1,29.4,11.5,20.6,55.8,0.1,0.4,36.7,6.3,7.4,85.2,1.1,3.7,4.8,3.1,0.7,0.6,2.0,26.4
F,4,Alex English,82,35.0,26.4,11.1,20.9,52.9,0.0,0.1,14.3,4.3,5.2,82.4,2.6,3.0,5.7,5.0,1.0,1.2,2.7,25.7
G,5,Bernard King,77,34.6,26.3,10.3,18.1,57.2,0.0,0.1,0.0,5.7,7.3,77.9,1.6,3.5,5.1,2.1,1.0,0.2,2.6,22.9
F,6,George Gervin,76,34.0,25.9,10.1,20.5,49.0,0.1,0.3,41.7,5.6,6.7,84.2,1.4,2.7,4.1,2.9,1.0,0.6,2.9,20.1
G,7,Larry Bird,79,38.3,24.2,9.6,19.5,49.2,0.2,0.9,24.7,4.7,5.3,88.8,2.3,7.8,10.1,6.6,1.8,0.9,3.0,30.0
G,8,Mike Mitchell,79,36.1,23.3,9.9,20.2,48.8,0.1,0.2,42.9,3.5,4.5,77.9,2.4,4.8,7.2,1.2,0.8,0.9,1.8,20.3
F,9,Terry Cummings,81,35.9,22.9,9.1,18.4,49.4,0.0,0.0,0.0,4.7,6.5,72.0,4.0,5.6,9.6,1.7,1.1,0.7,2.7,22.2
G,10,Purvis Short,79,37.3,22.8,9.0,19.1,47.3,0.3,0.9,30.6,4.5,5.6,79.3,2.3,3.2,5.5,3.1,1.3,0.1,2.9,18.8
G,11,Moses Malone,71,36.8,22.7,7.5,15.5,48.3,0.0,0.1,0.0,7.7,10.2,75.0,5.0,8.4,13.4,1.4,1.0,1.5,3.5,25.8
C,12,Julius Erving,77,34.8,22.4,8.8,17.2,51.2,0.1,0.3,33.3,4.7,6.3,75.4,2.5,4.4,6.9,4.0,1.8,1.8,3.0,24.1
G,13,Rolando Blackman,81,37.3,22.4,8.9,16.3,54.6,0.0,0.1,9.1,4.6,5.7,81.2,1.5,3.1,4.6,3.6,0.7,0.5,2.1,21.2
G,14,World Free,75,31.7,22.3,8.3,18.8,44.5,0.3,0.9,31.9,5.3,6.7,78.4,1.2,1.7,2.9,3.0,1.3,0.1,2.1,15.6
G,15,Jeff Ruland,75,41.1,22.2,8.0,13.8,57.9,0.0,0.1,14.3,6.2,8.5,73.3,3.5,8.8,12.3,3.9,0.9,1.0,4.6,27.7
G,16,Eddie Johnson,82,35.6,21.9,9.2,18.9,48.5,0.2,0.8,31.3,3.3,4.0,81.0,2.0,3.5,5.5,3.6,0.9,0.3,2.6,19.1
F,17,Dominique Wilkins,81,36.6,21.6,8.4,17.6,47.9,0.0,0.1,0.0,4.7,6.1,77.0,3.1,4.0,7.2,1.6,1.4,1.1,2.7,19.6
F,18,Kareem Abdul-Jabbar,80,32.8,21.5,9.0,15.5,57.8,0.0,0.0,0.0,3.6,4.9,72.3,2.1,5.2,7.3,2.6,0.7,1.8,2.8,23.3
G,19,Isiah Thomas,82,36.7,21.3,8.2,17.7,46.2,0.3,0.8,33.8,4.7,6.5,73.3,1.3,2.7,4.0,11.1,2.5,0.4,3.7,24.4
C,20,Kelly Tripucka,76,32.8,21.3,7.8,17.1,45.9,0.0,0.2,11.8,5.6,6.9,81.5,1.6,2.5,4.0,3.0,0.9,0.2,2.5,16.4
G,21,Jim Paxson,81,33.2,21.3,8.4,16.3,51.4,0.2,0.7,28.8,4.3,5.1,84.1,0.8,1.3,2.1,3.1,1.5,0.1,1.8,17.6
F,22,Ralph Sampson,82,32.8,21.0,8.7,16.7,52.3,0.0,0.0,25.0,3.5,5.3,66.1,3.6,7.6,11.1,2.0,0.9,2.4,3.6,24.0
G,23,Sidney Moncrief,79,38.9,20.9,7.1,14.2,49.8,0.1,0.2,27.8,6.7,7.9,84.8,2.7,4.0,6.7,4.5,1.4,0.3,2.7,22.8
F,24,Marques Johnson,74,36.7,20.7,8.7,17.4,50.2,0.0,0.2,15.4,3.3,4.6,70.9,2.3,4.1,6.5,4.3,1.6,0.6,2.4,21.2
G,25,Joe Barry Carroll,80,37.0,20.5,8.3,17.4,47.7,0.0,0.0,0.0,3.9,5.4,72.3,2.9,5.0,8.0,2.5,1.3,1.8,3.4,20.0
G,26,Andrew Toney,78,32.8,20.4,7.6,14.4,52.7,0.2,0.5,31.6,5.0,6.0,83.9,0.7,1.7,2.5,4.8,0.9,0.3,3.8,17.2
F,27,Walter Davis,78,32.6,20.0,8.4,16.3,51.2,0.3,1.1,23.0,3.0,3.5,86.3,0.5,2.1,2.6,5.5,1.4,0.2,2.7,18.4
G,28,Darrell Griffith,82,32.3,20.0,8.5,17.4,49.0,1.1,3.1,36.1,1.8,2.6,69.6,1.2,3.0,4.1,3.5,1.4,0.3,3.0,16.6
F,29,Dan Issel,76,27.3,19.8,7.5,15.2,49.3,0.1,0.3,21.1,4.8,5.6,85.0,1.5,5.3,6.8,2.3,0.8,0.6,1.6,20.1
C,30,Orlando Woolridge,75,33.9,19.3,7.6,14.5,52.5,0.0,0.0,50.0,4.0,5.7,71.5,1.7,3.2,4.9,1.8,0.9,0.8,2.5,16.7
G,31,Clark Kellogg,79,33.9,19.1,7.8,15.1,51.9,0.1,0.3,33.3,3.3,4.3,76.8,2.9,6.2,9.1,3.0,1.5,0.4,2.8,22.0
G,32,Jack Sikma,82,36.5,19.1,7.0,14.1,49.9,0.0,0.0,0.0,5.0,5.9,85.6,2.7,8.4,11.1,4.0,1.2,1.1,2.9,25.7
G-F,33,Robert Parish,80,35.8,19.0,7.8,14.3,54.6,0.0,0.0,0.0,3.4,4.6,74.5,3.0,7.7,10.7,1.7,0.7,1.5,2.3,23.7
F,34,Dan Roundfield,73,35.8,18.9,6.9,14.2,48.5,0.0,0.2,0.0,5.1,6.7,77.0,2.8,7.1,9.9,2.5,0.8,1.0,2.8,21.5
F,35,Gus Williams,80,35.2,18.7,7.5,16.3,45.8,0.1,0.3,16.0,3.7,5.0,75.0,0.8,1.7,2.6,8.4,2.4,0.3,2.9,19.4
C-F,36,Kevin McHale,82,31.4,18.4,7.2,12.9,55.6,0.0,0.0,33.3,4.1,5.4,76.5,2.5,4.9,7.4,1.3,0.3,1.5,1.8,20.2
G,37,Quintin Dailey,82,29.9,18.2,7.1,15.0,47.4,0.0,0.4,12.5,3.9,4.8,81.1,0.7,2.1,2.9,3.1,1.3,0.1,2.7,14.1
F-G,38,Tom Chambers,82,31.3,18.1,6.8,13.5,49.9,0.0,0.1,0.0,4.6,5.7,80.0,2.7,3.8,6.5,1.6,0.6,0.6,2.3,17.1
G,39,Cliff T. Robinson,73,32.9,17.8,7.3,16.2,45.0,0.0,0.0,50.0,3.2,4.6,70.1,2.1,8.2,10.3,2.5,0.7,0.4,2.6,18.9
C,40,Lewis Lloyd,82,31.4,17.8,7.4,14.4,51.6,0.0,0.2,23.1,2.9,3.6,78.9,1.6,2.0,3.6,3.9,1.2,0.5,3.0,16.3
G-F,41,Larry Nance,82,35.4,17.7,7.3,12.7,57.6,0.0,0.1,0.0,3.0,4.3,70.7,2.8,5.5,8.3,2.6,1.0,2.1,2.2,22.9
G,42,John Drew,81,22.2,17.7,6.3,13.2,47.9,0.1,0.3,27.3,5.0,6.4,77.8,1.8,2.4,4.2,1.7,1.1,0.0,2.4,14.0
C,43,Bill Laimbeer,82,34.9,17.3,6.7,12.7,53.0,0.0,0.1,0.0,3.9,4.5,86.6,4.0,8.2,12.2,1.8,0.6,1.0,1.8,24.6
F-C,44,Jamaal Wilkes,75,33.4,17.3,7.2,14.1,51.4,0.0,0.1,25.0,2.8,3.7,74.3,1.7,2.8,4.5,2.9,1.0,0.5,1.8,16.5
F,45,Bill Cartwright,77,32.3,17.0,5.9,10.5,56.1,0.0,0.0,0.0,5.2,6.5,80.5,2.5,5.9,8.4,1.4,0.6,1.3,2.6,20.2
F,46,Norm Nixon,82,37.2,17.0,7.2,15.5,46.2,0.1,0.6,23.9,2.5,3.3,76.0,0.7,1.8,2.5,11.1,1.1,0.0,3.1,19.5
G,47,Sleepy Floyd,77,33.2,16.8,6.3,13.6,46.3,0.1,0.6,17.8,4.1,5.0,81.6,1.1,2.4,3.5,3.5,1.3,0.4,2.5,14.8
F-G,48,Darryl Dawkins,81,29.8,16.8,6.3,10.6,59.3,0.0,0.1,40.0,4.2,5.7,73.5,2.0,4.7,6.7,1.5,0.7,1.7,2.9,18.7
G-F,49,Larry Drew,73,32.4,16.4,6.5,14.1,46.2,0.0,0.1,30.0,3.3,4.3,77.6,0.5,1.5,2.0,7.6,1.7,0.1,2.7,16.6
F-G,50,John Long,82,30.7,16.3,6.6,14.1,47.2,0.0,0.1,20.0,3.0,3.4,88.4,1.7,1.8,3.5,2.5,1.1,0.2,1.7,14.1
G,51,Calvin Natt,79,33.4,16.2,6.3,10.8,58.3,0.0,0.2,11.8,3.5,4.4,79.7,2.1,3.9,6.0,2.3,0.9,0.3,2.1,18.1
G,52,Maurice Lucas,75,30.8,15.9,6.0,12.1,49.7,0.0,0.1,0.0,3.9,5.1,76.5,2.8,6.9,9.7,2.7,0.7,0.5,2.4,19.9
F,53,Buck Williams,81,37.1,15.7,6.1,11.4,53.5,0.0,0.0,0.0,3.5,6.1,57.0,4.4,8.0,12.3,1.6,1.0,1.5,2.9,21.3
C,54,Mychal Thompson,79,33.5,15.7,6.2,11.8,52.4,0.0,0.0,0.0,3.4,5.1,66.7,3.0,5.7,8.7,3.9,1.1,1.4,3.0,20.5
F,55,Kenny Carr,82,29.9,15.6,6.3,11.3,56.1,0.0,0.1,0.0,3.0,4.5,67.3,2.5,5.3,7.8,1.9,0.8,0.4,2.5,17.8
G,56,Ricky Sobers,81,32.4,15.6,6.3,13.8,45.6,0.4,1.4,26.1,2.7,3.3,83.7,0.6,1.6,2.2,4.7,1.4,0.2,2.7,13.4
G-F,57,Junior Bridgeman,81,30.0,15.1,6.3,13.5,46.5,0.1,0.4,19.4,2.4,3.0,80.7,1.0,3.1,4.1,3.3,0.7,0.2,1.8,13.6
F,58,Ray Williams,76,29.3,14.8,5.5,12.4,44.5,0.3,1.1,30.9,3.5,4.2,82.7,0.9,2.6,3.5,5.9,2.1,0.3,2.9,16.2
F,59,Albert King,79,26.6,14.7,5.9,12.0,49.2,0.0,0.3,13.6,2.9,3.7,78.6,1.6,3.3,4.9,2.6,1.2,0.4,2.6,14.3
C,60,James Edwards,72,26.3,14.7,6.1,11.3,53.6,0.0,0.0,0.0,2.5,3.5,72.0,1.5,3.3,4.8,2.6,0.3,0.4,1.9,14.6
F,61,Greg Ballard,82,32.9,14.5,6.2,12.9,48.1,0.0,0.2,13.3,2.0,2.5,79.8,1.7,4.2,6.0,3.5,1.1,0.4,1.7,16.6
G,62,Mike Woodson,71,25.9,14.5,5.5,11.5,47.7,0.0,0.1,25.0,3.5,4.3,81.8,0.9,1.6,2.5,2.5,1.2,0.4,1.6,12.5
F,63,James Worthy,82,29.5,14.5,6.0,10.9,55.6,0.0,0.1,0.0,2.4,3.1,75.9,1.9,4.4,6.3,2.5,0.9,0.9,2.2,17.3
F,64,Al Wood,81,27.6,14.3,5.8,11.7,49.4,0.0,0.3,14.3,2.8,3.3,82.3,1.2,2.2,3.4,2.0,0.8,0.4,1.6,12.9
C,65,Mickey Johnson,78,27.2,13.6,4.6,10.9,42.1,0.1,0.4,17.2,4.3,5.5,78.5,2.5,4.1,6.6,2.8,1.3,0.4,2.8,14.5
G,66,Bob Lanier,72,27.9,13.6,5.4,9.5,57.2,0.0,0.0,0.0,2.7,3.8,70.8,2.0,4.4,6.3,2.6,0.8,0.7,2.3,16.6
F,67,Butch Carter,73,28.0,13.4,5.7,11.8,47.9,0.2,0.6,32.6,1.9,2.4,76.4,1.0,1.1,2.1,2.8,1.8,0.2,1.9,11.6
C,68,Rickey Green,81,34.2,13.2,5.4,11.2,48.6,0.0,0.2,11.8,2.4,2.9,82.1,0.7,2.1,2.8,9.2,2.7,0.2,2.1,19.7
F,69,Dennis Johnson,80,33.3,13.2,4.8,11.0,43.7,0.1,0.4,12.5,3.5,4.1,85.2,1.1,2.4,3.5,4.2,1.2,0.7,2.2,13.8
C,70,Gene Banks,80,32.5,13.1,5.3,9.3,56.8,0.0,0.1,16.7,2.5,3.4,74.1,2.6,4.7,7.3,3.2,1.3,0.3,2.1,18.2
G,71,Bob McAdoo,70,20.8,13.1,5.0,10.7,47.1,0.0,0.1,0.0,3.0,3.8,80.3,1.2,3.0,4.1,1.1,0.6,0.7,1.8,11.4
G,72,Pat Cummings,80,31.2,13.1,5.7,11.4,49.4,0.0,0.0,0.0,1.8,2.4,74.2,1.9,6.3,8.2,2.0,0.8,0.3,1.8,16.1
F,73,George Johnson,81,25.6,13.0,5.1,10.9,46.5,0.1,0.6,23.4,2.8,3.3,82.6,1.7,4.0,5.7,2.4,1.0,0.6,2.3,14.0
F,74,Vinnie Johnson,82,23.3,13.0,5.2,11.0,47.3,0.0,0.2,21.1,2.5,3.4,75.3,1.6,1.3,2.9,3.3,0.5,0.2,1.6,11.7
F,75,Billy Knight,75,25.1,12.8,4.8,9.7,49.1,0.1,0.2,28.6,3.2,3.8,85.9,1.2,2.2,3.4,2.1,0.7,0.1,2.1,11.6
G-F,76,Maurice Cheeks,75,33.3,12.7,5.1,9.4,55.0,0.1,0.3,40.0,2.3,3.1,73.3,0.6,2.1,2.7,6.4,2.3,0.3,2.4,16.9
G-F,77,Mitchell Wiggins,82,25.9,12.4,4.9,10.9,44.8,0.1,0.4,24.1,2.6,3.5,74.2,1.7,2.3,4.0,2.3,1.3,0.1,1.7,11.5
G,78,Johnny Davis,75,27.7,12.3,4.7,10.7,44.3,0.0,0.1,0.0,2.9,3.4,84.8,0.7,1.1,1.9,4.3,0.8,0.1,1.8,11.2
F,79,Dave Corzine,82,32.6,12.2,4.7,10.0,46.7,0.0,0.1,33.3,2.8,3.4,84.0,2.1,5.0,7.0,2.5,0.7,1.5,2.1,15.9
C,80,David Greenwood,78,34.8,12.2,4.7,9.7,49.0,0.0,0.0,0.0,2.7,3.7,73.7,2.7,7.3,10.1,1.8,0.9,0.9,1.9,18.0
G,81,Jeff Malone,81,24.4,12.1,5.0,11.3,44.4,0.3,0.9,32.4,1.8,2.1,82.6,0.7,1.2,1.9,1.9,0.3,0.2,1.4,8.3
F-C,82,Frank Johnson,82,32.8,12.0,4.8,10.2,46.7,0.1,0.5,25.6,2.3,3.1,74.2,0.7,1.5,2.2,6.9,1.2,0.1,2.3,13.8
G,83,Steve Stipanovich,81,30.0,12.0,4.8,10.1,48.0,0.0,0.2,18.8,2.3,3.0,75.3,1.4,5.5,6.9,2.1,0.9,0.8,2.0,14.8
F,84,Cedric Maxwell,80,31.3,11.9,4.0,7.5,53.2,0.0,0.1,16.7,4.0,5.3,75.3,2.5,3.3,5.8,2.6,0.8,0.3,2.5,14.0
C,85,James Donaldson,82,30.8,11.8,4.4,7.4,59.6,0.0,0.0,0.0,3.0,4.0,76.1,2.0,5.9,7.9,1.1,0.5,1.7,2.1,17.0
C,86,Gerald Henderson,78,26.8,11.6,4.8,9.2,52.4,0.3,0.7,35.1,1.7,2.3,76.8,0.9,1.0,1.9,3.8,1.5,0.2,2.1,12.1
G-F,87,Allen Leavell,82,24.5,11.5,4.3,8.9,47.7,0.1,0.9,15.5,2.9,3.5,83.2,0.4,1.0,1.4,5.6,1.3,0.1,2.2,12.5
F,88,Jerry Sichting,80,31.2,11.5,5.0,9.3,53.2,0.1,0.3,30.0,1.5,1.7,86.7,0.6,1.6,2.1,5.7,1.1,0.1,1.8,14.2
G,89,Brad Davis,81,32.9,11.1,4.3,8.0,53.0,0.1,0.5,18.4,2.5,2.9,83.6,0.5,1.8,2.3,6.9,1.2,0.2,2.0,15.3
C,90,Lester Conner,82,31.4,11.1,4.4,8.9,49.3,0.0,0.1,16.7,2.3,3.2,71.8,1.6,2.1,3.7,4.9,2.0,0.1,1.7,14.6
G,91,Greg Kelser,80,22.3,11.0,3.9,7.5,51.9,0.0,0.1,33.3,3.1,4.5,70.2,2.4,2.5,4.9,1.1,0.9,0.4,2.4,10.9
F-G,92,Rodney McCray,79,26.3,10.8,4.2,8.5,49.9,0.0,0.1,25.0,2.3,3.2,73.1,2.2,3.5,5.7,2.2,0.7,0.7,1.5,13.4
G,93,Phil Hubbard,80,22.5,10.8,4.0,7.9,51.1,0.0,0.0,0.0,2.8,3.7,73.9,2.2,2.6,4.8,1.1,0.9,0.1,1.4,11.3
F-C,94,Lonnie Shelton,79,26.6,10.8,4.7,9.9,47.6,0.0,0.1,20.0,1.4,1.8,76.4,1.8,3.1,4.8,2.3,1.0,0.7,2.1,11.8
F,95,Byron Scott,74,22.1,10.6,4.5,9.3,48.4,0.1,0.5,23.5,1.5,1.9,80.6,0.7,1.5,2.2,2.4,1.1,0.3,1.6,9.9
G,96,Geoff Huston,77,26.5,10.5,4.5,9.1,49.8,0.0,0.1,18.2,1.4,2.0,71.4,0.4,0.8,1.2,5.4,0.5,0.0,1.9,10.6
G-F,97,Rory Sparrow,79,30.8,10.4,4.4,9.3,47.4,0.1,0.5,25.6,1.4,1.7,82.4,0.6,1.8,2.4,6.8,1.3,0.1,2.7,13.1
C,98,LaSalle Thompson,80,23.9,10.3,4.2,8.0,52.3,0.0,0.0,0.0,2.0,2.8,71.7,3.3,5.6,8.9,1.1,0.9,1.8,2.1,16.3
G-F,99,Edgar Jones,81,21.9,10.2,4.0,8.0,50.0,0.1,0.2,31.6,2.2,3.0,72.7,1.8,3.8,5.5,1.0,0.8,1.3,1.5,12.6
C-F,100,Rob Williams,79,24.4,10.2,3.9,8.5,46.1,0.2,0.6,31.9,2.2,2.6,81.8,0.7,1.8,2.5,5.9,1.1,0.1,2.1,12.4
G,101,Kyle Macy,82,29.3,10.1,4.4,8.7,50.1,0.3,0.9,32.9,1.2,1.4,83.3,0.6,1.7,2.3,4.3,1.5,0.1,1.4,12.3
C,102,Caldwell Jones,81,30.9,9.9,3.9,7.8,50.2,0.0,0.0,33.3,2.0,2.4,83.7,2.1,5.1,7.2,1.9,0.6,1.0,2.0,14.3
F,103,Mike McGee,77,18.5,9.8,4.5,7.6,59.4,0.0,0.2,15.4,0.8,1.5,54.0,1.5,1.0,2.5,1.1,0.6,0.1,1.4,8.9
F,104,Wayne Cooper,81,20.5,9.8,3.8,8.2,45.9,0.0,0.1,0.0,2.3,2.8,80.4,2.2,3.7,5.9,0.9,0.3,1.3,1.4,11.9
F-G,105,Lafayette Lever,81,24.8,9.7,3.9,8.7,44.7,0.0,0.2,20.0,2.0,2.6,74.3,1.2,1.5,2.7,4.6,1.7,0.4,1.5,12.0
G,106,Alvan Adams,70,20.7,9.6,3.8,8.3,46.2,0.0,0.1,0.0,1.9,2.3,82.5,1.7,2.9,4.6,3.1,1.0,0.4,1.7,12.2
G,107,Kelvin Ransey,80,24.2,9.5,3.8,8.8,43.4,0.1,0.4,21.9,1.8,2.3,79.2,0.4,1.2,1.6,6.0,1.1,0.1,1.8,11.2
C-F,108,Steve Johnson,81,18.4,9.5,3.7,6.7,55.9,0.0,0.0,0.0,2.0,3.5,57.5,2.0,3.2,5.2,1.0,0.5,0.9,2.0,10.5
G,109,Mark Olberding,81,26.7,9.4,3.1,6.2,49.4,0.0,0.0,0.0,3.2,3.9,82.1,1.5,4.0,5.5,2.4,0.6,0.3,2.0,12.3
G,110,Doc Rivers,81,23.9,9.3,3.1,6.7,46.2,0.0,0.1,16.7,3.1,4.0,78.5,0.9,1.8,2.7,3.9,1.6,0.4,2.1,11.3
G-F,111,Paul Thompson,82,21.1,9.0,3.8,8.1,46.7,0.1,0.5,23.1,1.4,1.8,77.2,1.5,2.3,3.8,1.5,0.9,0.5,0.9,10.0
F,112,Michael Cooper,82,29.1,9.0,3.3,6.7,49.7,0.5,1.5,31.4,1.9,2.3,83.8,0.6,2.5,3.2,5.9,1.4,0.8,1.8,14.7
F-C,112,Rick Mahorn,82,32.9,9.0,3.7,7.4,50.7,0.0,0.0,0.0,1.5,2.3,65.1,2.1,6.9,9.0,1.6,0.8,1.5,1.7,15.7
F,114,Louis Orr,78,21.0,8.9,3.4,7.3,45.8,0.0,0.0,0.0,2.2,2.7,82.0,1.3,1.6,2.9,0.8,0.8,0.2,1.2,8.0
G,115,John Bagley,76,22.5,8.9,3.4,8.0,42.3,0.0,0.2,11.8,2.1,2.6,79.3,0.6,1.4,2.1,4.4,1.0,0.1,2.2,9.0
G-F,116,James Bailey,73,16.1,8.8,3.5,7.1,49.1,0.0,0.0,0.0,1.9,2.6,71.9,1.4,2.6,4.0,1.1,0.5,0.5,1.4,9.2
G,117,Terry Tyler,82,19.5,8.8,3.8,8.4,45.3,0.0,0.2,15.4,1.1,1.6,71.2,1.3,2.2,3.5,0.9,0.8,0.7,1.0,8.7
F-C,118,Darwin Cook,82,22.8,8.7,3.7,8.4,44.3,0.1,0.6,23.9,1.2,1.5,75.4,0.6,1.3,1.9,4.3,2.0,0.4,1.7,10.6
F,119,Tree Rollins,77,30.5,8.6,3.6,6.9,51.8,0.0,0.0,0.0,1.5,2.5,62.1,2.6,5.1,7.7,0.8,0.5,3.6,1.3,15.6
F,120,Thurl Bailey,81,24.8,8.5,3.7,7.3,51.2,0.0,0.0,0.0,1.1,1.4,75.2,1.4,4.3,5.7,1.6,0.5,1.5,1.3,12.6
F,121,Richard Anderson,78,17.7,8.5,3.5,8.2,42.6,0.0,0.2,15.8,1.5,1.9,77.3,1.7,3.5,5.2,2.5,0.6,0.4,1.4,10.6
G,122,Fred Brown,71,15.9,8.5,3.6,7.1,51.0,0.1,0.5,26.5,1.1,1.2,89.5,0.2,0.7,0.9,2.7,0.7,0.0,1.0,8.2
F-C,123,Mike Glenn,81,18.6,8.4,3.9,6.8,56.3,0.0,0.0,50.0,0.7,0.9,80.0,0.2,1.1,1.3,2.1,0.6,0.1,0.8,8.5
G,124,Danny Vranes,80,27.2,8.4,3.2,6.2,52.1,0.0,0.0,0.0,1.9,3.0,64.8,1.9,3.1,4.9,1.7,0.6,0.7,1.5,10.8
F-G,125,Ennis Whatley,80,27.0,8.4,3.3,7.0,46.9,0.0,0.0,0.0,1.8,2.5,73.0,0.8,1.7,2.5,8.3,1.5,0.2,3.4,13.1
F,126,Paul Pressey,81,21.4,8.3,3.4,6.5,52.3,0.0,0.1,22.2,1.5,2.5,60.0,1.3,2.2,3.5,3.1,1.1,0.6,1.9,10.6
F-G,127,Rod Foster,80,17.8,8.3,3.3,7.3,44.8,0.3,1.1,26.2,1.5,1.9,78.7,0.5,1.0,1.5,2.2,0.7,0.1,1.4,7.0
F-C,128,Bobby Jones,75,23.5,8.3,3.0,5.8,52.3,0.0,0.0,0.0,2.2,2.8,78.4,1.2,3.1,4.3,2.5,1.4,1.4,1.3,13.1
G,129,Mike Evans,78,21.6,8.1,3.1,7.2,43.1,0.4,1.1,36.0,1.4,1.7,84.7,0.3,1.5,1.8,3.7,0.8,0.1,1.5,8.5
G,130,Kurt Nimphius,82,27.9,7.9,3.3,6.4,52.0,0.0,0.0,25.0,1.2,2.0,62.3,2.2,4.0,6.3,2.1,0.5,1.8,1.2,13.5
G,131,Darrell Walker,82,16.1,7.9,2.6,6.3,41.7,0.0,0.2,26.7,2.5,3.2,79.1,0.9,1.1,2.0,3.5,1.5,0.2,2.4,8.4
F,132,Reggie King,77,27.1,7.8,3.0,5.8,52.0,0.0,0.0,0.0,1.8,2.7,66.0,1.7,4.4,6.1,2.3,0.7,0.3,1.6,11.9
C,133,Jeff Wilkins,81,21.4,7.8,3.1,6.4,47.9,0.0,0.0,0.0,1.7,2.2,73.6,1.3,4.3,5.6,0.9,0.3,0.5,1.3,9.9
G,134,Craig Hodges,76,20.7,7.8,3.4,7.5,45.0,0.1,0.6,21.7,0.9,1.2,75.0,0.3,0.8,1.1,1.5,0.8,0.0,1.1,5.7
F,135,Larry Smith,75,27.9,7.8,3.3,5.8,56.0,0.0,0.0,0.0,1.3,2.2,56.0,3.8,5.2,9.0,1.0,0.8,0.3,1.7,13.6
G,136,Clyde Drexler,82,17.2,7.7,3.1,6.8,45.1,0.0,0.0,25.0,1.5,2.1,72.8,1.4,1.5,2.9,1.9,1.3,0.4,1.5,8.2
F-G,137,Alton Lister,82,23.8,7.6,3.1,6.2,50.0,0.0,0.0,0.0,1.4,2.2,62.6,1.9,5.5,7.4,1.3,0.5,1.7,1.9,12.7
C,138,Mike Gminski,82,20.2,7.6,2.9,5.6,51.3,0.0,0.0,0.0,1.8,2.2,79.9,2.0,3.3,5.3,1.1,0.5,0.9,1.5,10.6
F,139,Cliff Levingston,80,21.8,7.3,2.9,5.5,52.5,0.0,0.0,0.0,1.6,2.3,67.2,2.9,3.9,6.8,1.4,0.6,1.0,1.0,12.7
F,140,Fred Roberts,79,19.4,7.3,2.7,5.1,53.6,0.0,0.1,25.0,1.8,2.2,83.7,1.3,2.6,3.8,1.2,0.7,0.5,1.3,9.5
F-G,141,Dan Schayes,82,17.3,7.1,2.2,4.5,49.3,0.0,0.0,0.0,2.6,3.3,79.0,1.8,3.5,5.3,1.1,0.4,0.7,1.5,10.2
F,142,Phil Ford,81,24.9,7.1,2.9,5.8,50.2,0.0,0.2,13.3,1.2,1.4,83.8,0.3,1.3,1.7,5.1,0.7,0.1,1.7,9.9
F,143,Kent Benson,82,21.1,7.1,3.0,5.5,55.0,0.0,0.0,0.0,1.0,1.2,82.2,1.4,3.6,5.0,1.6,0.9,0.6,1.0,11.5
F,144,Jon Sundvold,73,17.6,6.9,3.0,6.7,44.5,0.1,0.5,24.3,0.9,1.0,88.9,0.3,0.9,1.2,3.3,0.4,0.0,1.1,6.9
G,145,Mike Bratz,82,17.4,6.8,2.6,6.4,40.9,0.2,0.6,29.4,1.5,1.7,87.6,0.5,1.2,1.7,3.1,1.0,0.1,1.3,7.5
G,146,Joe Meriweather,73,20.6,6.6,2.6,5.0,53.2,0.0,0.0,0.0,1.3,1.7,76.4,1.5,3.3,4.8,0.7,0.5,0.8,1.1,9.6
F,147,Samuel Williams,77,18.6,6.5,2.6,5.6,47.3,0.0,0.0,0.0,1.2,1.8,65.7,1.6,2.8,4.4,0.8,0.9,1.4,1.3,9.1
G,148,Rod Higgins,78,20.2,6.4,2.5,5.5,44.7,0.0,0.3,4.5,1.4,2.0,72.4,1.1,1.5,2.6,1.5,0.6,0.4,1.0,6.9
G,149,Jim Thomas,72,16.9,6.3,2.6,5.6,46.4,0.0,0.2,9.1,1.1,1.5,72.7,0.8,1.3,2.1,1.8,0.8,0.1,1.0,6.7
C,150,Darren Daye,75,15.7,6.1,2.4,5.4,44.1,0.0,0.1,0.0,1.3,1.8,71.4,1.2,1.3,2.5,2.3,0.5,0.2,1.3,6.8
F,151,Mike O'Koren,73,16.3,5.9,2.5,5.3,48.3,0.1,0.4,17.9,0.7,1.2,60.9,1.0,1.4,2.4,1.3,0.5,0.2,1.0,6.0
F,152,Jeff Cook,81,24.1,5.8,2.3,4.8,48.6,0.0,0.0,50.0,1.2,1.6,72.3,2.1,3.8,6.0,1.5,0.8,0.6,1.1,10.7
F,153,Derek Harper,82,20.9,5.7,2.4,5.5,44.3,0.0,0.3,11.5,0.8,1.2,67.3,0.6,1.5,2.1,2.9,1.2,0.3,1.4,7.3
F-C,154,Clemon Johnson,80,21.5,5.7,2.4,5.2,46.8,0.0,0.0,0.0,0.9,1.4,61.1,1.6,3.3,5.0,0.7,0.4,0.8,1.2,8.1
G,155,T.R. Dunn,80,33.8,5.7,2.2,4.6,47.0,0.0,0.0,0.0,1.3,1.8,73.1,2.4,4.7,7.2,2.9,2.2,0.4,1.2,14.1
G,156,Mark Eaton,82,26.1,5.6,2.4,5.1,46.6,0.0,0.0,0.0,0.9,1.5,59.3,1.8,5.5,7.3,1.4,0.3,4.3,1.2,14.3
F,157,Mark McNamara,70,14.8,5.5,2.2,3.6,62.1,0.0,0.0,0.0,1.1,2.2,47.1,2.0,2.6,4.5,0.4,0.2,0.2,1.3,7.1
G,158,Roy Hinson,80,23.2,5.5,2.3,4.6,49.6,0.0,0.0,0.0,0.9,1.5,59.0,2.2,4.1,6.2,0.9,0.4,1.8,1.4,10.5
G-F,159,Bill Hanzlik,80,18.4,5.4,1.7,3.8,43.1,0.0,0.2,25.0,2.1,2.6,80.7,0.8,1.7,2.6,3.2,0.9,0.2,1.4,8.2
C,160,Danny Ainge,71,16.3,5.4,2.3,5.1,46.0,0.1,0.3,27.3,0.6,0.8,82.1,0.4,1.2,1.6,2.3,0.6,0.1,1.0,6.1
C-F,161,Jerome Whitehead,70,13.2,5.4,2.1,4.2,49.0,0.0,0.0,0.0,1.3,1.5,82.2,1.3,2.2,3.5,0.3,0.2,0.2,0.8,6.3
G,162,Ernie Grunfeld,76,14.7,5.2,2.2,4.8,45.9,0.0,0.1,22.2,0.8,1.1,77.1,0.3,1.3,1.6,1.4,0.6,0.1,0.9,5.1
F-G,163,Rich Kelley,75,22.3,5.2,1.8,3.5,50.0,0.0,0.0,0.0,1.7,2.2,76.5,1.9,4.7,6.5,2.1,0.7,0.4,2.0,10.7
C,164,Bill Garnett,80,19.1,5.1,1.8,3.7,47.2,0.0,0.0,0.0,1.6,2.2,73.3,1.5,2.6,4.1,1.6,0.6,0.8,0.9,8.8
G-F,165,Marc Iavaroni,78,19.6,5.1,1.9,4.1,46.3,0.0,0.0,0.0,1.2,1.7,74.0,1.2,2.8,4.0,1.2,0.5,0.7,1.6,7.2
F,166,Don Buse,76,17.5,5.0,2.0,4.6,42.6,0.2,0.8,30.5,0.8,1.1,78.8,0.4,1.1,1.5,4.0,1.1,0.0,1.1,7.6
G,167,Elvin Hayes,81,12.3,5.0,2.0,4.8,40.6,0.0,0.0,0.0,1.1,1.6,65.2,1.1,2.1,3.2,0.9,0.2,0.3,1.0,5.2
F-G,168,Reggie Johnson,72,11.4,4.8,1.8,3.6,49.6,0.0,0.0,0.0,1.3,1.8,73.0,0.7,1.2,1.9,0.6,0.3,0.3,0.8,4.8
C,169,Randy Wittman,78,13.7,4.5,2.1,4.1,50.3,0.0,0.1,40.0,0.4,0.6,60.9,0.2,0.7,0.9,0.9,0.2,0.0,0.4,3.9
G,170,Audie Norris,79,14.6,4.5,1.6,3.1,50.4,0.0,0.0,0.0,1.3,1.9,69.8,1.0,2.2,3.3,1.0,0.4,0.4,1.4,5.9
G,171,Jerry Eaves,80,12.9,4.5,1.7,3.7,45.1,0.0,0.1,0.0,1.2,1.7,69.7,0.4,0.7,1.1,2.5,0.4,0.1,1.2,4.8
G,172,Sidney Lowe,78,15.9,4.2,1.4,3.3,41.3,0.0,0.2,11.1,1.4,1.8,77.7,0.4,1.2,1.6,3.4,1.2,0.1,1.4,6.7
G,173,Quinn Buckner,79,15.8,4.1,1.7,4.1,42.7,0.0,0.1,0.0,0.6,0.9,64.9,0.5,1.2,1.7,2.7,1.1,0.0,1.3,5.7
F,174,Billy McKinney,80,10.5,3.9,1.7,3.8,44.6,0.0,0.0,0.0,0.5,0.6,84.8,0.1,0.6,0.7,2.0,0.3,0.0,0.6,4.1
F,175,Marvin Webster,76,17.0,3.8,1.5,3.1,46.9,0.0,0.0,0.0,0.9,1.5,56.4,1.9,2.9,4.8,0.7,0.4,1.3,1.1,7.6
G,176,Steve Hawes,79,14.6,3.7,1.4,3.0,48.1,0.0,0.1,25.0,0.8,1.0,78.2,0.6,2.2,2.8,1.3,0.3,0.2,0.7,5.8
F,177,Darren Tillis,72,10.1,3.6,1.5,3.5,42.5,0.0,0.0,0.0,0.6,0.9,65.1,1.0,1.5,2.6,0.3,0.2,0.8,0.7,4.4
F,178,Granville Waiters,78,13.3,3.6,1.6,3.1,51.7,0.0,0.0,0.0,0.4,0.7,60.8,0.8,2.1,2.9,0.8,0.3,1.1,0.8,6.1
F,179,Earl Cureton,73,12.4,2.6,1.1,2.4,45.8,0.0,0.0,0.0,0.4,0.8,52.5,1.2,2.8,3.9,0.5,0.3,0.4,0.8,5.4
F,180,Ed Nealy,71,13.5,2.5,0.9,1.8,50.0,0.0,0.0,0.0,0.7,0.8,80.0,1.0,2.1,3.1,0.7,0.6,0.1,0.5,5.5
