pos,#,player,gp,min,pts,fgm,fga,fg%,3pm,3pa,3p%,ftm,fta,ft%,oreb,dreb,reb,ast,stl,blk,tov,eff
G,1,Dominique Wilkins,78,39.1,30.3,11.4,24.3,46.8,0.2,0.9,18.6,7.4,9.0,81.8,3.3,4.6,7.9,2.6,1.8,0.6,3.2,25.5
F-C,2,Adrian Dantley,76,36.1,29.8,10.8,19.1,56.3,0.0,0.1,9.1,8.3,10.5,79.1,2.3,2.9,5.2,3.5,0.8,0.1,3.0,25.8
F-G,3,Alex English,81,37.3,29.8,11.7,23.3,50.4,0.0,0.1,20.0,6.3,7.3,86.2,2.4,2.6,5.0,4.0,0.9,0.4,3.1,24.4
F,4,Larry Bird,82,38.0,25.8,9.7,19.6,49.6,1.0,2.4,42.3,5.4,6.0,89.6,2.3,7.5,9.8,6.8,2.0,0.6,3.2,31.3
G,5,Purvis Short,64,37.9,25.5,9.9,20.5,48.2,0.2,0.8,30.6,5.5,6.3,86.5,2.0,3.2,5.1,3.7,1.4,0.3,2.9,21.8
F,6,Kiki Vandeweghe,79,35.3,24.8,9.1,16.9,54.0,0.0,0.1,12.5,6.6,7.6,86.9,1.2,1.6,2.7,2.4,0.7,0.2,2.2,19.8
G,7,Moses Malone,74,36.6,23.8,7.7,16.8,45.8,0.0,0.0,0.0,8.3,10.6,78.7,4.6,7.2,11.8,1.2,0.9,1.0,3.5,23.7
G,8,Hakeem Olajuwon,68,36.3,23.5,9.2,17.5,52.6,0.0,0.0,0.0,5.1,7.9,64.5,4.9,6.6,11.5,2.0,2.0,3.4,2.9,28.4
F,9,Mike Mitchell,82,36.2,23.4,9.8,20.7,47.3,0.0,0.1,0.0,3.9,4.8,80.9,1.6,3.4,5.0,2.3,0.7,0.3,2.2,17.6
G,10,World Free,75,33.8,23.4,8.7,19.1,45.5,0.9,2.3,42.0,5.1,6.5,78.0,1.0,1.9,2.9,4.2,1.2,0.3,2.3,17.8
G,11,Kareem Abdul-Jabbar,79,33.3,23.4,9.6,16.9,56.4,0.0,0.0,0.0,4.3,5.6,76.5,1.7,4.4,6.1,3.5,0.8,1.6,2.6,24.2
C,12,Mark Aguirre,74,33.8,22.6,9.0,17.9,50.3,0.2,0.8,28.6,4.3,6.1,70.5,2.4,3.6,6.0,4.6,0.8,0.2,3.4,20.1
G,13,Jeff Malone,80,37.4,22.4,9.2,19.0,48.3,0.0,0.2,17.6,4.0,4.6,86.8,0.8,2.8,3.6,2.4,0.9,0.2,2.1,16.9
G,14,Walter Davis,70,32.0,21.8,8.9,18.4,48.5,0.3,1.1,23.7,3.7,4.4,84.3,0.8,2.1,2.9,5.2,1.4,0.0,3.1,18.0
G,15,Rolando Blackman,82,34.0,21.5,8.3,16.1,51.4,0.0,0.4,13.8,4.9,5.9,83.6,1.1,2.5,3.5,3.3,1.0,0.3,2.3,18.5
G,16,Kevin McHale,68,35.3,21.3,8.3,14.4,57.4,0.0,0.0,0.0,4.8,6.2,77.6,2.5,5.6,8.1,2.7,0.4,2.0,2.2,24.8
F,17,Joe Barry Carroll,79,35.5,21.2,8.2,17.8,46.3,0.0,0.0,0.0,4.8,6.3,75.2,2.4,6.0,8.5,2.2,1.3,1.8,3.5,20.4
F,18,Isiah Thomas,77,36.2,20.9,7.9,16.2,48.8,0.3,1.1,31.0,4.7,6.0,79.0,1.1,2.5,3.6,10.8,2.2,0.3,3.8,24.4
G,19,Orlando Woolridge,70,32.1,20.7,7.7,15.6,49.5,0.1,0.3,17.4,5.2,6.6,78.8,2.1,2.9,5.0,3.0,0.7,0.7,2.5,18.4
C,20,Marques Johnson,75,34.7,20.3,8.2,16.0,51.0,0.0,0.2,6.7,4.0,5.2,76.0,2.1,3.5,5.5,3.8,1.4,0.7,2.4,20.2
G,21,Larry Nance,73,34.0,20.2,8.0,13.7,58.1,0.0,0.1,0.0,4.2,6.1,69.8,2.3,6.2,8.5,3.3,1.0,1.8,2.9,24.2
F,22,Sidney Moncrief,73,35.2,20.2,6.4,13.2,48.9,0.5,1.4,32.0,6.8,7.9,85.9,1.6,3.0,4.6,4.9,1.4,0.2,2.4,21.0
G,23,Charles Barkley,80,36.9,20.0,7.4,13.0,57.2,0.2,0.9,22.7,5.0,7.2,68.5,4.4,8.4,12.8,3.9,2.2,1.6,4.4,28.3
F,24,Kelly Tripucka,81,32.4,20.0,7.6,15.3,49.8,0.1,0.3,48.0,4.7,5.5,85.6,1.4,2.9,4.3,3.3,1.1,0.1,2.3,18.1
G,25,James Worthy,75,32.7,20.0,8.4,14.5,57.9,0.0,0.2,0.0,3.2,4.2,77.1,1.8,3.3,5.2,2.7,1.1,1.0,2.0,20.9
G,26,Herb Williams,78,35.5,19.9,8.0,16.3,49.2,0.0,0.2,8.3,3.8,5.2,73.0,2.2,6.9,9.1,2.2,0.6,2.4,2.7,21.8
F,27,Terry Cummings,82,32.5,19.8,8.3,17.5,47.4,0.0,0.0,0.0,3.2,4.9,65.6,2.7,5.8,8.5,2.4,1.5,0.6,2.3,19.5
G,28,Roy Hinson,82,34.6,19.6,7.6,14.2,53.2,0.0,0.0,0.0,4.4,6.2,71.9,2.0,5.8,7.8,1.2,0.8,1.4,2.3,20.1
F,29,Ralph Sampson,79,36.3,18.9,7.9,16.2,48.8,0.0,0.2,13.3,3.1,4.8,64.1,3.3,7.9,11.1,3.6,1.3,1.6,3.6,22.8
C,30,Magic Johnson,72,35.8,18.8,6.7,12.8,52.6,0.1,0.6,23.3,5.3,6.0,87.1,1.2,4.7,5.9,12.6,1.6,0.2,3.8,28.5
G,31,Cliff T. Robinson,78,32.9,18.7,7.6,16.1,47.4,0.0,0.0,33.3,3.4,4.5,76.2,2.3,6.4,8.7,2.4,1.3,0.6,2.6,19.5
G,32,Eddie Johnson,82,30.7,18.7,7.6,16.0,47.5,0.0,0.2,20.0,3.4,4.2,81.6,2.1,3.0,5.1,2.6,0.7,0.2,2.3,15.8
G-F,33,Clyde Drexler,75,34.3,18.5,7.2,15.2,47.5,0.2,0.8,20.0,3.9,5.1,76.9,2.3,3.3,5.6,8.0,2.6,0.6,3.8,22.4
F,34,Reggie Theus,82,35.6,18.3,6.7,13.9,48.0,0.1,0.4,17.1,4.9,6.0,82.7,0.9,2.8,3.7,9.6,1.4,0.2,4.0,21.0
F,35,Julius Erving,74,33.4,18.1,7.0,14.7,48.0,0.1,0.4,28.1,3.9,5.0,78.5,2.3,2.7,5.0,3.4,1.5,1.1,2.9,17.5
C-F,36,Sleepy Floyd,82,33.7,17.2,6.2,12.3,50.6,0.5,1.5,32.8,4.3,5.4,79.6,0.9,2.7,3.6,9.1,1.9,0.2,3.5,21.3
G,37,Jack Sikma,80,34.9,17.1,6.4,13.8,46.2,0.0,0.2,0.0,4.4,5.1,86.4,1.8,7.5,9.4,3.8,1.2,0.9,2.7,21.5
F-G,38,Xavier McDaniel,82,33.0,17.1,7.0,14.3,49.0,0.0,0.1,20.0,3.0,4.4,68.7,3.7,4.2,8.0,2.4,1.2,0.5,3.0,17.4
G,39,Alvin Robertson,82,35.1,17.0,6.9,13.3,51.4,0.1,0.4,27.6,3.2,4.0,79.5,2.2,4.0,6.3,5.5,3.7,0.5,3.1,22.5
C,40,Lewis Lloyd,82,29.8,16.9,7.2,13.6,52.9,0.0,0.2,21.4,2.4,2.9,84.3,1.9,2.1,4.0,3.7,1.2,0.3,2.4,16.8
G-F,41,Artis Gilmore,71,33.7,16.7,6.0,9.6,61.8,0.0,0.0,0.0,4.8,6.8,70.1,2.3,6.1,8.5,1.4,0.5,1.5,2.6,20.3
G,42,Bill Laimbeer,82,35.3,16.6,6.6,13.5,49.2,0.0,0.2,28.6,3.2,3.9,83.4,3.7,9.4,13.1,1.8,0.7,0.8,1.6,23.9
C,43,Mike Gminski,81,31.2,16.5,6.1,11.7,51.7,0.0,0.0,0.0,4.3,4.9,89.3,2.5,5.7,8.2,1.6,0.7,0.9,1.7,20.0
F-C,44,George Gervin,82,25.2,16.2,6.3,13.4,47.2,0.0,0.2,21.1,3.5,3.9,87.9,1.0,1.7,2.6,1.8,0.6,0.3,2.0,11.9
F,45,Robert Parish,81,31.7,16.1,6.5,11.9,54.9,0.0,0.0,0.0,3.0,4.1,73.1,3.0,6.5,9.5,1.8,0.8,1.4,2.3,20.8
F,46,Buck Williams,82,37.4,15.9,6.1,11.7,52.3,0.0,0.0,0.0,3.7,5.4,67.6,4.0,8.0,12.0,1.6,0.9,1.2,3.0,21.3
G,47,Otis Birdsong,77,31.1,15.8,7.0,13.7,51.3,0.1,0.3,36.4,1.6,2.7,58.1,1.1,1.5,2.6,3.4,1.1,0.2,2.3,13.0
F-G,48,Mike Woodson,81,29.8,15.6,6.3,13.2,47.5,0.0,0.2,15.4,3.0,3.6,83.7,1.2,1.6,2.8,2.4,1.1,0.5,1.8,13.1
G-F,49,Dennis Johnson,78,35.0,15.6,6.2,13.6,45.5,0.1,0.5,14.3,3.1,3.8,81.8,0.9,2.6,3.4,5.8,1.4,0.4,2.2,16.4
F-G,50,Byron Scott,76,28.8,15.4,6.7,13.0,51.3,0.3,0.8,36.1,1.8,2.3,78.4,0.7,1.8,2.5,2.2,1.1,0.2,1.4,13.1
G,51,Maurice Cheeks,82,39.9,15.4,6.0,11.1,53.7,0.0,0.2,23.5,3.4,4.1,84.2,0.7,2.2,2.9,9.2,2.5,0.3,2.9,21.6
G,52,Sam Perkins,80,32.8,15.4,5.7,11.4,50.3,0.1,0.4,33.3,3.8,4.7,81.4,2.4,6.1,8.6,1.9,0.9,1.2,1.8,19.7
F,53,Karl Malone,81,30.6,14.9,6.2,12.5,49.6,0.0,0.0,0.0,2.4,5.0,48.1,2.1,6.7,8.9,2.9,1.3,0.5,3.4,16.1
C,54,Wayman Tisdale,81,28.1,14.7,6.4,12.4,51.5,0.0,0.0,0.0,2.0,2.9,68.4,2.4,4.9,7.2,1.0,0.4,0.5,2.3,14.6
F,55,Mychal Thompson,82,31.3,14.7,6.1,12.3,49.8,0.0,0.0,0.0,2.4,3.8,64.1,2.2,5.2,7.4,2.1,0.9,0.4,2.4,15.7
G,56,Thurl Bailey,82,28.8,14.6,5.9,13.1,44.8,0.0,0.1,0.0,2.8,3.4,83.0,1.8,4.2,6.0,1.9,0.5,1.4,1.8,14.8
G-F,57,Albert King,73,27.4,14.3,6.0,13.2,45.6,0.1,0.3,17.4,2.3,2.8,82.3,1.6,3.4,5.0,2.5,0.8,0.3,2.5,12.8
F,58,Paul Pressey,80,33.8,14.3,5.1,10.5,48.8,0.1,0.6,18.2,4.0,4.9,80.6,1.6,3.4,5.0,7.8,2.1,0.9,3.0,20.7
F,59,Terry Teagle,82,26.3,14.2,5.8,11.7,49.6,0.0,0.3,16.0,2.6,3.2,79.6,1.2,1.7,2.9,1.4,0.9,0.4,1.7,11.5
C,60,Vern Fleming,80,35.9,14.2,5.5,10.8,50.6,0.0,0.1,16.7,3.3,4.4,74.5,1.3,3.6,4.8,6.3,1.6,0.1,2.6,18.0
F,61,Cedric Maxwell,76,32.3,14.1,4.1,8.7,47.5,0.0,0.0,0.0,5.9,7.4,79.5,3.2,5.0,8.2,2.8,0.8,0.4,2.7,17.6
G,62,Ricky Pierce,81,26.5,13.9,5.3,9.9,53.8,0.0,0.3,13.0,3.3,3.8,85.8,1.2,1.7,2.9,2.2,1.0,0.1,1.3,13.6
F,63,Vinnie Johnson,79,25.0,13.9,5.9,12.6,46.7,0.0,0.2,15.4,2.1,2.7,77.1,1.5,1.4,2.9,3.4,1.0,0.3,1.1,13.0
F,64,Lafayette Lever,78,33.5,13.8,6.0,13.6,44.1,0.2,0.5,31.6,1.7,2.3,72.5,1.7,3.6,5.4,7.5,2.3,0.2,2.7,18.3
C,65,Steve Johnson,71,25.7,13.8,5.1,8.1,63.2,0.0,0.0,0.0,3.6,5.3,69.4,2.0,4.5,6.5,1.3,0.6,0.9,2.7,16.0
G,66,Jay Vincent,80,24.9,13.8,5.5,11.5,48.1,0.0,0.0,0.0,2.8,3.4,81.0,1.3,3.3,4.6,2.3,0.8,0.3,1.8,13.3
F,67,Mel Turpin,80,28.7,13.7,5.7,10.5,54.4,0.0,0.1,0.0,2.3,2.9,81.1,2.3,4.7,7.0,0.7,0.8,1.3,1.7,16.5
C,68,Steve Stipanovich,79,30.3,13.6,5.3,11.2,47.0,0.0,0.1,20.0,3.1,4.0,76.8,2.2,5.7,7.9,2.6,0.9,0.9,1.8,17.2
F,69,Gus Williams,77,29.7,13.5,5.6,13.2,42.8,0.4,1.5,25.9,1.8,2.4,73.4,0.7,1.5,2.2,5.9,1.2,0.2,2.1,12.7
C,70,Sidney Green,80,28.8,13.5,5.1,10.9,46.5,0.0,0.1,0.0,3.3,4.2,78.2,2.6,5.6,8.2,1.7,0.9,0.5,2.8,15.2
G,71,Wayne Cooper,78,27.1,13.1,5.4,11.6,46.6,0.0,0.1,42.9,2.2,2.8,79.5,2.4,5.4,7.8,1.0,0.5,2.9,1.5,17.1
G,72,Jim Paxson,75,25.7,13.1,5.0,10.6,47.0,0.3,0.8,32.3,2.9,3.3,88.9,0.6,1.4,2.0,3.7,1.3,0.1,1.5,12.6
F,73,Gerald Henderson,82,31.3,13.1,5.3,11.0,48.2,0.2,0.6,34.6,2.3,2.7,83.0,1.1,1.2,2.3,5.9,1.7,0.1,2.2,14.7
F,74,Randy Wittman,81,34.1,12.9,5.8,10.9,53.0,0.1,0.2,31.3,1.3,1.7,77.0,0.6,1.5,2.1,3.8,1.0,0.2,1.4,13.0
F,75,LaSalle Thompson,80,29.7,12.8,5.1,9.9,51.8,0.0,0.0,0.0,2.5,3.5,73.2,3.2,6.5,9.6,2.1,0.9,1.4,2.3,18.8
G-F,76,Bill Hanzlik,79,25.1,12.5,4.2,9.4,44.7,0.1,0.5,19.5,4.0,5.1,78.5,1.1,2.2,3.3,4.0,1.4,0.2,2.1,13.0
G-F,77,Gerald Wilkins,81,25.0,12.5,5.4,11.5,46.8,0.1,0.3,28.0,1.6,2.9,55.7,1.1,1.4,2.6,2.0,0.8,0.1,1.9,8.6
G,78,Kevin Willis,82,28.0,12.3,5.1,9.9,51.7,0.0,0.1,0.0,2.1,3.2,65.4,3.0,5.6,8.6,0.5,0.8,0.5,2.2,14.7
F,79,Derek Harper,79,27.2,12.2,4.9,9.2,53.4,0.2,0.6,23.5,2.2,2.9,74.7,0.9,1.9,2.9,5.3,1.9,0.3,1.8,15.7
C,80,Robert Reid,82,26.3,12.0,5.0,10.7,46.4,0.1,0.4,18.2,2.0,2.6,75.7,0.8,2.9,3.7,2.7,1.1,0.2,1.2,12.1
G,81,Larry Drew,75,26.3,11.9,5.0,10.3,48.5,0.1,0.4,32.3,1.7,2.1,79.5,0.3,1.3,1.7,4.5,0.9,0.0,1.8,11.4
F-C,82,Louis Orr,74,30.2,11.9,4.5,10.0,44.5,0.0,0.1,0.0,2.9,3.8,78.4,1.7,2.6,4.2,2.4,0.8,0.4,1.6,11.7
G,83,John Bagley,78,31.7,11.7,4.7,11.1,42.3,0.1,0.5,24.3,2.2,2.8,79.1,1.0,2.6,3.5,9.4,1.6,0.1,3.1,16.3
F,84,Rory White,75,23.5,11.7,4.7,9.1,51.9,0.0,0.1,11.1,2.2,3.0,73.9,1.1,1.3,2.4,1.0,1.0,0.1,1.3,9.7
C,85,Rickey Green,80,25.2,11.7,4.5,9.5,47.1,0.1,0.4,17.2,2.7,3.1,85.2,0.4,1.3,1.7,5.1,1.3,0.1,1.7,12.8
C,86,Dan Roundfield,79,29.4,11.6,4.1,8.4,48.8,0.0,0.1,0.0,3.5,4.6,75.4,2.7,5.5,8.1,2.1,0.5,0.6,2.4,15.2
G-F,87,Al Wood,78,22.4,11.6,4.6,10.5,43.5,0.1,0.5,13.5,2.4,3.1,78.2,1.0,2.1,3.1,1.5,0.7,0.2,1.4,9.2
F,89,Benoit Benjamin,79,26.4,11.1,4.1,8.4,49.0,0.0,0.0,33.3,2.9,3.9,74.6,2.0,5.6,7.6,1.0,0.8,2.6,1.8,16.0
G,90,Jay Humphries,82,33.3,11.0,4.3,9.0,47.9,0.0,0.4,13.8,2.4,3.1,76.7,0.7,2.5,3.2,6.4,1.6,0.1,2.3,14.6
C,90,Mike Sanders,82,20.0,11.0,4.2,8.2,51.3,0.0,0.2,20.0,2.5,3.1,80.9,1.3,2.1,3.3,1.8,0.9,0.4,1.7,11.1
G,92,Gene Banks,82,26.1,10.9,4.3,8.4,51.7,0.0,0.2,0.0,2.2,3.1,71.8,2.2,2.2,4.4,3.1,1.0,0.1,1.7,12.9
F-G,93,Wes Matthews,75,24.7,10.9,4.3,8.0,53.1,0.1,0.3,16.0,2.3,2.8,82.0,0.4,1.3,1.7,6.3,1.2,0.4,3.1,13.2
G,94,Alvan Adams,78,25.7,10.8,4.4,8.7,50.2,0.0,0.0,0.0,2.0,2.6,78.3,1.9,4.2,6.1,4.2,1.3,0.6,2.6,15.4
F-C,95,Rory Sparrow,74,31.7,10.8,4.7,9.8,47.7,0.1,0.3,25.0,1.4,1.7,79.5,0.7,1.6,2.3,6.4,1.1,0.2,2.1,13.2
F,96,Danny Ainge,80,30.1,10.7,4.4,8.8,50.4,0.3,0.9,35.6,1.5,1.7,90.4,0.6,2.4,2.9,5.1,1.2,0.1,1.6,13.8
G,97,Trent Tucker,77,23.2,10.6,4.5,9.6,47.2,0.5,1.2,45.1,1.0,1.3,79.0,0.9,1.3,2.2,2.5,0.8,0.1,0.9,10.0
G-F,98,Darrell Walker,81,25.0,10.3,4.0,9.3,43.0,0.0,0.1,0.0,2.3,3.4,68.6,1.2,1.5,2.7,4.2,1.8,0.4,2.4,10.7
C,99,Rodney McCray,82,31.8,10.3,4.1,7.7,53.7,0.0,0.0,0.0,2.1,2.7,77.0,1.9,4.4,6.3,3.6,0.6,0.7,1.6,15.8
G-F,100,Maurice Lucas,77,22.7,10.2,3.9,8.5,46.2,0.0,0.0,50.0,2.3,3.0,78.3,2.1,5.2,7.4,1.1,0.6,0.3,1.6,12.8
C-F,102,Sedale Threatt,70,25.1,9.9,4.4,9.8,45.3,0.0,0.3,4.2,1.1,1.3,83.3,0.3,1.4,1.7,2.8,1.3,0.1,1.5,8.8
G,103,Otis Thorpe,75,22.3,9.9,3.9,6.6,58.7,0.0,0.0,0.0,2.2,3.3,66.1,1.8,3.8,5.6,1.1,0.5,0.5,1.6,12.1
C,104,Alton Lister,81,22.4,9.8,3.9,7.1,55.1,0.0,0.0,0.0,2.0,3.3,60.2,2.5,4.9,7.3,1.2,0.6,1.8,2.0,14.2
F,105,Clint Richardson,82,27.1,9.7,4.1,9.0,45.5,0.0,0.1,11.1,1.5,1.8,83.7,0.8,2.2,3.1,4.5,0.7,0.1,1.7,11.2
F,106,Charles Oakley,77,23.0,9.6,3.6,7.0,51.9,0.0,0.0,0.0,2.3,3.5,66.2,3.3,5.3,8.6,1.7,0.9,0.4,2.3,14.4
F-G,106,Larry Smith,77,31.7,9.6,4.1,7.6,53.6,0.0,0.0,0.0,1.5,2.9,49.3,5.0,6.1,11.1,1.2,0.8,0.6,1.8,16.6
G,108,Mike Evans,81,17.1,9.5,3.8,8.8,42.5,0.5,2.2,22.2,1.6,1.8,84.6,0.4,0.9,1.2,2.2,0.8,0.0,1.5,6.9
G,109,Terry Tyler,71,23.3,9.5,4.2,9.1,45.5,0.0,0.0,0.0,1.2,1.6,75.0,1.5,2.9,4.4,1.3,0.9,1.5,1.3,10.9
C-F,110,Joe Dumars,82,23.9,9.4,3.5,7.3,48.1,0.1,0.2,31.3,2.3,2.9,79.8,0.7,0.7,1.5,4.8,0.8,0.1,1.9,10.2
G,111,Brad Davis,82,24.0,9.3,3.3,6.1,53.2,0.4,1.1,36.0,2.4,2.8,86.8,0.3,1.5,1.8,5.7,0.7,0.2,1.3,13.1
G,112,Cliff Levingston,81,24.0,9.3,3.6,6.8,53.4,0.0,0.0,0.0,2.0,3.0,67.8,2.4,4.2,6.6,0.9,0.9,0.5,1.4,12.7
G-F,113,Michael Cooper,82,27.7,9.2,3.3,7.4,45.2,0.8,2.0,38.7,1.8,2.1,86.5,0.5,2.4,3.0,5.7,1.1,0.5,1.8,13.3
F,114,Ron Anderson,77,21.8,9.2,4.0,8.2,49.4,0.0,0.1,22.2,1.1,1.6,66.9,1.7,1.9,3.6,1.9,0.7,0.1,1.1,9.7
F-C,115,Franklin Edwards,73,20.4,9.0,3.6,7.9,45.4,0.0,0.1,11.1,1.8,2.1,87.4,0.3,0.8,1.2,3.5,1.2,0.1,1.9,8.5
F,116,Tim McCormick,77,22.1,8.8,3.3,5.8,57.0,0.0,0.0,50.0,2.3,3.2,71.3,1.8,3.4,5.2,1.1,0.2,0.4,1.4,10.9
G,117,Greg Ballard,75,23.9,8.8,3.6,7.6,47.7,0.2,0.5,48.6,1.3,1.7,80.2,1.8,3.8,5.6,1.1,0.9,0.1,0.7,11.4
G-F,118,Steve Colter,81,23.1,8.7,3.4,7.4,45.6,0.3,1.0,32.5,1.7,2.0,82.3,0.5,1.7,2.2,3.2,1.4,0.1,1.4,9.8
G,119,Bob Hansen,82,24.8,8.7,3.6,7.7,47.6,0.2,0.6,34.0,1.2,1.6,72.0,1.0,2.0,3.0,2.4,0.9,0.1,1.5,9.0
F-C,120,James Donaldson,83,32.3,8.6,3.1,5.5,55.8,0.0,0.0,0.0,2.5,3.1,80.3,2.1,7.5,9.6,1.2,0.3,1.7,1.5,16.8
F,121,Earl Cureton,80,25.2,8.6,3.6,7.1,50.5,0.0,0.0,0.0,1.5,2.6,55.5,2.5,3.8,6.3,1.7,0.7,0.7,1.9,11.5
F,122,Ken Bannister,70,20.1,8.6,3.4,6.8,49.1,0.0,0.0,0.0,1.9,3.6,52.6,1.3,3.3,4.6,0.6,0.6,0.3,1.8,7.7
F,123,Kyle Macy,82,29.6,8.6,3.5,7.2,48.3,0.7,1.7,41.4,0.9,1.1,81.1,0.5,1.7,2.2,5.4,1.0,0.1,1.4,11.9
G,124,Ed Pinckney,80,20.0,8.5,3.2,5.7,55.8,0.0,0.0,0.0,2.1,3.2,67.3,1.2,2.7,3.9,1.1,0.9,0.5,1.9,9.4
F-C,125,Jerome Kersey,79,15.4,8.5,3.3,5.9,54.9,0.0,0.1,0.0,2.0,2.9,68.1,1.7,2.0,3.7,1.1,1.1,0.4,1.4,9.7
G,126,Mark Eaton,80,31.9,8.5,3.5,7.4,47.0,0.0,0.0,0.0,1.5,2.5,60.4,2.2,6.3,8.4,1.3,0.4,4.6,2.0,16.3
F-G,127,Randy Breuer,82,21.9,8.4,3.3,7.0,47.7,0.0,0.0,0.0,1.7,2.4,71.2,1.9,3.6,5.6,1.4,0.6,1.4,1.5,11.5
F,128,Jon Koncak,82,20.7,8.3,3.2,6.3,50.7,0.0,0.0,0.0,1.9,3.1,60.7,2.1,3.6,5.7,0.7,0.5,0.8,1.4,10.3
F-G,129,Mike McGee,71,17.1,8.3,3.5,7.7,46.3,0.6,1.6,36.0,0.6,0.9,65.6,0.7,1.3,2.0,1.2,0.7,0.1,1.0,6.8
F-C,130,Dan Schayes,80,20.7,8.2,2.8,5.5,50.2,0.0,0.0,0.0,2.7,3.5,77.7,1.9,3.6,5.5,1.0,0.5,0.8,1.3,11.2
G,132,Scott Wedman,79,17.7,8.0,3.6,7.7,47.3,0.2,0.6,35.4,0.6,0.9,66.2,0.8,1.6,2.4,1.1,0.5,0.3,0.7,7.3
G,133,Darwin Cook,79,24.9,8.0,3.4,7.9,42.6,0.1,0.7,20.8,1.1,1.4,75.7,0.6,1.6,2.2,4.9,2.0,0.3,1.7,10.8
G,134,Tony Campbell,82,15.8,7.9,3.6,7.4,48.4,0.0,0.1,22.2,0.7,0.9,79.5,1.0,1.9,2.9,0.5,0.8,0.1,1.0,7.1
F,135,Allen Leavell,74,16.1,7.9,2.9,6.2,46.3,0.3,0.9,35.8,1.8,2.1,85.4,0.1,0.8,0.9,3.2,0.8,0.1,1.2,8.0
C,136,Mickey Johnson,79,19.9,7.8,2.7,6.4,42.2,0.1,0.3,20.8,2.3,2.9,78.5,1.2,3.0,4.2,2.7,0.8,0.3,2.1,9.5
G,136,Spud Webb,79,15.6,7.8,2.5,5.2,48.3,0.0,0.1,18.2,2.7,3.5,78.5,0.3,1.2,1.6,4.3,1.0,0.1,2.0,9.3
F,138,Ricky Sobers,78,16.4,7.7,3.1,6.9,44.4,0.2,0.6,30.2,1.4,1.6,88.0,0.4,0.9,1.3,2.3,0.6,0.0,1.1,6.8
G,139,John Stockton,82,23.6,7.7,2.8,5.7,48.9,0.0,0.2,13.3,2.1,2.5,83.9,0.4,1.8,2.2,7.4,1.9,0.1,2.0,14.0
F-G,140,Bill Walton,80,19.3,7.6,2.9,5.1,56.2,0.0,0.0,0.0,1.8,2.5,71.3,1.7,5.1,6.8,2.1,0.5,1.3,1.9,13.4
C,141,Mark Olberding,81,26.6,7.6,2.8,5.0,55.8,0.0,0.0,0.0,2.0,2.6,77.1,1.4,3.8,5.2,3.3,0.5,0.3,1.8,12.3
F,142,Kelvin Ransey,79,19.0,7.4,2.9,6.4,45.7,0.0,0.3,12.5,1.5,1.9,81.8,0.4,1.0,1.5,3.2,0.6,0.1,1.4,7.5
F,143,Jon Sundvold,70,16.4,7.1,3.1,6.8,46.2,0.3,0.9,35.0,0.6,0.7,81.3,0.3,0.8,1.1,3.7,0.5,0.0,1.2,7.5
F-G,144,Terry Porter,79,15.4,7.1,2.7,5.7,47.4,0.2,0.5,31.0,1.6,2.0,80.6,0.4,1.0,1.5,2.5,1.0,0.0,1.3,7.4
F,145,Dale Ellis,72,15.1,7.1,2.7,6.5,41.1,0.9,2.4,36.4,0.8,1.1,72.0,1.2,1.1,2.3,0.5,0.6,0.1,0.5,5.9
F,146,Bobby Jones,70,21.7,7.0,2.7,4.8,55.9,0.0,0.0,0.0,1.6,2.1,78.6,0.7,1.7,2.4,1.8,0.7,0.7,1.3,8.8
F,147,Danny Young,82,23.2,6.9,2.8,5.5,50.6,0.3,0.9,32.4,1.1,1.3,84.9,0.4,1.1,1.5,3.7,1.3,0.1,1.1,9.5
G,148,Mitchell Wiggins,78,15.4,6.8,2.8,6.3,45.4,0.0,0.2,8.3,1.1,1.5,72.9,1.1,0.9,2.0,1.3,0.8,0.1,0.8,6.3
G,149,Terence Stansbury,74,18.0,6.7,2.6,6.0,43.3,0.1,0.7,17.0,1.4,1.8,81.1,0.4,1.5,1.9,2.8,0.8,0.1,1.9,6.7
F,150,Michael Cage,78,20.1,6.7,2.6,5.5,47.9,0.0,0.0,0.0,1.4,2.2,64.9,2.2,3.2,5.3,1.0,0.8,0.4,1.4,9.3
G,151,Jerry Sichting,82,19.5,6.5,2.9,5.0,57.0,0.1,0.2,37.5,0.7,0.8,92.4,0.3,0.9,1.3,2.3,0.6,0.0,0.9,7.6
G,152,Kent Benson,72,18.7,6.5,2.8,5.8,48.4,0.0,0.0,50.0,0.9,1.2,79.5,1.6,3.6,5.2,1.1,0.8,0.7,0.8,10.3
C,153,Kenny Fields,78,14.4,6.4,2.6,5.1,51.3,0.0,0.1,0.0,1.2,1.7,68.9,0.8,1.8,2.6,1.0,0.7,0.2,1.0,6.9
F,154,A.C. Green,82,18.8,6.4,2.5,4.7,53.9,0.0,0.1,16.7,1.2,2.0,61.1,2.0,2.7,4.6,0.7,0.6,0.6,1.2,8.7
F,155,Jim Petersen,82,20.3,6.2,2.4,5.0,47.7,0.0,0.0,0.0,1.4,2.0,70.6,1.8,3.0,4.8,1.0,0.5,0.7,1.0,8.9
F,156,Tree Rollins,74,24.1,5.6,2.3,4.7,49.9,0.0,0.0,0.0,0.9,1.2,76.7,1.8,4.4,6.2,0.6,0.5,2.3,1.2,11.3
F-C,157,Kurt Rambis,74,21.3,5.5,2.2,3.6,59.5,0.0,0.0,0.0,1.2,1.6,72.1,2.1,4.9,7.0,0.9,0.9,0.4,1.3,11.5
G,158,Dirk Minniefield,76,14.9,5.5,2.2,4.6,48.1,0.1,0.5,27.0,1.0,1.2,78.5,0.6,1.2,1.7,3.5,0.9,0.0,1.4,7.6
G,159,Ernie Grunfeld,76,18.4,5.4,1.9,4.7,41.7,0.3,0.8,42.6,1.2,1.4,83.3,0.6,2.2,2.7,1.6,0.5,0.2,0.7,6.8
F,160,John Paxson,75,20.9,5.3,2.0,4.4,46.6,0.2,0.7,29.4,1.0,1.2,80.4,0.2,1.0,1.3,3.7,0.7,0.0,0.8,7.5
G,161,Joe Kleine,80,14.8,5.2,2.0,4.3,46.5,0.0,0.0,0.0,1.2,1.6,72.3,1.4,3.3,4.7,0.6,0.3,0.4,1.3,7.1
G-F,162,Elston Turner,73,18.1,5.1,2.3,5.2,43.5,0.0,0.1,0.0,0.5,0.7,73.6,0.9,1.9,2.8,2.3,1.0,0.1,1.1,6.9
C,163,T.R. Dunn,82,29.3,5.0,2.1,4.6,45.4,0.0,0.0,0.0,0.8,1.1,77.3,1.7,2.9,4.6,2.1,1.9,0.2,0.6,10.4
C-F,164,Ben Poquette,81,18.5,5.0,2.0,4.3,47.7,0.0,0.1,20.0,0.9,1.2,72.0,1.5,3.1,4.6,1.0,0.4,0.4,0.8,8.0
G,165,Rick Mahorn,80,18.0,4.9,2.0,4.3,45.5,0.0,0.0,0.0,1.0,1.5,68.1,1.5,3.6,5.2,0.8,0.5,0.8,1.4,8.0
F-G,166,Bob Thornton,71,18.6,4.7,1.8,3.9,45.6,0.0,0.0,0.0,1.2,2.3,53.1,1.6,2.5,4.1,0.6,0.4,0.1,1.2,5.6
C,167,Caldwell Jones,80,18.0,4.7,1.6,3.2,49.6,0.0,0.1,0.0,1.6,1.9,82.7,1.3,3.1,4.4,0.9,0.5,0.8,1.3,8.1
G-F,169,Carey Scurry,78,15.0,4.7,1.8,3.9,47.2,0.0,0.1,9.1,1.0,1.6,61.9,1.2,1.9,3.1,1.1,1.0,0.8,1.2,6.8
F,170,Bill Garnett,80,15.0,4.3,1.4,3.0,46.9,0.0,0.0,0.0,1.5,2.0,71.6,1.3,2.1,3.4,1.2,0.5,0.3,1.1,6.3
G,172,Geoff Huston,82,14.7,4.2,1.7,3.3,51.3,0.0,0.1,33.3,0.8,1.1,68.5,0.1,0.7,0.8,4.2,0.5,0.0,1.0,6.7
F-G,173,Mike Phelps,70,12.6,4.0,1.7,4.1,40.9,0.0,0.2,8.3,0.6,1.1,59.5,0.4,0.9,1.3,1.0,0.6,0.0,0.9,3.2
C,174,Charles Jones,81,19.9,3.9,1.6,3.1,50.8,0.0,0.0,0.0,0.7,1.1,62.8,1.5,2.5,4.0,0.9,0.7,1.6,0.9,8.3
G,174,Jerome Whitehead,81,13.3,3.9,1.6,3.6,42.9,0.0,0.0,0.0,0.7,1.2,61.9,1.2,2.9,4.0,0.2,0.2,0.2,0.8,5.3
G,176,Danny Vranes,80,19.6,3.8,1.6,3.6,46.1,0.0,0.1,0.0,0.5,0.9,52.0,1.4,2.1,3.5,0.9,0.8,0.4,0.7,6.2
G,177,Manute Bol,80,26.1,3.7,1.6,3.5,46.0,0.0,0.0,0.0,0.5,1.1,48.8,1.5,4.4,6.0,0.3,0.4,5.0,0.8,12.1
G,178,Clemon Johnson,75,14.3,3.5,1.4,3.0,47.1,0.0,0.0,0.0,0.7,1.1,63.0,1.4,2.0,3.4,0.2,0.3,0.8,0.5,5.7
F,179,Dudley Bradley,70,12.0,2.8,1.0,3.0,34.9,0.2,1.0,25.0,0.5,0.8,57.1,0.3,1.0,1.4,1.5,1.2,0.0,0.6,4.0
F,180,Rick Carlisle,77,9.9,2.6,1.2,2.5,48.7,0.0,0.1,0.0,0.2,0.3,65.2,0.3,0.7,1.0,1.4,0.2,0.1,0.6,3.2
