pos,#,player,gp,min,pts,fgm,fga,fg%,3pm,3pa,3p%,ftm,fta,ft%,oreb,dreb,reb,ast,stl,blk,tov,eff
G,1,Michael Jordan,82,40.0,37.1,13.4,27.8,48.2,0.1,0.8,18.2,10.2,11.9,85.7,2.0,3.2,5.2,4.6,2.9,1.5,3.3,31.9
F-C,2,Dominique Wilkins,79,37.6,29.0,10.5,22.6,46.3,0.4,1.3,29.2,7.7,9.4,81.8,2.7,3.6,6.3,3.3,1.5,0.6,2.7,24.2
F-G,3,Alex English,82,37.6,28.6,11.8,23.4,50.3,0.0,0.2,26.7,5.0,5.9,84.4,1.8,2.4,4.2,5.1,0.9,0.3,2.6,23.9
F,4,Larry Bird,74,40.6,28.1,10.6,20.2,52.5,1.2,3.0,40.0,5.6,6.1,91.0,1.7,7.5,9.2,7.6,1.8,0.9,3.2,34.3
G,5,Kiki Vandeweghe,79,38.3,26.9,10.2,19.6,52.3,0.5,1.0,48.1,5.9,6.7,88.6,1.1,2.1,3.2,2.8,0.7,0.2,1.8,21.8
F,6,Kevin McHale,77,39.7,26.1,10.3,17.0,60.4,0.0,0.1,0.0,5.6,6.6,83.6,3.2,6.7,9.9,2.6,0.5,2.2,2.6,30.9
G,7,Mark Aguirre,80,33.3,25.7,9.8,19.9,49.5,0.7,1.9,35.3,5.4,7.0,77.0,2.3,3.1,5.3,3.2,1.1,0.4,2.7,21.3
G,8,Dale Ellis,82,37.5,24.9,9.6,18.5,51.6,1.0,2.9,35.8,4.7,6.0,78.7,2.3,3.2,5.5,2.9,1.3,0.4,2.9,21.8
F,9,Moses Malone,73,34.1,24.1,8.2,18.0,45.4,0.0,0.2,0.0,7.8,9.5,82.4,4.7,6.6,11.3,1.6,0.8,1.3,2.8,24.9
G,10,Magic Johnson,80,36.3,23.9,8.5,16.4,52.2,0.1,0.5,20.5,6.7,7.9,84.8,1.5,4.8,6.3,12.2,1.7,0.5,3.8,31.8
G,11,Walter Davis,79,33.5,23.6,9.9,19.2,51.4,0.3,1.0,25.9,3.6,4.2,86.2,1.1,1.9,3.1,4.6,1.2,0.1,2.9,19.8
C,12,Hakeem Olajuwon,75,36.8,23.4,9.0,17.8,50.8,0.0,0.1,20.0,5.3,7.6,70.2,4.2,7.2,11.4,2.9,1.9,3.4,3.0,29.0
G,13,Tom Chambers,82,36.8,23.3,8.0,17.6,45.6,0.7,1.8,37.2,6.5,7.7,84.9,2.0,4.7,6.6,3.0,1.0,0.6,3.3,20.5
G,14,Xavier McDaniel,82,37.0,23.0,9.8,19.3,50.9,0.0,0.2,21.4,3.4,4.8,69.6,4.1,4.5,8.6,2.5,1.4,0.6,2.9,22.4
G,15,Charles Barkley,68,40.3,23.0,8.2,13.8,59.4,0.3,1.5,20.2,6.3,8.3,76.1,5.7,8.9,14.6,4.9,1.8,1.5,4.7,33.5
G,16,Ron Harper,82,37.4,22.9,9.0,19.7,45.5,0.2,1.1,21.3,4.7,6.9,68.4,2.1,2.7,4.8,4.8,2.5,1.0,4.2,18.9
F,17,Larry Nance,69,37.2,22.5,8.5,15.4,55.1,0.0,0.1,20.0,5.5,7.1,77.3,2.7,6.0,8.7,3.4,1.2,2.1,2.2,27.2
F,18,Jeff Malone,80,34.5,22.0,8.6,18.9,45.7,0.1,0.3,15.4,4.7,5.3,88.5,0.6,2.1,2.7,3.7,0.9,0.2,2.3,16.4
G,19,Clyde Drexler,82,38.0,21.7,8.6,17.2,50.2,0.1,0.6,23.4,4.4,5.7,76.0,2.8,3.5,6.3,6.9,2.5,0.9,3.1,25.3
C,20,Karl Malone,82,34.8,21.7,8.9,17.3,51.2,0.0,0.1,0.0,3.9,6.6,59.8,3.4,7.0,10.4,1.9,1.3,0.7,2.9,22.0
G,21,Adrian Dantley,81,33.8,21.5,7.4,13.9,53.4,0.0,0.1,16.7,6.7,8.2,81.2,1.3,2.8,4.1,2.0,0.8,0.1,2.2,18.2
F,22,Joe Barry Carroll,81,33.6,21.2,8.5,18.0,47.2,0.0,0.0,0.0,4.2,5.3,78.7,2.1,5.1,7.3,2.6,1.1,1.5,2.8,20.4
G,23,Rolando Blackman,80,34.5,21.0,7.8,15.8,49.5,0.1,0.2,33.3,5.2,5.9,88.4,1.2,2.3,3.5,3.3,0.8,0.3,2.2,18.0
F,24,Terry Cummings,82,33.8,20.8,8.9,17.4,51.1,0.0,0.0,0.0,3.0,4.6,66.2,2.6,5.9,8.5,2.8,1.6,1.0,2.1,22.6
G,25,Orlando Woolridge,75,35.2,20.7,7.4,14.2,52.1,0.0,0.1,12.5,5.8,7.5,77.7,1.6,3.3,4.9,3.5,0.7,1.1,2.8,19.6
G,26,Isiah Thomas,81,37.2,20.6,7.7,16.7,46.3,0.2,1.2,19.4,4.9,6.4,76.8,1.0,2.9,3.9,10.0,1.9,0.2,4.2,22.0
F,27,Reggie Theus,79,36.4,20.3,7.3,15.5,47.2,0.2,1.0,21.8,5.4,6.3,86.7,1.1,2.3,3.4,8.8,1.0,0.2,3.7,20.9
G,28,Ricky Pierce,79,31.7,19.5,7.3,13.6,53.4,0.0,0.4,10.7,4.9,5.6,88.0,1.5,1.9,3.4,1.8,0.8,0.3,1.5,17.3
F,29,James Worthy,82,34.4,19.4,7.9,14.7,53.9,0.0,0.2,0.0,3.6,4.7,75.1,1.9,3.8,5.7,2.8,1.3,1.0,2.0,20.2
C,30,Gerald Wilkins,80,34.5,19.1,7.9,16.3,48.6,0.3,0.9,35.1,2.9,4.2,70.1,1.5,2.2,3.7,4.4,1.1,0.2,2.7,16.2
G,31,Lafayette Lever,82,37.2,18.9,7.8,16.7,46.9,0.3,1.1,23.9,3.0,3.8,78.2,2.6,6.3,8.9,8.0,2.5,0.4,2.0,26.9
G,32,Otis Thorpe,82,36.0,18.9,6.9,12.8,54.0,0.0,0.0,0.0,5.0,6.6,76.1,3.2,6.8,10.0,2.5,0.6,0.7,2.3,22.8
G-F,33,Chuck Person,82,36.0,18.8,7.7,16.6,46.8,0.6,1.7,35.5,2.7,3.6,74.7,2.0,6.2,8.3,3.6,1.1,0.2,2.6,19.6
F,33,Sleepy Floyd,82,37.4,18.8,6.1,12.6,48.8,0.9,2.3,38.4,5.6,6.5,86.0,0.7,2.6,3.3,10.3,1.8,0.2,3.4,23.6
F,35,Eddie Johnson,81,30.3,18.7,7.5,16.2,46.3,0.5,1.5,31.4,3.3,4.0,82.9,1.8,2.6,4.4,3.1,0.5,0.2,2.0,15.6
C-F,36,Buck Williams,82,36.3,18.0,6.4,11.4,55.7,0.0,0.0,0.0,5.2,7.2,73.1,3.9,8.5,12.5,1.6,1.0,1.1,3.4,23.7
G,37,Alvin Robertson,81,33.3,17.7,7.3,15.6,46.6,0.2,0.6,27.1,3.0,4.0,75.3,2.3,2.9,5.2,5.2,3.2,0.4,3.0,19.5
F-G,38,Robert Parish,80,37.4,17.5,7.4,13.2,55.6,0.0,0.0,0.0,2.8,3.9,73.5,3.2,7.5,10.6,2.2,0.8,1.8,2.4,23.7
G,39,Kareem Abdul-Jabbar,78,31.3,17.5,7.2,12.7,56.4,0.0,0.0,33.3,3.1,4.4,71.4,1.9,4.8,6.7,2.6,0.6,1.2,2.4,19.5
C,40,Mike Woodson,74,28.7,17.1,6.7,15.3,43.7,0.5,1.7,27.6,3.2,3.9,82.8,0.9,1.3,2.2,2.6,1.4,0.2,2.3,11.9
G-F,41,Byron Scott,82,33.3,17.0,6.8,13.8,48.9,0.8,1.8,43.6,2.7,3.1,89.2,0.8,2.7,3.5,3.4,1.5,0.2,1.8,16.5
G,42,Steve Johnson,79,29.7,16.8,6.3,11.3,55.6,0.0,0.0,0.0,4.3,6.2,69.8,2.5,4.7,7.2,2.0,0.6,1.0,3.5,17.2
C,43,Mike Gminski,72,31.6,16.4,6.0,13.2,45.7,0.0,0.0,0.0,4.3,5.1,84.6,2.7,6.1,8.8,1.4,0.7,1.0,1.8,18.5
F-C,44,Kevin Willis,81,32.4,16.1,6.6,12.4,53.6,0.0,0.0,25.0,2.8,4.0,70.9,4.0,6.5,10.5,0.8,0.8,0.8,2.1,19.9
F,45,Derek Harper,77,33.2,16.0,6.5,12.9,50.1,1.0,2.8,35.8,2.1,3.0,68.4,0.7,1.9,2.6,7.9,2.2,0.3,1.8,19.8
F,46,Vinnie Johnson,78,27.8,15.7,6.8,14.8,46.2,0.1,0.2,28.6,2.0,2.6,78.6,1.6,1.7,3.3,3.8,1.2,0.2,1.7,14.1
G,47,Michael Cage,80,36.5,15.7,5.7,11.0,52.1,0.0,0.0,0.0,4.3,5.8,73.0,4.4,7.1,11.5,1.6,1.2,0.8,2.1,22.0
F-G,48,Brad Daugherty,80,33.7,15.7,6.1,11.3,53.8,0.0,0.0,0.0,3.5,5.0,69.6,1.9,6.2,8.1,3.8,0.6,0.8,3.1,19.1
G-F,49,Bill Laimbeer,82,34.8,15.4,6.2,12.3,50.1,0.1,0.3,28.6,3.0,3.3,89.4,3.0,8.7,11.6,1.8,0.9,0.8,1.5,22.6
F-G,50,John Long,80,28.3,15.2,6.1,14.6,41.9,0.2,0.8,28.4,2.7,3.1,89.0,0.9,1.8,2.7,3.2,1.2,0.1,1.9,11.7
G,51,Chris Mullin,82,29.0,15.1,5.8,11.3,51.4,0.2,0.8,30.2,3.3,4.0,82.5,0.5,1.7,2.2,3.2,1.2,0.4,1.9,14.1
G,52,Darrell Griffith,76,24.3,15.0,6.1,13.7,44.6,0.9,2.6,33.5,2.0,2.8,70.3,1.1,1.9,3.0,1.7,1.3,0.4,1.8,11.2
F,53,Herb Williams,74,34.1,14.9,6.1,12.7,48.0,0.0,0.1,0.0,2.7,3.6,74.0,1.9,5.4,7.3,2.4,0.8,1.3,2.0,17.1
C,54,Danny Ainge,71,35.2,14.8,5.8,11.9,48.6,1.2,2.7,44.3,2.1,2.3,89.7,0.7,2.7,3.4,5.6,1.4,0.2,2.0,17.2
F,55,Sam Perkins,80,33.6,14.8,5.8,12.0,48.2,0.2,0.7,35.2,3.1,3.7,82.8,2.5,5.2,7.7,1.8,1.4,1.0,1.7,18.2
G,56,Hot Rod Williams,80,33.9,14.6,5.4,11.2,48.5,0.0,0.0,0.0,3.7,5.0,74.5,2.8,5.1,7.9,1.9,0.7,2.1,1.7,18.4
G-F,57,Charles Oakley,82,36.3,14.5,5.7,12.8,44.5,0.1,0.4,36.7,3.0,4.4,68.6,3.6,9.5,13.1,3.6,1.0,0.4,3.6,20.6
F,58,Wayman Tisdale,81,26.7,14.5,5.7,11.0,51.3,0.0,0.0,0.0,3.2,4.5,70.9,2.7,3.2,5.9,1.4,0.6,0.3,1.7,14.4
F,59,Rodney McCray,81,38.7,14.4,5.3,9.7,55.2,0.0,0.1,0.0,3.8,4.9,77.9,2.3,4.8,7.1,5.4,1.1,0.7,2.6,20.7
C,60,Roy Hinson,76,32.8,13.9,5.2,10.8,47.8,0.0,0.0,0.0,3.6,4.7,75.8,2.0,4.4,6.4,0.8,0.6,2.1,2.0,15.1
F,61,Thurl Bailey,81,26.6,13.8,5.7,12.8,44.7,0.0,0.0,0.0,2.3,2.9,80.5,1.8,3.5,5.3,1.3,0.5,1.1,1.5,12.8
G,62,Robert Reid,75,34.6,13.7,5.6,13.4,41.7,0.7,2.2,32.7,1.8,2.4,76.8,0.6,3.2,3.9,4.3,1.0,0.3,1.4,13.4
F,63,Dennis Johnson,79,37.1,13.4,5.4,12.1,44.4,0.1,0.8,11.3,2.6,3.2,83.3,0.6,2.7,3.3,7.5,1.1,0.5,2.2,16.4
F,64,Steve Stipanovich,81,34.1,13.2,4.7,9.4,50.3,0.0,0.0,25.0,3.8,4.5,83.7,2.3,6.0,8.3,2.2,1.3,1.2,1.6,19.2
C,65,Terry Catledge,78,27.6,13.1,5.3,10.7,49.5,0.0,0.1,0.0,2.6,4.3,59.4,3.2,4.0,7.2,0.7,0.6,0.2,1.9,12.8
G,66,Terry Porter,80,33.9,13.1,4.7,9.6,48.8,0.2,0.8,21.7,3.5,4.2,83.8,0.9,3.3,4.2,8.9,2.0,0.1,3.2,19.5
F,67,Bill Hanzlik,73,27.3,13.0,4.2,10.2,41.2,0.3,1.1,27.5,4.3,5.5,78.6,1.1,2.4,3.5,3.8,1.2,0.4,1.8,13.0
C,68,Doc Rivers,82,31.6,12.8,4.2,9.2,45.1,0.0,0.3,19.0,4.5,5.4,82.8,1.0,2.6,3.6,10.0,2.1,0.4,2.6,20.3
F,69,Tim McCormick,81,34.8,12.8,4.8,8.9,54.5,0.0,0.0,0.0,3.1,4.3,71.9,2.2,5.3,7.5,1.4,0.4,0.8,1.9,15.8
C,70,Jack Sikma,82,30.9,12.7,4.8,10.3,46.3,0.0,0.0,0.0,3.2,3.8,84.7,2.5,7.5,10.0,2.5,1.1,1.1,2.0,19.4
G,71,Randy Wittman,71,28.9,12.7,5.6,11.2,50.3,0.1,0.2,33.3,1.4,1.8,78.7,0.4,1.3,1.7,3.0,0.5,0.2,1.2,11.0
G,72,Jerome Kersey,82,25.5,12.3,4.5,8.9,50.9,0.0,0.3,4.3,3.2,4.4,72.0,2.5,3.6,6.0,2.4,1.5,0.9,1.8,15.7
F,73,Darrell Walker,81,24.9,12.2,4.4,9.2,48.2,0.0,0.0,0.0,3.4,4.5,74.5,1.9,2.1,4.0,3.5,1.5,0.5,2.3,13.5
F,74,Jim Paxson,72,25.0,12.1,4.7,10.2,46.0,0.4,1.4,26.5,2.4,3.0,80.6,0.6,1.4,1.9,3.3,1.1,0.2,1.5,11.0
F,75,Vern Fleming,82,31.1,12.0,4.5,8.9,50.9,0.0,0.1,20.0,2.9,3.7,78.8,1.3,2.7,4.1,5.8,1.3,0.2,2.0,16.2
G-F,76,Joe Dumars,79,30.9,11.8,4.7,9.5,49.3,0.1,0.3,40.9,2.3,3.1,74.8,0.6,1.5,2.1,4.5,1.1,0.1,2.2,11.7
G-F,77,Alton Lister,75,30.5,11.6,4.6,9.2,50.4,0.0,0.0,0.0,2.4,3.5,67.5,3.0,6.4,9.4,1.5,0.4,2.4,2.3,17.4
G,78,David Greenwood,79,32.7,11.6,4.3,8.3,51.3,0.0,0.1,50.0,3.1,3.9,78.5,3.2,6.7,9.9,3.0,0.9,0.6,2.0,19.1
F,79,Benoit Benjamin,72,31.0,11.5,4.4,9.9,44.9,0.0,0.0,0.0,2.6,3.7,71.5,1.9,6.3,8.1,1.9,0.8,2.6,2.6,15.9
C,80,Mychal Thompson,82,23.0,11.4,4.4,9.7,45.0,0.0,0.0,50.0,2.7,3.6,73.7,1.7,3.3,5.0,1.4,0.5,0.9,1.6,11.4
G,81,Artis Gilmore,82,29.3,11.4,4.2,7.1,59.7,0.0,0.0,0.0,3.0,4.3,68.0,2.3,4.8,7.1,1.8,0.5,1.2,2.2,15.5
F-C,82,Trent Tucker,70,24.2,11.4,4.6,9.9,47.0,1.0,2.3,42.2,1.1,1.4,76.2,0.7,1.2,1.9,2.4,1.7,0.2,1.1,10.8
G,83,John Paxson,82,32.8,11.3,4.7,9.7,48.7,0.6,1.7,37.1,1.3,1.6,80.9,0.3,1.4,1.7,5.7,0.8,0.1,1.3,13.1
F,84,Tony Brown,77,30.4,11.3,4.6,10.5,44.2,0.1,0.3,25.0,2.0,2.7,73.8,1.1,1.8,2.8,3.4,1.2,0.2,2.0,10.3
C,85,Jim Petersen,82,29.3,11.3,4.7,9.2,51.1,0.0,0.0,0.0,1.9,2.5,72.7,2.2,4.6,6.8,1.5,0.5,1.2,1.9,14.3
C,86,Jay Humphries,82,31.5,11.3,4.4,9.2,47.7,0.1,0.3,18.5,2.4,3.2,76.9,0.8,2.4,3.2,7.7,1.4,0.1,2.4,15.7
G-F,87,Terry Teagle,82,20.1,11.2,4.5,9.9,45.8,0.0,0.1,0.0,2.2,2.9,77.8,0.8,1.3,2.1,1.3,0.8,0.2,1.4,8.2
F,88,Jon Sundvold,76,23.2,11.2,4.8,9.9,48.6,0.7,2.0,33.6,0.9,1.1,83.3,0.3,1.0,1.3,4.1,0.5,0.0,1.3,10.5
G,89,LaSalle Thompson,82,26.4,11.1,4.4,9.2,48.1,0.0,0.1,0.0,2.3,3.1,73.7,2.9,5.5,8.4,1.5,0.8,1.5,1.7,16.0
C,90,Gerald Henderson,74,27.6,10.9,4.0,9.1,44.2,0.3,1.0,24.7,2.6,3.1,82.6,0.7,1.7,2.4,6.4,1.4,0.1,2.3,13.2
G,91,Craig Hodges,78,27.5,10.8,4.0,8.7,46.2,1.1,2.9,37.3,1.7,1.9,89.1,0.6,1.2,1.8,3.1,1.0,0.1,1.6,10.3
F-G,92,James Donaldson,82,36.9,10.8,3.8,6.5,58.6,0.0,0.0,0.0,3.3,4.0,81.2,3.6,8.3,11.9,0.8,0.6,1.7,1.3,21.0
G,93,A.C. Green,79,28.4,10.8,4.0,7.4,53.8,0.0,0.1,0.0,2.8,3.6,78.0,2.7,5.1,7.8,1.1,0.9,1.0,1.3,16.0
F-C,94,John Bagley,72,30.3,10.7,4.3,10.2,42.6,0.4,1.4,30.1,1.6,1.9,83.1,0.8,2.7,3.5,5.3,1.3,0.1,2.3,12.4
F,95,Michael Cooper,82,27.5,10.5,3.9,9.0,43.8,1.1,2.8,38.5,1.5,1.8,85.1,0.7,2.4,3.1,4.5,1.0,0.5,1.2,13.0
G,95,Mike Sanders,82,20.2,10.5,4.4,8.8,49.4,0.0,0.2,11.8,1.7,2.2,78.1,1.2,2.1,3.3,1.5,0.7,0.3,1.3,10.1
G-F,97,Ed Pinckney,80,28.1,10.5,3.6,6.2,58.4,0.0,0.0,0.0,3.2,4.4,73.9,2.2,5.0,7.3,1.5,1.1,0.7,1.7,15.5
C,98,Mike McGee,76,18.7,10.4,4.1,8.9,45.9,1.1,3.0,37.6,1.1,1.8,58.4,0.9,1.2,2.1,2.0,0.8,0.0,1.4,8.3
G-F,99,Johnny Dawkins,81,20.8,10.3,4.1,9.4,43.7,0.2,0.6,29.8,1.9,2.4,80.1,0.7,1.4,2.1,3.6,0.8,0.0,1.5,9.6
C-F,100,Kelly Tripucka,79,23.6,10.1,3.7,7.9,46.9,0.2,0.7,36.5,2.5,2.9,87.2,0.7,2.4,3.1,3.1,1.1,0.1,2.1,10.8
G,101,Mike Evans,81,19.3,10.1,4.1,9.0,45.8,0.7,2.1,31.4,1.2,1.5,78.0,0.4,1.1,1.6,2.3,1.0,0.1,1.3,8.5
C,102,Cedric Maxwell,81,24.3,10.0,3.1,5.9,53.0,0.0,0.0,0.0,3.7,4.8,77.5,2.2,3.2,5.4,2.4,0.5,0.2,1.7,12.9
F,103,Bob Hansen,72,20.2,9.7,3.8,8.3,45.3,0.2,0.6,35.6,1.9,2.5,76.0,1.2,1.7,2.8,1.4,0.6,0.1,1.1,8.4
F,104,Rickey Green,81,25.8,9.6,3.7,8.0,46.7,0.1,0.2,36.8,2.1,2.6,82.7,0.5,1.5,2.0,6.7,1.4,0.0,1.6,13.4
F-G,105,Blair Rasmussen,74,19.2,9.5,3.6,7.7,47.0,0.0,0.0,0.0,2.3,3.1,73.2,2.5,3.8,6.3,0.8,0.3,0.8,1.1,11.7
G,106,Detlef Schrempf,81,21.1,9.3,3.3,6.9,47.2,0.4,0.9,47.8,2.4,3.2,74.2,1.1,2.7,3.7,2.0,0.6,0.2,1.4,10.0
G,107,Terry Tyler,82,23.5,9.3,4.0,8.1,49.5,0.0,0.0,33.3,1.2,1.7,72.1,1.4,2.6,4.0,0.9,0.7,1.0,1.0,10.3
C-F,108,John Williams,78,22.7,9.2,3.6,8.0,45.4,0.1,0.5,22.2,1.8,2.9,64.6,1.7,3.0,4.7,2.4,1.7,0.4,1.6,11.4
G,109,Larry Smith,80,29.7,8.8,3.7,6.8,54.6,0.0,0.0,0.0,1.4,2.5,57.4,4.6,6.9,11.5,1.2,0.9,0.7,1.7,17.3
G,110,David Wingate,77,20.9,8.8,3.4,7.8,43.0,0.2,0.7,25.0,1.9,2.6,74.1,0.9,1.1,2.0,2.0,1.2,0.2,1.7,7.5
G-F,111,Rod Higgins,73,20.5,8.6,2.9,5.6,51.9,0.0,0.2,17.6,2.7,3.3,83.3,1.0,2.3,3.2,1.3,0.5,0.3,1.0,9.7
F,112,Dwayne Washington,72,22.2,8.6,3.6,7.5,47.8,0.1,0.3,16.7,1.4,1.7,78.4,0.5,1.3,1.8,4.2,1.3,0.1,2.4,9.2
F-C,113,Dan Schayes,76,20.5,8.5,2.8,5.3,51.9,0.0,0.0,0.0,3.0,3.9,77.9,1.6,3.4,5.0,1.1,0.3,1.0,1.3,11.2
F,114,Brad Sellers,80,21.9,8.5,3.5,7.6,45.5,0.0,0.1,20.0,1.6,2.2,72.8,1.9,2.7,4.7,1.3,0.6,0.9,1.1,10.1
G,115,Ennis Whatley,73,24.9,8.5,3.4,7.1,47.8,0.0,0.0,0.0,1.7,2.3,76.4,0.8,1.9,2.7,5.4,1.3,0.1,1.9,11.8
G-F,116,Dave Corzine,82,27.9,8.3,3.6,7.5,47.5,0.0,0.1,0.0,1.2,1.6,73.6,2.4,4.2,6.6,2.5,0.5,1.1,1.4,13.2
G,117,Steve Harris,74,15.9,8.3,3.4,8.1,41.9,0.0,0.1,0.0,1.5,1.8,85.4,1.0,1.3,2.3,1.4,0.5,0.2,1.0,6.7
F-C,118,Cliff Levingston,82,22.5,8.0,3.1,6.0,50.6,0.0,0.0,0.0,1.9,2.6,73.1,2.7,3.8,6.5,0.5,0.6,0.8,0.9,11.9
F,119,John Stockton,82,22.7,7.9,2.8,5.6,49.9,0.1,0.5,18.4,2.2,2.8,78.2,0.4,1.5,1.8,8.2,2.2,0.2,2.0,14.8
F,120,Randy Breuer,76,19.3,7.9,3.2,6.5,48.5,0.0,0.0,0.0,1.6,2.7,58.4,1.7,2.9,4.6,0.6,0.7,0.8,1.3,8.9
F,121,Sidney Green,80,22.4,7.9,3.2,6.8,47.2,0.0,0.0,0.0,1.5,2.2,67.2,2.5,5.7,8.2,0.8,0.5,0.6,1.6,12.1
G,122,Joe Kleine,79,21.0,7.9,3.2,6.9,47.1,0.0,0.0,0.0,1.4,1.8,78.6,2.2,3.9,6.1,0.9,0.4,0.4,1.1,10.6
F-C,123,Mark Eaton,79,31.7,7.7,3.0,7.4,40.0,0.0,0.0,0.0,1.8,2.7,65.7,2.7,6.2,8.8,1.3,0.5,4.1,1.8,15.3
G,124,Rory Sparrow,80,24.4,7.6,3.3,7.4,44.6,0.1,0.5,26.2,0.9,1.1,79.8,0.4,1.1,1.4,5.4,0.8,0.1,1.8,9.3
F-G,125,Lancaster Gordon,70,16.1,7.5,3.2,7.8,40.6,0.2,0.7,29.2,1.0,1.4,73.7,0.9,0.9,1.8,2.0,0.9,0.2,1.5,5.9
F,126,Darwin Cook,82,17.3,7.5,3.2,7.6,42.6,0.0,0.3,8.7,1.0,1.3,79.6,0.6,1.2,1.8,1.8,1.2,0.2,1.2,6.7
F-G,127,Roy Tarpley,75,18.7,7.5,3.1,6.7,46.7,0.0,0.0,33.3,1.3,1.9,67.6,2.4,4.7,7.1,0.7,0.7,1.1,1.3,11.6
F-C,128,Leon Wood,76,22.8,7.3,2.5,6.6,37.3,0.8,2.6,30.0,1.6,2.0,79.9,0.3,1.3,1.6,4.9,0.6,0.0,1.4,8.5
G,129,Earl Cureton,78,25.3,7.3,3.1,6.5,47.6,0.0,0.0,0.0,1.1,1.9,53.9,2.7,3.1,5.8,1.6,0.4,0.7,1.0,10.4
G,130,Greg Ballard,82,19.3,7.1,3.0,6.9,44.0,0.2,0.5,37.5,0.8,1.1,74.7,1.2,2.9,4.1,1.3,0.6,0.2,0.9,8.3
G,131,Brad Davis,82,19.3,7.0,2.4,5.3,45.6,0.4,1.3,30.2,1.8,2.1,86.0,0.3,1.1,1.4,4.5,0.8,0.1,1.4,9.3
F,132,Dirk Minniefield,74,21.6,6.9,2.9,6.5,45.2,0.1,0.5,28.2,0.8,1.2,68.9,0.4,1.5,1.9,4.7,1.0,0.1,2.1,8.5
C,133,Mark West,78,17.1,6.5,2.7,4.9,54.3,0.0,0.0,0.0,1.1,2.2,51.4,1.6,2.7,4.3,0.5,0.3,1.0,1.4,8.0
G,134,Dennis Rodman,77,15.0,6.5,2.8,5.1,54.5,0.0,0.0,0.0,1.0,1.6,58.7,2.1,2.2,4.3,0.7,0.5,0.6,1.2,8.5
F,135,Clint Richardson,78,17.9,6.4,2.8,6.0,46.7,0.1,0.2,35.3,0.8,0.9,79.7,0.7,1.2,1.8,3.1,0.6,0.1,1.1,7.6
G,136,Steve Colter,70,18.9,6.1,2.4,5.7,42.6,0.1,0.2,23.5,1.2,1.5,76.6,0.3,1.2,1.5,3.0,0.8,0.2,1.0,7.0
F-G,137,Jerry Sichting,78,20.1,5.7,2.6,5.1,50.8,0.1,0.3,26.9,0.5,0.5,88.1,0.3,0.9,1.2,2.4,0.5,0.0,0.8,6.5
C,138,Kurt Rambis,78,19.4,5.7,2.1,4.0,52.1,0.0,0.0,0.0,1.5,2.0,76.4,2.0,3.8,5.8,0.8,0.9,0.5,1.3,10.1
F,139,Jon Koncak,82,20.5,5.6,2.1,4.3,48.0,0.0,0.0,0.0,1.5,2.3,65.4,1.9,4.1,6.0,0.4,0.6,0.9,1.1,9.4
F,140,Fred Roberts,73,14.8,5.5,1.9,3.7,51.5,0.0,0.0,0.0,1.7,2.1,81.0,0.7,1.9,2.6,0.8,0.3,0.3,1.2,6.1
F-G,141,Tree Rollins,75,23.5,5.4,2.3,4.2,54.6,0.0,0.0,0.0,0.8,1.2,72.4,2.1,4.4,6.5,0.3,0.6,1.9,0.8,11.6
F,142,Jeff Hornacek,80,19.5,5.3,2.0,4.4,45.4,0.2,0.5,27.9,1.2,1.5,77.7,0.5,1.8,2.3,4.5,0.9,0.1,1.9,8.4
F,143,John Salley,82,17.8,5.3,2.0,3.5,56.2,0.0,0.0,0.0,1.3,2.1,61.4,1.3,2.3,3.6,0.7,0.5,1.5,0.9,8.3
F,144,Nate McMillan,71,27.8,5.3,2.0,4.2,47.5,0.0,0.1,0.0,1.2,2.0,61.7,1.4,3.2,4.7,8.2,1.8,0.6,2.2,15.4
G,145,Kenny Gattison,77,14.3,5.2,1.9,4.0,47.6,0.0,0.0,0.0,1.4,2.2,63.2,1.1,2.4,3.5,0.5,0.3,0.4,1.1,5.9
G,146,Jerome Whitehead,73,12.8,5.1,2.0,4.5,45.0,0.0,0.0,0.0,1.1,1.5,69.9,1.5,2.1,3.6,0.3,0.2,0.2,0.7,5.8
F,147,Jeff Turner,76,13.2,5.0,2.0,4.3,46.5,0.0,0.0,0.0,1.0,1.4,73.1,1.1,1.5,2.6,0.8,0.4,0.2,1.1,5.2
G,148,Kyle Macy,76,16.4,4.9,2.2,4.5,48.1,0.2,0.6,30.4,0.4,0.5,82.9,0.3,1.2,1.5,2.6,0.8,0.1,0.8,6.7
G,149,Danny Young,73,20.3,4.8,1.8,3.9,45.8,0.4,1.1,36.7,0.8,1.0,83.1,0.3,1.2,1.5,4.8,1.0,0.0,1.2,8.8
C,150,Kent Benson,73,12.3,4.5,1.9,4.3,44.3,0.0,0.1,28.6,0.6,0.8,81.0,1.1,2.1,3.2,0.5,0.5,0.4,0.6,5.9
F,151,Caldwell Jones,78,20.2,4.1,1.4,2.9,49.6,0.0,0.0,0.0,1.2,1.6,78.2,1.5,4.4,5.8,0.8,0.3,1.0,1.1,9.1
F,152,Charles Jones,79,20.4,3.6,1.5,3.2,47.4,0.0,0.0,0.0,0.6,1.0,63.2,1.8,2.7,4.5,1.0,0.8,2.1,1.0,9.1
F,153,Marc Iavaroni,78,10.8,3.6,1.3,2.8,46.5,0.0,0.1,0.0,1.0,1.5,67.2,0.8,1.4,2.2,0.5,0.2,0.1,0.7,3.9
F-C,154,Elston Turner,70,13.4,3.5,1.6,3.6,44.4,0.0,0.1,12.5,0.3,0.4,74.2,0.5,1.2,1.6,1.5,0.4,0.1,0.4,4.6
G,155,T.R. Dunn,81,23.9,3.4,1.5,3.4,42.8,0.0,0.0,0.0,0.4,0.7,65.5,1.1,2.1,3.3,1.8,1.2,0.3,0.4,7.3
G,156,Mark Olberding,76,13.2,3.3,0.9,2.2,41.8,0.0,0.0,0.0,1.5,1.7,88.5,0.7,1.8,2.4,1.2,0.2,0.1,0.7,5.1
F,157,Clemon Johnson,78,13.5,3.2,1.1,2.3,49.4,0.0,0.0,0.0,0.9,1.4,63.6,1.4,2.2,3.6,0.3,0.3,0.5,0.5,5.7
G,158,Manute Bol,82,18.9,3.1,1.3,2.8,44.6,0.0,0.0,0.0,0.5,0.8,67.2,1.0,3.4,4.4,0.1,0.2,3.7,0.7,9.0
G-F,159,Greg Kite,74,10.1,1.7,0.6,1.5,42.7,0.0,0.0,0.0,0.4,1.0,38.2,0.8,1.5,2.3,0.4,0.2,0.6,0.5,3.2
