pos,#,player,gp,min,pts,fgm,fga,fg%,3pm,3pa,3p%,ftm,fta,ft%,oreb,dreb,reb,ast,stl,blk,tov,eff
G,1,Michael Jordan,82,40.4,35.0,13.0,24.4,53.5,0.1,0.6,13.2,8.8,10.5,84.1,1.7,3.8,5.5,5.9,3.2,1.6,3.1,35.0
F-C,2,Dominique Wilkins,78,37.8,30.7,11.7,25.1,46.4,0.5,1.7,29.5,6.9,8.4,82.6,2.7,3.7,6.4,2.9,1.3,0.6,2.8,24.3
F-G,3,Larry Bird,76,39.0,29.9,11.6,22.0,52.7,1.3,3.1,41.4,5.5,6.0,91.6,1.4,7.8,9.3,6.1,1.6,0.8,2.8,34.0
F,4,Charles Barkley,80,39.6,28.3,9.4,16.0,58.7,0.6,2.0,28.0,8.9,11.9,75.1,4.8,7.1,11.9,3.2,1.3,1.3,3.8,32.5
G,5,Karl Malone,82,39.0,27.7,10.5,20.1,52.0,0.0,0.1,0.0,6.7,9.6,70.0,3.4,8.6,12.0,2.4,1.4,0.6,4.0,27.6
F,6,Clyde Drexler,81,37.8,27.0,10.5,20.7,50.6,0.1,0.6,21.2,5.9,7.2,81.1,3.2,3.4,6.6,5.8,2.5,0.6,2.9,27.9
G,7,Dale Ellis,75,37.2,25.8,10.2,20.3,50.3,1.4,3.5,41.3,4.0,5.3,76.7,2.2,2.3,4.5,2.6,1.0,0.1,2.3,20.5
G,8,Mark Aguirre,77,33.9,25.1,9.7,20.4,47.5,0.7,2.2,30.2,5.0,6.5,77.0,2.4,3.3,5.6,3.6,0.9,0.7,2.6,21.1
F,9,Alex English,80,35.2,25.0,10.5,21.3,49.5,0.0,0.1,0.0,3.9,4.7,82.8,2.1,2.6,4.7,4.7,0.9,0.3,2.3,21.7
G,10,Hakeem Olajuwon,79,35.8,22.8,9.0,17.5,51.4,0.0,0.1,0.0,4.8,6.9,69.5,3.8,8.3,12.1,2.1,2.1,2.7,3.1,28.1
G,11,Kevin McHale,64,37.3,22.6,8.6,14.2,60.4,0.0,0.0,0.0,5.4,6.8,79.7,2.5,5.9,8.4,2.7,0.4,1.4,2.2,26.3
C,12,Byron Scott,81,37.6,21.7,8.8,16.6,52.7,0.8,2.2,34.6,3.4,3.9,85.8,0.9,3.2,4.1,4.1,1.9,0.3,2.0,21.7
G,13,Reggie Theus,73,36.3,21.6,8.5,18.1,47.0,0.2,0.8,27.1,4.4,5.3,83.1,1.0,2.2,3.2,6.3,0.8,0.2,3.2,18.4
G,14,Xavier McDaniel,78,34.7,21.4,8.8,18.0,48.8,0.2,0.6,28.0,3.6,5.0,71.5,2.6,4.0,6.6,3.4,1.2,0.7,2.9,19.8
G,15,Terry Cummings,76,34.6,21.3,8.9,18.3,48.5,0.0,0.0,33.3,3.6,5.3,66.5,2.4,4.9,7.3,2.4,1.0,0.6,2.2,19.2
G,16,Otis Thorpe,82,37.5,20.8,7.6,15.0,50.7,0.0,0.1,0.0,5.6,7.4,75.5,3.4,6.8,10.2,3.2,0.8,0.7,2.8,23.7
F,17,Jeff Malone,80,33.2,20.5,8.1,17.0,47.6,0.1,0.3,41.7,4.2,4.8,88.2,0.6,2.0,2.6,3.0,0.6,0.2,2.2,15.2
F,18,Tom Chambers,82,32.7,20.4,7.5,16.6,44.8,0.4,1.3,30.3,5.1,6.3,80.7,1.6,4.3,6.0,2.6,1.1,0.6,2.5,17.7
G,19,Moses Malone,79,34.1,20.3,6.7,13.8,48.7,0.0,0.1,28.6,6.9,8.7,78.8,4.7,6.5,11.2,1.4,0.7,0.9,3.2,22.5
C,20,Patrick Ewing,82,31.0,20.2,8.0,14.4,55.5,0.0,0.0,0.0,4.2,5.8,71.6,3.0,5.3,8.2,1.5,1.3,3.0,3.5,22.6
G,21,James Worthy,75,35.4,19.7,8.2,15.5,53.1,0.0,0.2,12.5,3.2,4.1,79.6,1.7,3.3,5.0,3.9,1.0,0.7,2.1,20.1
F,22,Alvin Robertson,82,36.3,19.6,8.0,17.2,46.5,0.3,1.2,28.4,3.3,4.5,74.8,2.0,4.1,6.1,6.8,3.0,0.8,3.1,22.9
G,23,Thurl Bailey,82,34.2,19.6,7.7,15.7,49.2,0.0,0.0,33.3,4.1,5.0,82.6,1.6,4.8,6.5,1.9,0.6,1.5,2.3,18.9
F,24,Magic Johnson,72,36.6,19.6,6.8,13.8,49.2,0.2,0.8,19.6,5.8,6.8,85.3,1.2,5.0,6.2,11.9,1.6,0.2,3.7,27.7
G,25,Isiah Thomas,81,36.1,19.5,7.7,16.6,46.3,0.4,1.2,30.9,3.8,4.9,77.4,0.8,2.6,3.4,8.4,1.7,0.2,3.4,19.9
G,26,Jerome Kersey,79,36.6,19.2,7.7,15.5,49.9,0.0,0.2,20.0,3.7,5.0,73.5,2.7,5.6,8.3,3.1,1.6,0.8,2.0,21.9
F,27,Lafayette Lever,82,37.3,18.9,7.8,16.6,47.3,0.1,0.7,21.1,3.0,3.9,78.5,2.5,5.6,8.1,7.8,2.7,0.3,2.2,25.9
G,28,Brad Daugherty,79,37.4,18.7,7.0,13.7,51.0,0.0,0.0,0.0,4.8,6.7,71.6,1.9,6.5,8.4,4.2,0.6,0.7,3.4,20.7
F,29,Rolando Blackman,71,36.3,18.7,7.0,14.8,47.3,0.0,0.1,0.0,4.7,5.3,87.3,1.2,2.3,3.5,3.7,0.9,0.3,2.0,16.5
C,30,Buck Williams,70,37.7,18.3,6.7,11.9,56.0,0.0,0.0,100.0,4.9,7.4,66.8,4.3,7.7,11.9,1.6,1.0,0.6,2.7,23.0
G,31,Mike Woodson,80,31.7,18.0,7.0,15.8,44.5,0.2,1.0,23.1,3.7,4.3,86.8,0.8,1.6,2.4,3.4,1.4,0.3,2.3,13.8
G,32,Eddie Johnson,73,29.8,17.7,7.3,15.2,48.0,0.3,1.3,25.5,2.8,3.3,85.0,1.7,2.7,4.4,2.5,0.5,0.1,1.9,14.8
G-F,33,Gerald Wilkins,81,33.4,17.4,7.3,16.3,44.6,0.5,1.6,30.2,2.4,3.0,78.6,1.3,2.0,3.3,4.0,1.1,0.3,2.6,13.9
F,34,Walter Berry,73,26.3,17.4,7.4,13.2,56.3,0.0,0.0,0.0,2.6,4.4,60.0,2.4,3.0,5.4,1.5,0.8,0.9,2.2,16.2
F,35,Derek Harper,82,37.0,17.0,6.5,14.2,45.9,0.7,2.3,31.3,3.2,4.2,75.9,0.9,2.1,3.0,7.7,2.0,0.4,2.3,19.2
C-F,36,Chuck Person,79,35.5,17.0,7.3,15.8,45.9,0.7,2.2,33.3,1.7,2.5,67.0,2.2,4.6,6.8,3.9,0.9,0.1,2.7,16.6
G,37,Mike Gminski,81,36.6,16.9,6.2,13.9,44.8,0.0,0.0,0.0,4.4,4.8,90.6,3.0,7.0,10.0,1.7,0.8,1.5,2.2,20.6
F-G,38,Jack Sikma,82,35.6,16.5,6.3,12.9,48.6,0.0,0.2,21.4,3.9,4.2,92.2,2.4,6.3,8.6,3.4,1.1,1.0,1.9,21.8
G,39,Wayman Tisdale,79,30.1,16.1,6.5,12.6,51.2,0.0,0.0,0.0,3.1,4.0,78.3,2.1,4.1,6.2,1.3,0.7,0.4,1.8,15.8
C,40,Mark Price,80,32.8,16.0,6.2,12.2,50.6,0.9,1.9,48.6,2.8,3.2,87.7,0.7,1.6,2.3,6.0,1.2,0.2,2.3,16.9
G-F,41,Frank Brickowski,70,31.8,16.0,6.1,11.5,52.8,0.0,0.1,20.0,3.8,5.0,76.8,2.4,4.5,6.9,3.8,1.1,0.5,3.0,18.7
G,42,Kevin Duckworth,78,28.5,15.8,5.8,11.6,49.6,0.0,0.0,0.0,4.2,5.5,77.0,2.9,4.5,7.4,0.8,0.4,0.4,2.3,15.4
C,43,Danny Ainge,81,37.3,15.7,6.0,12.1,49.1,1.8,4.4,41.5,2.0,2.2,87.8,0.7,2.3,3.1,6.2,1.4,0.2,1.9,18.3
F-C,44,Jay Vincent,73,24.0,15.4,6.1,13.1,46.6,0.0,0.1,25.0,3.2,3.9,80.5,1.1,3.1,4.2,2.0,0.6,0.4,1.9,12.9
F,45,Roy Hinson,77,33.7,15.3,5.9,12.1,48.7,0.0,0.0,0.0,3.5,4.6,77.5,2.1,4.6,6.7,1.3,0.9,1.8,2.2,16.6
F,46,Sleepy Floyd,77,32.6,15.0,5.5,12.6,43.3,0.2,0.9,19.4,3.9,4.6,85.0,1.0,2.8,3.8,7.1,1.2,0.2,2.9,16.6
G,47,Terry Porter,82,36.5,14.9,5.6,10.9,51.9,0.3,0.8,34.8,3.3,4.0,84.6,0.8,3.8,4.6,10.1,1.8,0.2,3.0,22.9
F-G,48,John Stockton,82,34.7,14.7,5.5,9.6,57.4,0.3,0.8,35.8,3.3,4.0,84.0,0.7,2.2,2.9,13.8,3.0,0.2,3.2,26.5
G-F,49,Kareem Abdul-Jabbar,80,28.9,14.6,6.0,11.3,53.2,0.0,0.0,0.0,2.6,3.4,76.2,1.5,4.5,6.0,1.7,0.6,1.2,2.0,15.9
F-G,50,Michael Cage,72,36.9,14.5,5.0,10.6,47.0,0.0,0.0,0.0,4.5,6.6,68.8,5.2,7.9,13.0,1.5,1.3,0.8,2.2,21.2
G,51,Robert Parish,74,31.2,14.3,6.0,10.1,58.9,0.0,0.0,0.0,2.4,3.3,73.4,2.3,6.1,8.5,1.6,0.7,1.1,2.1,19.1
G,52,Purvis Short,81,24.1,14.3,5.9,12.2,48.1,0.1,0.3,23.8,2.5,3.0,85.8,0.9,1.9,2.7,2.0,0.7,0.2,1.5,11.7
F,53,Sam Perkins,75,33.3,14.2,5.3,11.7,45.0,0.1,0.4,16.7,3.6,4.4,82.2,2.7,5.3,8.0,1.6,1.0,0.7,1.6,16.7
C,54,Doc Rivers,80,31.3,14.2,5.0,11.1,45.3,0.1,0.4,27.3,4.0,5.3,75.8,1.0,3.5,4.6,9.3,1.8,0.5,2.6,20.4
F,55,Joe Dumars,82,33.3,14.2,5.5,11.7,47.2,0.0,0.2,21.1,3.1,3.8,81.5,0.8,1.7,2.4,4.7,1.1,0.2,2.1,13.6
G,56,Dan Schayes,81,26.7,13.9,4.5,8.2,54.0,0.0,0.0,0.0,5.0,6.0,83.6,2.5,5.7,8.2,1.3,0.8,1.1,1.9,18.6
G-F,57,Vern Fleming,80,34.2,13.9,5.5,10.6,52.3,0.0,0.2,0.0,2.8,3.5,80.2,1.3,3.2,4.6,7.1,1.4,0.1,2.2,19.2
F,58,Michael Adams,82,33.9,13.9,5.1,11.3,44.9,1.7,4.6,36.7,2.0,2.4,83.4,0.5,2.2,2.7,6.1,2.0,0.2,1.8,16.6
F,59,Maurice Cheeks,79,36.3,13.7,5.4,10.9,49.5,0.0,0.3,13.6,2.9,3.5,82.5,0.7,2.5,3.2,8.0,2.1,0.3,2.0,19.2
C,60,Mark Jackson,82,39.6,13.6,5.3,12.4,43.2,0.4,1.5,25.4,2.5,3.2,77.4,1.5,3.4,4.8,10.6,2.5,0.1,3.1,20.7
F,61,Bill Laimbeer,82,35.3,13.5,5.5,11.3,49.3,0.2,0.5,33.3,2.3,2.6,87.4,2.0,8.1,10.1,2.4,0.8,1.0,1.7,20.2
G,62,Roy Tarpley,81,28.5,13.5,5.5,11.0,50.0,0.0,0.1,0.0,2.5,3.4,74.0,4.4,7.4,11.8,1.1,1.3,1.1,2.1,20.2
F,63,Steve Stipanovich,80,33.7,13.5,5.1,10.4,49.6,0.0,0.2,20.0,3.2,3.9,80.9,2.0,6.3,8.3,2.3,1.1,0.9,2.0,18.1
F,64,Paul Pressey,75,33.1,13.1,4.6,9.4,49.1,0.1,0.5,20.5,3.8,4.8,79.8,1.7,3.3,5.0,7.0,1.5,0.5,2.6,18.7
C,65,John Williams,82,29.6,12.8,5.2,11.1,46.9,0.1,0.5,13.2,2.3,3.1,73.4,1.5,3.9,5.4,2.8,1.4,0.4,1.8,14.4
G,66,John Long,81,25.0,12.8,5.1,10.9,47.4,0.4,1.0,44.2,2.0,2.3,90.7,0.9,1.9,2.8,2.1,1.0,0.1,1.6,11.4
F,67,Blair Rasmussen,79,22.5,12.7,5.5,11.2,49.2,0.0,0.0,0.0,1.7,2.2,77.6,1.6,3.9,5.5,1.0,0.3,1.0,0.9,13.4
C,68,Joe Barry Carroll,77,26.0,12.7,5.2,12.0,43.5,0.0,0.0,0.0,2.2,2.9,76.4,1.7,4.6,6.4,1.5,0.6,1.4,2.1,12.9
F,69,Dennis Johnson,77,34.7,12.6,4.6,10.4,43.8,0.2,0.6,26.1,3.3,3.9,85.6,0.8,2.3,3.1,7.8,1.2,0.4,2.5,16.1
C,70,Rodney McCray,81,33.2,12.4,4.4,9.2,48.1,0.0,0.0,0.0,3.6,4.5,78.5,2.9,4.9,7.8,3.3,0.7,0.6,1.8,17.3
G,71,Charles Oakley,82,34.3,12.4,4.6,9.5,48.3,0.0,0.1,25.0,3.2,4.4,72.7,4.0,9.0,13.0,3.0,0.8,0.3,2.9,20.5
G,72,Vinnie Johnson,82,23.6,12.2,5.2,11.7,44.3,0.1,0.3,20.8,1.8,2.6,67.7,1.1,1.7,2.8,3.3,0.7,0.2,1.9,10.0
F,73,Tim McCormick,70,30.2,12.0,5.0,9.3,53.7,0.0,0.0,0.0,2.1,3.1,67.4,2.1,4.6,6.7,1.7,0.5,0.3,1.6,14.3
F,74,John Bagley,82,33.8,12.0,4.8,10.9,43.9,0.6,2.0,29.2,1.8,2.2,82.2,0.7,2.4,3.1,5.8,1.3,0.1,2.5,13.4
F,75,Randy Breuer,81,27.9,12.0,4.8,9.7,49.5,0.0,0.0,0.0,2.3,3.5,65.7,2.4,4.4,6.8,1.3,0.6,1.3,1.3,14.5
G-F,76,Otis Smith,72,21.5,11.7,4.5,9.2,49.1,0.2,0.6,31.7,2.5,3.2,77.7,1.8,1.7,3.4,2.2,1.3,0.6,1.5,12.2
G-F,77,Greg Anderson,82,24.2,11.7,4.6,9.2,50.1,0.0,0.1,20.0,2.4,4.0,60.4,2.0,4.3,6.3,1.0,0.7,1.5,1.7,13.1
G,78,Dennis Rodman,82,26.2,11.6,4.9,8.6,56.1,0.1,0.2,29.4,1.9,3.5,53.5,3.9,4.8,8.7,1.3,0.9,0.5,1.9,15.8
F,79,Kevin Willis,75,27.9,11.6,4.7,9.2,51.8,0.0,0.0,0.0,2.1,3.3,64.9,3.1,4.2,7.3,0.4,0.9,0.6,1.8,13.3
C,80,Mychal Thompson,80,25.1,11.6,4.6,9.0,51.2,0.0,0.0,0.0,2.3,3.7,63.4,2.5,3.6,6.1,0.8,0.5,1.0,1.4,12.8
G,81,A.C. Green,82,32.1,11.4,3.9,7.8,50.3,0.0,0.0,0.0,3.6,4.6,77.3,3.0,5.7,8.7,1.1,1.1,0.5,1.5,16.4
F-C,82,Bill Cartwright,82,20.4,11.1,3.5,6.4,54.4,0.0,0.0,0.0,4.1,5.2,79.8,1.5,3.1,4.7,1.0,0.5,0.5,1.6,12.3
G,83,Hot Rod Williams,77,27.4,10.9,4.1,8.6,47.7,0.0,0.0,0.0,2.7,3.6,75.6,2.1,4.5,6.6,1.3,0.8,1.9,1.4,14.8
F,84,Terry Catledge,70,23.0,10.7,4.2,8.4,50.6,0.0,0.0,0.0,2.2,3.4,65.5,2.6,3.1,5.7,0.9,0.5,0.1,1.4,11.1
C,85,Larry Drew,74,27.4,10.3,4.4,9.7,45.6,0.4,1.2,28.9,1.1,1.5,76.9,0.3,1.3,1.6,5.2,0.9,0.0,2.1,10.3
C,86,Allen Leavell,80,26.9,10.2,3.6,8.3,43.7,0.2,1.1,21.6,2.7,3.1,86.9,0.3,1.6,1.9,5.1,1.6,0.1,1.6,12.1
G-F,87,Kenny Walker,82,26.1,10.1,4.2,8.9,47.3,0.0,0.0,0.0,1.7,2.2,77.5,2.3,2.4,4.7,1.0,0.8,0.7,1.0,11.2
F,88,Dave Corzine,80,29.1,10.1,4.3,8.9,48.1,0.0,0.1,11.1,1.4,1.9,75.2,2.1,4.5,6.6,1.9,0.5,1.2,1.4,13.7
G,89,Johnny Newman,77,20.6,10.0,3.5,8.1,43.5,0.3,1.2,28.0,2.7,3.2,84.1,1.1,0.9,2.1,0.8,0.9,0.1,1.3,7.6
C,90,Randy Wittman,82,29.4,10.0,4.6,9.6,47.8,0.0,0.0,0.0,0.9,1.1,79.8,0.5,1.6,2.1,3.7,0.6,0.2,1.0,10.4
G,91,Reggie Miller,82,22.4,10.0,3.7,7.6,48.8,0.7,2.1,35.5,1.8,2.3,80.1,1.2,1.2,2.3,1.6,0.6,0.2,1.2,9.2
F-G,92,Cliff Levingston,82,26.0,10.0,3.8,6.9,55.7,0.0,0.0,50.0,2.3,3.0,77.2,2.8,3.4,6.1,0.9,0.6,1.0,1.1,13.8
G,93,Herb Williams,75,26.2,10.0,4.1,9.8,42.5,0.0,0.1,0.0,1.7,2.3,73.7,1.5,4.7,6.3,1.3,0.5,1.9,1.6,12.2
F-C,94,Dell Curry,79,19.0,10.0,4.3,9.4,45.8,0.4,1.0,34.6,1.0,1.3,78.2,0.5,1.6,2.1,1.9,1.2,0.3,1.4,8.7
F,95,Joe Kleine,82,24.4,9.8,4.0,8.4,47.2,0.0,0.0,0.0,1.9,2.3,81.4,2.2,4.9,7.1,1.1,0.3,0.7,1.3,12.9
G,96,Harold Pressley,80,25.4,9.7,4.0,8.8,45.3,0.5,1.4,32.7,1.3,1.6,79.2,1.7,2.9,4.6,2.3,1.1,0.7,1.7,11.5
G-F,97,Mark West,83,25.3,9.7,3.8,6.9,55.1,0.0,0.0,0.0,2.0,3.4,59.6,2.0,4.3,6.3,0.9,0.6,1.8,2.1,12.6
C,98,Bob Hansen,81,22.2,9.6,3.9,7.5,51.7,0.4,1.2,33.0,1.4,1.9,74.3,0.8,1.5,2.3,2.2,0.8,0.1,1.1,9.7
G-F,99,Jeff Hornacek,82,27.4,9.5,3.7,7.4,50.6,0.2,0.7,29.3,1.9,2.3,82.2,0.9,2.3,3.2,6.6,1.3,0.1,1.9,14.8
C-F,100,Brad Sellers,82,27.0,9.5,4.0,8.7,45.7,0.0,0.1,14.3,1.5,1.9,79.0,1.3,1.7,3.0,1.7,0.4,0.8,1.1,9.2
G,101,John Lucas,81,21.8,9.2,3.5,7.8,44.5,0.6,1.9,33.8,1.6,2.0,80.2,0.4,1.6,2.0,4.8,1.1,0.0,1.5,10.8
C,102,Kevin Johnson,80,24.0,9.2,3.4,7.5,46.1,0.1,0.3,20.8,2.2,2.6,83.9,0.5,1.9,2.4,5.5,1.3,0.3,1.8,12.3
F,103,Antoine Carr,80,18.5,8.8,3.5,6.5,54.4,0.0,0.1,25.0,1.8,2.3,78.0,1.2,2.4,3.6,1.3,0.5,1.0,1.5,10.3
F,104,John Salley,82,24.4,8.5,3.1,5.6,56.6,0.0,0.0,0.0,2.3,3.2,70.9,2.0,2.9,4.9,1.4,0.6,1.7,1.5,12.3
F-G,105,Detlef Schrempf,82,19.4,8.5,3.0,6.6,45.6,0.1,0.4,15.6,2.5,3.2,75.6,1.2,2.2,3.4,1.9,0.5,0.4,1.3,9.1
G,106,Ben Coleman,70,21.4,8.5,3.2,6.5,49.9,0.0,0.0,0.0,2.0,2.6,76.2,1.7,3.3,5.0,0.9,0.6,0.6,1.8,9.9
G,107,Derrick McKey,82,20.8,8.5,3.1,6.3,49.1,0.1,0.4,36.7,2.1,2.7,77.2,1.4,2.6,4.0,1.3,0.9,0.8,1.3,10.2
C-F,108,Phil Hubbard,78,20.9,8.4,3.0,6.2,48.9,0.0,0.1,0.0,2.3,3.1,74.9,1.5,2.1,3.6,1.0,0.6,0.1,1.5,8.3
G,109,Tellis Frank,78,20.5,8.1,3.1,7.2,42.8,0.0,0.0,0.0,1.9,2.7,72.5,1.2,3.0,4.2,1.4,0.7,0.3,1.4,8.5
G,110,Sam Vincent,72,20.8,8.0,2.9,6.4,45.6,0.1,0.3,38.1,2.0,2.3,86.8,0.5,1.6,2.1,5.3,0.8,0.2,1.9,10.7
G-F,111,Gerald Henderson,75,20.1,7.9,2.6,6.0,42.8,0.9,2.2,42.3,1.8,2.3,81.2,0.4,1.1,1.4,3.1,0.9,0.1,1.8,7.8
F,112,Scottie Pippen,79,20.9,7.9,3.3,7.1,46.3,0.1,0.3,17.4,1.3,2.2,57.6,1.5,2.3,3.8,2.1,1.2,0.7,1.7,9.2
F-C,113,John Paxson,81,23.3,7.9,3.5,7.2,49.3,0.4,1.2,34.7,0.4,0.6,73.3,0.2,1.1,1.3,3.7,0.6,0.0,0.8,9.0
F,114,Sidney Green,82,25.0,7.8,3.1,7.1,44.1,0.0,0.0,0.0,1.5,2.3,66.3,2.7,5.1,7.8,1.1,0.8,0.4,1.8,11.4
G,115,Horace Grant,81,22.6,7.7,3.1,6.3,50.1,0.0,0.0,0.0,1.4,2.2,62.6,1.9,3.6,5.5,1.1,0.6,0.7,1.1,10.6
G-F,116,Nate McMillan,82,29.9,7.6,2.9,6.0,47.4,0.1,0.3,37.5,1.8,2.5,70.7,1.4,2.7,4.1,8.6,2.1,0.6,2.3,16.7
G,117,Ben McDonald,81,25.2,7.6,3.2,6.8,46.7,0.1,0.4,25.7,1.1,1.4,78.4,1.6,2.5,4.1,1.7,0.5,0.1,1.1,8.9
F-C,118,Alvan Adams,82,20.1,7.5,3.1,6.2,49.6,0.0,0.0,50.0,1.3,1.6,84.4,1.4,3.0,4.5,2.2,1.0,0.5,1.7,10.6
F,119,Tyrone Corbin,84,20.7,7.4,3.1,6.3,49.0,0.0,0.1,16.7,1.3,1.6,79.7,1.5,2.7,4.2,1.4,0.9,0.2,1.2,9.3
F,120,Frank Johnson,75,16.8,7.4,2.9,6.6,43.4,0.0,0.1,11.1,1.6,2.0,81.2,0.5,1.1,1.6,2.5,0.9,0.1,1.3,7.0
F,121,Ron Anderson,74,14.8,7.3,2.9,5.9,49.8,0.0,0.0,0.0,1.5,1.9,76.6,1.2,1.7,2.9,1.1,0.6,0.1,1.0,7.5
G,122,Albert King,72,22.1,7.2,2.9,7.5,39.1,0.2,0.7,34.7,1.1,1.4,75.7,1.0,2.0,3.0,1.5,0.5,0.3,1.3,6.3
F-C,123,Brad Davis,75,19.7,7.2,2.8,5.5,50.1,0.4,1.0,40.5,1.2,1.4,84.3,0.2,1.1,1.4,4.0,0.7,0.2,1.2,9.3
G,124,Trent Tucker,71,17.6,7.1,2.7,6.4,42.4,1.0,2.4,41.3,0.7,1.0,71.8,0.5,1.2,1.7,1.6,0.7,0.1,0.7,6.6
F-G,125,Craig Ehlo,79,21.6,7.1,2.9,6.1,46.6,0.3,0.8,34.4,1.1,1.7,67.4,1.1,2.4,3.5,2.6,1.0,0.4,1.4,9.4
F,126,Darnell Valentine,79,20.7,7.1,2.8,6.7,41.8,0.2,0.4,45.5,1.3,1.7,74.3,0.5,1.5,2.0,4.8,1.5,0.1,1.9,9.3
F-G,127,James Donaldson,81,31.1,7.0,2.6,4.7,55.8,0.0,0.0,0.0,1.8,2.3,77.8,3.0,6.3,9.3,0.8,0.5,1.3,1.4,15.0
F-C,128,Mark Eaton,82,33.3,7.0,2.8,6.6,41.8,0.0,0.0,0.0,1.5,2.3,62.3,2.8,5.9,8.7,0.7,0.5,3.7,1.6,14.3
G,129,Sedale Threatt,71,14.9,6.9,3.0,6.0,50.8,0.0,0.4,11.1,0.8,1.0,80.3,0.3,0.9,1.2,2.3,0.8,0.1,0.9,7.4
G,130,Dave Feitl,70,16.1,6.5,2.6,5.8,45.0,0.0,0.1,0.0,1.3,1.9,70.1,1.2,3.6,4.8,0.8,0.2,0.1,1.2,7.4
G,131,Kevin Williams,80,13.6,6.3,2.5,5.6,44.2,0.0,0.1,14.3,1.3,1.5,84.4,0.8,0.8,1.6,1.2,0.8,0.1,0.9,5.7
F,132,Ed Pinckney,79,14.9,6.2,2.3,4.3,52.2,0.0,0.0,0.0,1.7,2.3,74.7,1.2,1.7,2.9,0.8,0.5,0.4,1.0,7.2
C,133,Maurice Lucas,73,16.3,6.1,2.3,5.1,45.0,0.0,0.0,0.0,1.5,2.0,73.6,1.4,2.9,4.3,1.3,0.5,0.1,1.0,7.9
G,134,Fred Roberts,74,13.9,6.1,2.2,4.5,48.8,0.0,0.1,0.0,1.7,2.2,77.6,0.8,1.4,2.2,1.1,0.2,0.2,0.9,6.1
F,135,Richard Anderson,74,18.2,6.1,2.3,5.9,39.0,0.6,2.0,32.0,0.8,1.0,75.3,1.2,2.9,4.1,1.5,0.7,0.2,0.8,7.9
G,136,Spud Webb,82,16.4,6.0,2.3,4.9,47.5,0.0,0.2,5.3,1.3,1.6,81.7,0.2,1.6,1.8,4.1,0.8,0.1,1.6,8.3
F-G,137,Russ Schoene,81,12.0,6.0,2.6,5.6,45.8,0.2,0.7,29.3,0.6,0.8,81.0,1.0,1.5,2.4,0.7,0.5,0.2,0.7,5.8
C,138,Mel Turpin,79,12.8,5.9,2.5,4.9,51.2,0.0,0.0,33.3,0.9,1.2,72.4,1.1,1.9,3.0,0.4,0.3,0.9,0.9,6.9
F,139,Jerome Whitehead,72,17.0,5.7,2.4,5.0,48.3,0.0,0.0,0.0,0.8,1.1,72.0,1.5,2.9,4.5,0.5,0.4,0.3,0.7,7.8
F,140,Alton Lister,82,22.1,5.6,2.1,4.2,50.4,0.0,0.0,50.0,1.4,2.3,60.6,2.4,5.2,7.6,0.7,0.3,1.7,1.1,11.9
F-G,141,Dallas Comegys,75,15.0,5.6,2.1,4.8,43.0,0.0,0.0,0.0,1.4,2.0,70.7,0.7,2.2,2.9,0.9,0.5,0.9,1.5,5.9
F,142,Terry Tyler,74,16.0,5.5,2.5,5.5,45.2,0.0,0.1,14.3,0.6,0.9,64.1,1.2,2.1,3.3,0.8,0.6,0.6,0.6,6.9
F,143,Buck Johnson,70,12.6,5.4,2.2,4.3,52.0,0.0,0.1,12.5,1.0,1.3,73.6,1.1,1.3,2.4,0.7,0.4,0.4,0.8,6.1
F,144,Michael Holton,82,15.6,5.3,2.0,4.3,46.2,0.0,0.2,20.0,1.3,1.6,82.9,0.6,1.2,1.8,2.6,0.5,0.1,1.0,6.7
G,145,Muggsy Bogues,79,20.6,5.0,2.1,5.4,39.0,0.0,0.2,18.8,0.7,0.9,78.4,0.4,1.3,1.7,5.1,1.6,0.0,1.3,8.7
G,146,Rickey Green,81,13.8,4.9,1.9,4.6,42.4,0.0,0.2,21.1,0.9,1.0,90.4,0.2,0.8,1.0,3.7,0.7,0.0,1.2,6.4
F,147,Bill Hanzlik,77,17.3,4.5,1.4,3.7,38.0,0.0,0.2,18.8,1.7,2.1,79.1,0.5,1.7,2.2,2.2,0.8,0.2,1.2,6.0
G,148,Marc Iavaroni,81,15.3,4.5,1.8,3.8,46.4,0.0,0.0,0.0,1.0,1.2,78.8,1.2,2.1,3.3,0.8,0.3,0.3,1.0,5.9
G,149,Tree Rollins,76,23.2,4.4,1.8,3.4,51.2,0.0,0.0,0.0,0.9,1.1,87.5,1.9,4.2,6.0,0.3,0.4,1.7,0.7,10.4
C,150,Kurt Nimphius,72,12.8,4.4,1.8,3.6,49.8,0.0,0.0,0.0,0.8,1.2,72.3,0.9,1.3,2.1,0.7,0.3,0.8,0.7,5.5
F,151,Brad Lohaus,70,10.3,4.2,1.7,3.5,49.6,0.0,0.2,23.1,0.7,0.9,80.6,0.7,1.3,2.0,0.7,0.3,0.6,0.8,5.0
F,152,Caldwell Jones,79,22.5,4.2,1.6,3.3,48.7,0.0,0.1,0.0,1.0,1.3,73.6,1.3,3.8,5.2,1.0,0.4,1.3,1.0,8.9
F,153,Olden Polynice,82,13.2,4.1,1.4,3.1,46.5,0.0,0.0,0.0,1.2,1.9,63.9,1.5,2.5,4.0,0.4,0.4,0.3,1.0,5.9
F-C,154,Kurt Rambis,70,12.1,4.0,1.5,2.7,54.8,0.0,0.0,0.0,1.0,1.3,78.5,1.5,2.4,3.8,0.8,0.6,0.2,0.8,7.0
G,155,Cedric Maxwell,71,11.9,3.8,1.1,2.4,46.8,0.0,0.0,0.0,1.5,2.0,76.9,1.0,1.5,2.5,0.8,0.3,0.2,0.8,5.1
G,156,Artis Gilmore,71,12.6,3.7,1.4,2.5,54.7,0.0,0.0,0.0,0.9,1.8,52.3,1.0,2.0,3.0,0.3,0.2,0.4,0.9,4.7
F,157,Mark Acres,79,14.6,3.6,1.4,2.6,53.2,0.0,0.0,0.0,0.9,1.4,64.0,1.3,2.1,3.4,0.5,0.4,0.3,0.7,5.9
G,158,Dirk Minniefield,72,14.9,3.6,1.5,3.1,48.9,0.1,0.2,25.0,0.6,0.8,74.5,0.4,0.9,1.3,3.2,0.8,0.0,1.3,5.9
G-F,159,Danny Young,77,12.3,3.2,1.2,2.8,40.8,0.3,1.0,28.6,0.6,0.7,81.1,0.2,0.7,1.0,2.8,0.7,0.0,0.5,5.4
C,160,Stuart Gray,74,10.9,3.0,1.2,2.6,46.6,0.0,0.0,0.0,0.6,1.0,60.3,0.9,2.4,3.4,0.6,0.1,0.4,0.7,5.1
C-F,161,Manute Bol,77,14.8,2.3,1.0,2.1,45.5,0.0,0.0,0.0,0.3,0.6,53.1,0.9,2.6,3.6,0.2,0.1,2.7,0.5,6.9
G,162,Uwe Blab,73,9.0,2.2,0.8,1.8,43.9,0.0,0.0,0.0,0.6,0.9,70.8,0.7,1.1,1.8,0.5,0.1,0.4,0.7,3.1
F-G,163,T.R. Dunn,82,18.7,2.2,0.9,1.9,44.9,0.0,0.0,0.0,0.5,0.6,76.9,1.3,1.6,2.9,1.1,1.2,0.1,0.3,6.0
C,164,Clemon Johnson,74,9.8,1.6,0.7,1.4,46.7,0.0,0.0,0.0,0.3,0.4,68.8,0.9,1.5,2.4,0.2,0.2,0.3,0.4,3.4
