pos,#,player,gp,min,pts,fgm,fga,fg%,3pm,3pa,3p%,ftm,fta,ft%,oreb,dreb,reb,ast,stl,blk,tov,eff
G,1,Michael Jordan,81,40.2,32.5,11.9,22.2,53.8,0.3,1.2,27.6,8.3,9.8,85.0,1.8,6.2,8.0,8.0,2.9,0.8,3.6,37.0
F-C,2,Karl Malone,80,39.1,29.1,10.1,19.5,51.9,0.1,0.2,31.3,8.8,11.5,76.6,3.2,7.4,10.7,2.7,1.8,0.9,3.6,29.5
F-G,3,Dale Ellis,82,38.9,27.5,10.5,20.9,50.1,2.0,4.1,47.8,4.6,5.6,81.6,1.9,2.3,4.2,2.0,1.3,0.3,2.7,21.1
F,4,Clyde Drexler,78,39.3,27.2,10.6,21.4,49.6,0.3,1.3,26.0,5.6,7.0,79.9,3.7,4.2,7.9,5.8,2.7,0.7,3.2,28.9
G,5,Chris Mullin,82,37.7,26.5,10.1,19.9,50.9,0.3,1.2,23.0,6.0,6.7,89.2,1.9,4.0,5.9,5.1,2.1,0.5,3.6,26.0
F,6,Alex English,82,36.5,26.5,11.3,22.9,49.1,0.0,0.1,25.0,4.0,4.6,85.8,1.8,2.2,4.0,4.7,0.8,0.1,2.4,21.4
G,7,Dominique Wilkins,80,37.5,26.2,10.2,22.0,46.4,0.4,1.3,27.6,5.5,6.6,84.4,3.2,3.7,6.9,2.6,1.5,0.7,2.3,22.8
G,8,Charles Barkley,79,39.1,25.8,8.9,15.3,57.9,0.4,2.1,21.6,7.6,10.1,75.3,5.1,7.4,12.5,4.1,1.6,0.8,3.2,32.7
F,9,Tom Chambers,81,37.1,25.7,9.6,20.3,47.1,0.3,1.1,32.6,6.3,7.4,85.1,1.8,6.7,8.4,2.9,1.1,0.7,2.9,24.1
G,10,Hakeem Olajuwon,82,36.9,24.8,9.6,19.0,50.8,0.0,0.1,0.0,5.5,8.0,69.6,4.1,9.4,13.5,1.8,2.6,3.4,3.4,31.0
G,11,Terry Cummings,80,35.3,22.9,9.1,19.5,46.7,0.1,0.2,46.7,4.5,5.8,78.7,3.5,4.6,8.1,2.5,1.3,0.9,2.5,21.5
C,12,Patrick Ewing,80,36.2,22.7,9.1,16.0,56.7,0.0,0.1,0.0,4.5,6.1,74.6,2.7,6.6,9.3,2.4,1.5,3.5,3.3,27.5
G,13,Kelly Tripucka,71,32.4,22.6,8.0,17.1,46.7,0.4,1.2,35.7,6.2,7.2,86.6,1.1,2.6,3.8,3.2,1.2,0.2,3.3,17.6
G,14,Kevin McHale,78,36.9,22.5,8.5,15.5,54.6,0.0,0.1,0.0,5.6,6.8,81.8,2.9,5.3,8.2,2.2,0.3,1.2,2.5,23.7
G,15,Magic Johnson,77,37.5,22.5,7.5,14.8,50.9,0.8,2.4,31.4,6.7,7.3,91.1,1.4,6.4,7.9,12.8,1.8,0.3,4.1,33.3
G,16,Mitch Richmond,79,34.4,22.0,8.2,17.5,46.8,0.4,1.1,36.7,5.2,6.4,81.0,2.0,3.9,5.9,4.2,1.0,0.2,3.4,19.4
F,17,Jeff Malone,76,31.8,21.7,8.9,18.6,48.0,0.0,0.3,5.3,3.9,4.5,87.1,0.7,1.6,2.4,2.9,0.5,0.2,2.2,15.3
F,18,Chuck Person,80,37.7,21.6,8.9,18.2,48.9,0.8,2.6,30.7,3.0,3.8,79.2,1.8,4.7,6.5,3.6,1.0,0.2,3.9,19.0
G,19,Eddie Johnson,70,29.2,21.5,8.7,17.5,49.7,1.0,2.5,41.3,3.1,3.6,86.8,1.3,3.1,4.4,2.3,0.7,0.1,1.7,17.9
C,20,Bernard King,81,31.6,20.7,8.1,16.9,47.7,0.1,0.4,16.7,4.5,5.4,81.9,1.6,3.1,4.7,3.6,0.8,0.2,2.8,17.3
G,21,James Worthy,81,36.5,20.5,8.7,15.8,54.8,0.0,0.3,8.7,3.1,4.0,78.2,2.1,4.0,6.0,3.6,1.3,0.7,2.2,21.8
F,22,Xavier McDaniel,82,29.1,20.5,8.3,16.9,48.9,0.1,0.4,30.6,3.8,5.2,73.2,2.2,3.1,5.3,1.6,1.0,0.5,2.6,16.3
G,23,Kevin Johnson,81,39.2,20.4,7.0,13.9,50.5,0.0,0.3,9.1,6.3,7.1,88.2,0.6,3.6,4.2,12.2,1.7,0.3,4.0,27.1
F,24,Moses Malone,81,35.5,20.2,6.6,13.5,49.1,0.0,0.1,0.0,6.9,8.8,78.9,4.8,7.0,11.8,1.4,1.0,1.2,3.0,23.8
G,25,Lafayette Lever,71,38.7,19.8,7.9,17.2,45.7,0.3,0.9,34.8,3.8,4.8,78.5,2.6,6.7,9.3,7.9,2.7,0.3,2.2,27.5
G,26,Rolando Blackman,78,37.8,19.7,7.6,16.0,47.6,0.4,1.1,35.3,4.1,4.7,85.4,0.9,2.6,3.5,3.7,0.8,0.3,2.1,16.7
F,27,Byron Scott,74,35.2,19.6,7.9,16.2,49.1,1.0,2.6,39.9,2.6,3.1,86.3,1.0,3.1,4.1,3.1,1.5,0.4,2.1,17.9
G,28,Thurl Bailey,82,33.9,19.5,7.5,15.5,48.3,0.0,0.1,40.0,4.4,5.4,82.5,1.4,4.0,5.5,1.7,0.6,1.1,2.5,16.8
F,29,Adrian Dantley,73,33.2,19.2,6.4,13.1,49.3,0.0,0.0,0.0,6.3,7.8,81.0,1.6,2.7,4.3,2.3,0.6,0.2,2.2,16.3
C,30,Brad Daugherty,78,36.2,18.9,7.0,13.0,53.8,0.0,0.0,33.3,4.9,6.7,73.7,2.1,7.1,9.2,3.7,0.8,0.5,2.9,22.4
G,31,Mark Aguirre,80,32.5,18.9,7.3,15.9,46.1,0.6,2.2,29.3,3.6,4.9,73.3,1.8,3.0,4.8,3.5,0.6,0.5,2.6,15.7
G,32,Mark Price,75,36.4,18.9,7.1,13.4,52.6,1.2,2.8,44.1,3.5,3.9,90.1,0.6,2.4,3.0,8.4,1.5,0.1,2.8,22.3
G-F,33,Willie Anderson,81,33.8,18.6,7.9,15.9,49.8,0.0,0.3,19.0,2.8,3.6,77.5,1.9,3.3,5.1,4.6,1.9,0.8,3.2,19.0
F,34,Ron Harper,82,34.8,18.6,7.2,14.0,51.1,0.4,1.4,25.0,3.9,5.2,75.1,1.5,3.5,5.0,5.3,2.3,0.9,2.8,21.1
F,35,Robert Parish,80,35.5,18.6,7.5,13.1,57.0,0.0,0.0,0.0,3.7,5.1,71.9,4.3,8.2,12.5,2.2,1.0,1.5,2.5,26.1
C-F,36,Michael Adams,77,36.2,18.5,6.1,14.1,43.3,2.2,6.1,35.6,4.2,5.1,81.9,0.9,2.8,3.7,6.4,2.2,0.1,2.3,19.6
G,37,Reggie Lewis,81,32.8,18.5,7.5,15.3,48.6,0.0,0.3,13.6,3.5,4.5,78.7,1.4,3.2,4.7,2.7,1.5,0.9,1.8,17.6
F-G,38,Isiah Thomas,80,36.6,18.2,7.1,15.3,46.4,0.4,1.5,27.3,3.6,4.4,81.8,0.6,2.8,3.4,8.3,1.7,0.3,3.7,19.1
G,39,Kevin Duckworth,79,33.7,18.1,7.0,14.7,47.7,0.0,0.0,0.0,4.1,5.4,75.7,3.1,4.9,8.0,0.8,0.7,0.6,2.5,16.7
C,40,Ken Norman,80,37.8,18.1,8.0,15.9,50.2,0.1,0.3,19.0,2.1,3.4,63.0,3.1,5.3,8.3,3.5,1.3,0.8,2.6,20.3
G-F,41,Terry Porter,81,38.3,17.7,6.7,14.1,47.1,1.0,2.7,36.1,3.4,4.0,84.0,1.0,3.5,4.5,9.5,1.8,0.1,3.1,22.4
G,42,Ricky Pierce,75,27.7,17.6,7.0,13.6,51.8,0.1,0.5,22.2,3.4,4.0,85.9,1.1,1.5,2.6,2.1,1.0,0.3,1.5,14.9
C,43,Danny Ainge,73,32.6,17.5,6.6,14.4,45.7,1.6,4.2,38.0,2.8,3.3,85.4,1.0,2.5,3.5,5.5,1.3,0.1,2.0,17.6
F-C,44,Jerome Kersey,76,35.7,17.5,7.0,15.0,46.9,0.1,0.3,28.6,3.4,4.9,69.4,3.2,5.0,8.3,3.2,1.8,1.1,2.2,20.2
F,45,Wayman Tisdale,79,30.8,17.5,6.7,13.1,51.4,0.0,0.1,0.0,4.0,5.2,77.3,2.4,5.3,7.7,1.6,0.7,0.7,2.2,18.4
F,46,Derek Harper,81,36.6,17.3,6.6,13.9,47.7,1.2,3.4,35.6,2.8,3.5,80.6,0.6,2.2,2.8,7.0,2.1,0.5,2.5,19.3
G,47,Kenny Smith,81,38.8,17.3,6.8,14.6,46.2,0.6,1.6,35.9,3.2,4.4,73.7,0.6,2.2,2.8,7.7,1.3,0.1,3.1,17.0
F-G,48,Larry Nance,73,34.6,17.2,6.8,12.6,53.9,0.0,0.1,0.0,3.7,4.6,79.9,2.1,5.8,8.0,2.2,0.8,2.8,1.6,22.7
G-F,49,Mike Gminski,82,33.4,17.2,6.8,14.2,47.7,0.0,0.1,0.0,3.6,4.2,87.1,2.6,6.8,9.4,1.7,0.6,1.3,1.6,20.5
F-G,50,John Stockton,82,38.7,17.1,6.1,11.3,53.8,0.2,0.8,24.2,4.8,5.5,86.3,1.0,2.0,3.0,13.6,3.2,0.2,3.8,27.4
G,51,Mark Jackson,72,34.4,16.9,6.7,14.2,46.7,1.1,3.3,33.8,2.5,3.6,69.8,1.5,3.3,4.7,8.6,1.9,0.1,3.1,20.5
G,52,Rex Chapman,75,29.6,16.9,7.0,16.9,41.4,0.8,2.5,31.4,2.1,2.6,79.5,1.0,1.5,2.5,2.3,0.9,0.3,1.5,11.0
F,53,Otis Thorpe,82,38.2,16.7,6.4,11.7,54.2,0.0,0.0,0.0,4.0,5.5,72.9,3.3,6.3,9.6,2.5,1.0,0.5,2.7,20.6
C,54,Benoit Benjamin,79,32.7,16.4,6.2,11.5,54.1,0.0,0.0,0.0,4.0,5.4,74.4,2.1,6.7,8.8,2.0,0.7,2.8,3.0,21.1
F,55,Charles Smith,71,30.4,16.3,6.1,12.4,49.5,0.0,0.0,0.0,4.0,5.5,72.5,2.4,4.1,6.5,1.5,1.0,1.3,2.1,16.7
G,56,Ron Anderson,82,31.9,16.2,6.9,14.0,49.1,0.0,0.1,18.2,2.4,2.8,85.6,2.0,2.9,5.0,1.7,0.9,0.3,1.5,14.9
G-F,57,Johnny Newman,81,28.8,16.0,5.6,11.8,47.5,1.2,3.5,33.8,3.5,4.3,81.5,1.1,1.4,2.5,2.0,1.4,0.3,1.9,13.3
F,58,Reggie Miller,74,34.3,16.0,5.4,11.2,47.9,1.3,3.3,40.2,3.9,4.6,84.4,1.0,3.0,3.9,3.1,1.3,0.4,1.9,16.1
F,59,Roy Hinson,82,31.0,16.0,6.0,12.5,48.2,0.0,0.0,0.0,3.9,5.1,75.7,1.9,4.5,6.4,0.9,0.4,1.5,2.0,15.3
C,60,Derrick McKey,82,34.2,15.9,5.9,11.8,50.2,0.4,1.1,33.7,3.7,4.6,80.3,2.0,3.6,5.7,2.7,1.3,0.9,2.3,17.3
F,61,Armen Gilliam,74,28.6,15.9,6.3,12.6,50.3,0.0,0.0,0.0,3.2,4.4,74.3,2.2,5.1,7.3,0.7,0.7,0.4,1.9,15.7
G,62,Reggie Theus,82,30.7,15.8,6.1,13.0,46.6,0.2,0.7,29.3,3.5,4.1,85.1,1.0,1.9,3.0,4.7,1.3,0.2,2.4,15.1
F,63,Walter Davis,81,22.9,15.6,6.6,13.3,49.8,0.2,0.9,29.0,2.2,2.5,87.9,0.5,1.4,1.9,2.3,0.9,0.1,1.6,12.2
F,64,Hersey Hawkins,79,32.6,15.1,5.6,12.3,45.5,0.9,2.1,42.8,3.1,3.7,83.1,0.6,2.2,2.8,3.0,1.5,0.5,2.0,13.7
C,65,Sam Perkins,78,36.7,15.0,5.7,12.3,46.4,0.1,0.5,18.4,3.5,4.2,83.3,3.0,5.8,8.8,1.6,1.0,1.2,1.8,18.5
G,66,Robert Reid,82,26.2,14.7,6.3,14.8,42.8,0.2,0.6,32.7,1.9,2.4,77.6,1.0,2.7,3.7,1.9,0.6,0.2,1.3,10.9
F,67,Winston Garland,79,33.7,14.5,5.9,13.6,43.4,0.1,0.5,23.3,2.6,3.2,80.9,1.3,2.9,4.2,6.4,2.2,0.2,2.4,16.8
C,68,Scottie Pippen,73,33.1,14.4,5.7,11.9,47.6,0.3,1.1,27.3,2.8,4.1,66.8,1.9,4.2,6.1,3.5,1.9,0.8,2.7,16.4
F,69,Gerald Wilkins,81,29.8,14.3,5.7,12.7,45.1,0.6,2.1,29.7,2.3,3.0,75.6,1.2,1.8,3.0,3.4,1.4,0.3,2.1,12.6
C,70,Vern Fleming,76,33.6,14.3,5.5,10.7,51.5,0.0,0.3,13.0,3.2,4.0,79.9,1.1,3.0,4.1,6.5,1.0,0.2,2.5,17.5
G,71,Sleepy Floyd,82,34.0,14.2,4.8,10.9,44.3,1.3,3.6,37.3,3.2,3.8,84.5,0.6,3.1,3.7,8.6,1.5,0.1,3.1,18.5
G,72,Chris Morris,76,27.6,14.1,5.4,11.9,45.7,0.8,2.3,36.6,2.4,3.3,71.7,2.5,2.8,5.2,1.6,1.3,0.8,2.5,13.1
F,73,LaSalle Thompson,76,30.6,13.9,5.5,11.2,48.9,0.0,0.0,0.0,3.0,3.7,80.8,2.9,6.5,9.4,1.1,1.0,1.2,2.4,17.9
F,74,Kevin Edwards,79,29.7,13.8,5.9,14.0,42.5,0.1,0.5,27.0,1.8,2.4,74.6,1.1,2.2,3.3,4.4,1.8,0.3,3.1,11.9
F,75,Darrell Griffith,82,29.0,13.8,5.7,12.7,44.6,0.7,2.4,31.1,1.7,2.2,78.0,0.9,3.1,4.0,1.6,1.0,0.3,1.7,11.5
G-F,76,Vinnie Johnson,82,25.3,13.8,5.6,12.1,46.4,0.2,0.5,29.5,2.4,3.2,73.4,1.3,1.8,3.1,3.0,0.9,0.2,1.3,12.3
G-F,77,Greg Anderson,82,29.3,13.7,5.6,11.1,50.3,0.0,0.0,0.0,2.5,4.9,51.4,3.1,5.1,8.2,0.7,1.2,1.3,2.2,15.1
G,78,John Williams,82,29.4,13.7,5.3,11.5,46.6,0.2,0.9,26.8,2.7,3.5,77.6,1.9,5.1,7.0,4.3,1.7,0.9,1.9,18.7
F,79,Bill Laimbeer,81,32.6,13.7,5.5,11.1,49.9,0.4,1.1,34.9,2.2,2.6,84.0,1.7,7.9,9.6,2.2,0.6,1.2,1.6,19.7
C,80,Doc Rivers,76,32.4,13.6,4.9,10.7,45.5,0.6,1.6,34.7,3.3,3.8,86.1,1.2,2.6,3.8,6.9,2.4,0.5,2.1,18.7
G,81,Jeff Hornacek,78,31.9,13.5,5.6,11.4,49.5,0.3,1.0,33.3,1.9,2.3,82.6,1.0,2.4,3.4,6.0,1.7,0.1,1.4,17.1
F-C,82,Jack Sikma,80,32.3,13.4,4.5,10.4,43.1,1.0,2.7,38.0,3.3,3.7,90.5,1.8,6.0,7.8,3.6,1.1,0.8,1.8,18.5
G,83,A.C. Green,82,30.6,13.3,4.9,9.2,52.9,0.0,0.2,23.5,3.4,4.4,78.6,3.1,5.9,9.0,1.3,1.1,0.7,1.5,18.6
F,84,Mike McGee,80,25.3,13.0,5.4,11.5,47.3,1.2,3.2,36.5,1.0,1.8,53.5,0.9,1.5,2.4,1.5,1.0,0.2,1.6,9.5
C,85,Buck Williams,74,33.1,13.0,5.0,9.5,53.1,0.0,0.0,0.0,2.9,4.3,66.6,3.4,6.0,9.4,1.1,0.8,0.5,1.9,16.9
C,86,Charles Oakley,82,31.8,12.9,5.2,10.2,51.0,0.1,0.6,25.0,2.4,3.1,77.3,4.2,6.3,10.5,2.3,1.3,0.2,3.0,18.4
G-F,87,Mike Woodson,81,27.9,12.9,5.1,11.6,43.8,0.4,1.1,34.8,2.4,2.9,82.3,0.6,1.8,2.4,2.5,1.1,0.2,1.7,10.5
F,88,Dan Schayes,76,25.2,12.8,4.2,8.0,52.2,0.0,0.1,33.3,4.4,5.3,82.6,1.9,4.7,6.6,1.4,0.6,1.1,2.1,15.5
G,89,Larry Krystkowiak,80,30.9,12.7,4.5,9.6,47.3,0.1,0.2,33.3,3.6,4.4,82.3,2.5,5.2,7.6,1.3,1.2,0.1,1.8,15.3
C,90,Rory Sparrow,80,32.7,12.5,5.6,12.3,45.2,0.2,0.9,24.3,1.2,1.3,87.9,0.7,2.0,2.7,5.4,1.3,0.2,2.6,12.6
G,91,Bill Cartwright,78,29.9,12.4,4.7,9.8,47.5,0.0,0.0,0.0,3.0,3.9,76.6,1.9,4.7,6.7,1.2,0.3,0.5,2.4,12.5
F-G,92,Harold Pressley,80,28.2,12.3,4.8,10.9,43.9,1.5,3.7,40.3,1.2,1.5,78.0,2.7,3.4,6.1,2.2,1.2,1.0,1.6,14.6
G,93,Horace Grant,79,35.6,12.0,5.1,9.9,51.9,0.0,0.1,0.0,1.8,2.5,70.4,3.0,5.6,8.6,2.1,1.1,0.8,1.6,17.5
F-C,94,Gary Grant,71,27.1,11.9,5.1,11.7,43.5,0.1,0.3,22.7,1.7,2.3,73.5,1.1,2.2,3.4,7.1,2.0,0.1,3.6,13.7
F,95,Grant Long,82,29.7,11.9,4.1,8.4,48.6,0.0,0.1,0.0,3.7,5.0,74.9,2.9,3.7,6.7,1.8,1.5,0.6,2.5,14.4
G,96,Vernon Maxwell,79,26.1,11.7,4.5,10.5,43.2,0.4,1.6,24.8,2.3,3.1,74.5,0.6,1.9,2.6,3.8,1.1,0.1,2.3,10.3
G-F,97,Rik Smits,82,24.9,11.7,4.7,9.1,51.7,0.0,0.0,0.0,2.2,3.1,72.2,2.3,3.8,6.1,0.9,0.5,1.8,1.6,14.1
C,98,Maurice Cheeks,71,32.4,11.6,4.7,9.8,48.3,0.0,0.2,7.7,2.1,2.7,77.4,0.5,2.0,2.6,7.8,1.5,0.2,1.6,16.4
G-F,99,Jay Humphries,73,30.4,11.6,4.7,9.8,48.3,0.3,1.3,26.6,1.8,2.2,81.6,1.0,1.6,2.6,5.5,1.9,0.1,2.2,14.1
C-F,100,Hot Rod Williams,82,25.9,11.6,4.3,8.5,50.9,0.0,0.0,25.0,2.9,3.8,74.8,2.1,3.7,5.8,1.3,0.9,1.6,1.2,14.9
G,101,Ed Pinckney,80,25.2,11.5,4.0,7.8,51.3,0.0,0.1,0.0,3.5,4.4,80.0,2.1,3.5,5.6,1.5,1.0,0.8,1.5,14.3
C,102,Ledell Eackles,80,18.2,11.5,4.0,9.2,43.4,0.1,0.5,22.5,3.4,4.3,78.6,1.3,1.0,2.3,1.5,0.5,0.1,1.6,8.1
F,103,Kurt Rambis,75,29.8,11.1,4.3,8.4,51.8,0.0,0.0,0.0,2.4,3.3,73.4,3.6,5.8,9.4,2.1,1.3,0.8,2.0,17.8
F,104,Rony Seikaly,78,25.2,10.9,4.3,9.5,44.8,0.0,0.1,25.0,2.3,4.5,51.1,2.6,4.4,7.0,0.7,0.6,1.2,2.6,10.4
F-G,105,Billy Thompson,79,28.8,10.8,4.4,9.1,48.7,0.0,0.1,0.0,2.0,2.8,69.6,3.1,4.2,7.2,2.2,0.7,1.3,2.4,14.4
G,106,Rod Higgins,81,23.3,10.6,3.7,7.8,47.6,0.8,2.1,39.3,2.3,2.8,82.1,1.4,3.3,4.6,2.0,0.5,0.5,0.9,12.6
G,107,Terry Catledge,79,26.3,10.4,4.2,8.6,49.0,0.0,0.1,20.0,1.9,3.2,60.2,2.9,4.3,7.2,0.9,0.6,0.3,1.5,12.3
C-F,108,Michael Cage,80,31.7,10.3,3.9,7.9,49.8,0.0,0.1,0.0,2.5,3.3,74.3,3.5,6.1,9.6,1.6,1.2,0.7,1.6,16.9
G,109,Lester Conner,82,30.9,10.3,3.8,8.2,45.7,0.2,0.5,35.1,2.6,3.3,78.8,1.2,3.1,4.3,7.4,2.2,0.1,2.2,16.9
G,110,Herb Williams,76,32.5,10.2,4.2,9.7,43.6,0.0,0.1,0.0,1.8,2.6,68.6,1.8,6.0,7.8,1.6,0.6,1.8,2.0,13.8
G-F,111,Kareem Abdul-Jabbar,74,22.9,10.1,4.2,8.9,47.5,0.0,0.0,0.0,1.6,2.2,73.9,1.4,3.1,4.5,1.0,0.5,1.1,1.3,10.7
F,112,Otis Smith,80,20.0,10.0,3.9,8.9,43.5,0.1,0.5,18.9,2.2,2.7,79.8,1.6,2.5,4.1,1.8,1.1,0.5,1.6,10.3
F-C,113,Dennis Johnson,72,32.1,10.0,3.8,8.9,43.4,0.1,0.7,14.0,2.2,2.7,82.1,0.4,2.2,2.6,6.6,1.3,0.3,2.4,12.9
F,113,Steve Johnson,72,20.5,10.0,4.1,7.8,52.4,0.0,0.0,0.0,1.8,3.4,52.7,1.9,3.1,5.0,1.5,0.3,0.6,1.9,10.0
G,115,Orlando Woolridge,74,20.1,9.7,3.1,6.7,46.8,0.0,0.0,0.0,3.4,4.6,73.8,1.1,2.6,3.6,0.8,0.4,0.9,1.4,9.2
G-F,116,John Battle,82,20.4,9.5,3.5,7.7,45.7,0.1,0.4,32.4,2.4,2.9,81.5,0.4,1.3,1.7,2.4,0.5,0.1,1.3,8.3
G,117,Sam Vincent,70,24.3,9.4,3.9,8.1,48.4,0.0,0.2,11.8,1.5,1.8,82.2,0.5,2.2,2.7,4.8,0.8,0.1,2.0,11.2
F-C,118,Mike Sanders,82,25.6,9.3,4.0,8.9,45.3,0.0,0.1,30.0,1.2,1.6,71.9,1.2,2.5,3.7,1.6,1.1,0.4,1.3,9.5
F,119,Derrick Chievous,81,19.0,9.3,3.4,7.8,43.7,0.1,0.3,20.8,2.4,3.0,78.3,1.4,1.8,3.2,1.0,0.6,0.1,1.7,7.4
F,120,Mychal Thompson,80,24.9,9.2,3.6,6.5,55.9,0.0,0.0,0.0,2.0,2.9,67.8,2.0,3.9,5.8,0.6,0.7,0.7,1.2,12.1
F,121,Cliff Levingston,80,27.3,9.2,3.8,7.1,52.8,0.0,0.1,20.0,1.7,2.4,69.6,2.4,3.8,6.2,0.9,1.2,0.9,1.3,13.0
G,122,Darrell Walker,79,32.5,9.0,3.6,8.6,42.0,0.0,0.1,0.0,1.8,2.3,77.2,1.7,4.7,6.4,6.3,2.0,0.3,2.3,16.1
F-C,123,Dennis Rodman,82,26.9,9.0,3.9,6.5,59.5,0.1,0.3,23.1,1.2,1.9,62.6,4.0,5.4,9.4,1.2,0.7,0.9,1.5,16.3
G,124,Rod Strickland,81,16.8,8.9,3.3,7.0,46.7,0.2,0.7,32.2,2.1,2.9,74.5,0.6,1.3,2.0,3.9,1.2,0.0,1.8,9.8
F-G,125,Brian Shaw,82,28.1,8.6,3.6,8.4,43.3,0.0,0.2,0.0,1.3,1.6,82.6,1.5,3.1,4.6,5.8,1.0,0.3,2.3,12.9
F,126,Trent Tucker,81,22.5,8.5,3.2,7.1,45.4,1.5,3.7,39.9,0.5,0.7,78.2,0.7,1.5,2.2,1.6,1.1,0.1,0.7,8.7
F-G,127,Tyrone Corbin,77,21.5,8.2,3.2,5.9,54.0,0.0,0.0,0.0,1.8,2.3,78.8,2.3,2.9,5.2,1.5,1.1,0.2,1.2,11.7
F-C,128,Alton Lister,82,22.0,8.0,3.3,6.6,49.9,0.0,0.0,0.0,1.4,2.2,64.6,2.5,4.1,6.6,0.7,0.3,2.2,1.4,12.3
G,129,Blair Rasmussen,77,17.0,7.6,3.3,7.5,44.5,0.0,0.0,0.0,0.9,1.1,85.2,1.4,2.4,3.7,0.6,0.4,0.5,0.6,7.9
G,130,Antoine Carr,78,19.1,7.5,2.9,6.0,48.0,0.0,0.0,0.0,1.7,1.9,85.5,1.4,2.2,3.5,1.2,0.4,0.8,1.1,8.9
G,131,Craig Ehlo,82,22.8,7.4,3.0,6.4,47.5,0.5,1.2,39.0,0.9,1.4,60.7,1.2,2.4,3.6,3.2,1.3,0.2,1.4,10.5
F,132,Michael Cooper,80,24.3,7.3,2.7,6.2,43.1,1.0,2.6,38.1,1.0,1.2,87.1,0.4,2.0,2.4,3.9,0.9,0.4,1.2,10.1
C,133,James Edwards,76,16.5,7.3,2.8,5.6,50.0,0.0,0.0,0.0,1.8,2.6,68.6,0.9,2.1,3.0,0.6,0.1,0.4,0.9,7.0
G,134,John Paxson,78,22.3,7.3,3.2,6.6,48.0,0.6,1.7,33.1,0.4,0.5,86.1,0.2,1.0,1.2,3.9,0.7,0.1,0.9,8.8
F,135,Rick Mahorn,72,24.9,7.3,2.8,5.5,51.7,0.0,0.0,0.0,1.6,2.2,74.8,2.0,4.9,6.9,0.8,0.6,0.9,1.3,11.9
G,136,Mark West,82,24.6,7.2,3.0,4.5,65.3,0.0,0.0,0.0,1.3,2.5,53.5,2.0,4.7,6.7,0.5,0.4,2.3,1.3,13.2
F-G,137,Vinny Del Negro,80,19.5,7.1,3.0,6.3,47.5,0.1,0.3,30.0,1.1,1.3,85.0,0.6,1.5,2.1,2.6,0.8,0.2,1.0,8.4
C,138,Nate McMillan,75,31.2,7.1,2.7,6.5,41.0,0.2,0.9,21.4,1.6,2.5,63.0,1.9,3.3,5.2,9.3,2.1,0.6,2.8,16.6
F,139,Brad Sellers,80,21.7,6.9,2.9,6.0,48.5,0.0,0.1,50.0,1.1,1.3,85.1,1.1,1.8,2.8,1.2,0.4,0.9,0.9,8.1
F,140,Scott Skiles,80,19.6,6.8,2.5,5.5,44.8,0.3,0.9,26.7,1.6,1.8,90.3,0.3,1.6,1.9,4.9,0.8,0.0,2.2,9.0
F-G,141,Mark Alarie,74,15.4,6.7,2.8,5.8,47.8,0.2,0.5,34.2,1.0,1.2,83.9,1.4,2.1,3.4,0.9,0.3,0.3,0.8,7.6
F,142,Steve Colter,80,17.8,6.7,2.5,5.7,44.4,0.0,0.3,12.0,1.6,2.1,74.9,0.8,1.5,2.3,2.8,0.9,0.2,0.8,8.3
F,143,Wayne Cooper,79,23.6,6.6,2.8,5.6,49.5,0.0,0.1,25.0,1.0,1.3,74.5,2.7,5.2,7.8,1.0,0.5,2.7,0.9,14.4
F,144,Brad Lohaus,77,15.8,6.5,2.7,6.3,43.2,0.0,0.1,9.1,1.1,1.3,78.6,1.1,2.2,3.3,0.9,0.4,0.7,1.0,6.9
G,145,Dave Hoppen,77,18.4,6.5,2.6,4.6,56.4,0.0,0.0,50.0,1.3,1.8,72.7,1.6,3.4,5.0,0.7,0.3,0.3,1.0,9.3
G,146,Earl Cureton,82,25.0,6.5,2.8,5.7,50.1,0.0,0.0,0.0,0.8,1.5,53.7,2.3,3.7,6.0,1.6,0.6,0.7,1.4,10.5
F,147,Joe Kleine,75,18.8,6.5,2.3,5.8,40.5,0.0,0.0,0.0,1.8,2.0,88.2,1.7,3.4,5.0,0.9,0.4,0.3,1.4,8.1
G,148,Tom Garrick,71,21.1,6.4,2.5,5.1,49.0,0.0,0.2,0.0,1.4,1.8,80.3,0.5,1.7,2.2,3.4,1.1,0.1,1.6,8.7
G,149,Brad Davis,78,17.9,6.4,2.3,4.9,48.3,0.4,1.3,31.4,1.3,1.6,80.5,0.2,1.2,1.4,3.1,0.6,0.2,1.2,7.7
C,150,Sidney Green,82,15.6,6.3,2.4,5.1,46.0,0.0,0.0,0.0,1.6,2.1,75.9,1.9,2.9,4.8,0.9,0.6,0.2,1.5,8.0
F,151,Mark Eaton,82,35.5,6.2,2.3,5.0,46.2,0.0,0.0,0.0,1.6,2.4,66.0,2.8,7.5,10.3,1.0,0.5,3.8,1.7,16.6
F,152,Tim Kempton,79,17.0,6.1,2.2,4.2,51.0,0.0,0.0,0.0,1.8,2.6,68.6,1.2,2.7,3.8,1.3,0.5,0.2,1.5,7.5
F,153,Dave Corzine,81,18.3,5.9,2.5,5.4,46.1,0.0,0.1,25.0,0.9,1.2,74.0,1.1,2.8,3.9,1.3,0.4,0.6,1.1,7.6
F-C,154,Fred Roberts,71,17.6,5.9,2.2,4.5,48.6,0.0,0.2,21.4,1.5,1.8,80.6,1.0,2.0,2.9,0.9,0.5,0.3,1.1,6.8
G,155,Larry Smith,80,23.7,5.7,2.7,5.0,55.2,0.0,0.0,0.0,0.2,0.7,31.0,3.4,4.8,8.2,1.5,0.8,0.7,1.4,12.7
G,156,Harvey Grant,71,16.8,5.6,2.5,5.5,46.4,0.0,0.0,0.0,0.5,0.8,59.6,1.1,1.2,2.3,1.1,0.5,0.4,0.4,6.2
F,157,Terry Tyler,70,15.1,5.5,2.4,5.1,46.9,0.0,0.1,11.1,0.7,0.9,75.8,1.1,1.9,3.0,0.6,0.3,0.6,0.7,6.3
G,158,Muggsy Bogues,79,22.2,5.4,2.3,5.3,42.6,0.0,0.2,7.7,0.8,1.1,75.0,0.7,1.4,2.1,7.8,1.4,0.1,1.6,11.9
G-F,159,Kenny Walker,79,14.7,5.3,2.2,4.5,48.9,0.1,0.3,25.0,0.8,1.1,77.6,1.3,1.6,2.9,0.5,0.5,0.6,0.6,6.7
C,160,Tim McCormick,81,15.5,5.2,2.1,4.3,48.1,0.0,0.0,0.0,1.1,1.6,67.4,1.1,2.1,3.2,0.7,0.2,0.3,0.8,6.0
C-F,161,Scott Brooks,82,16.7,5.2,1.9,4.5,42.0,0.7,1.9,35.9,0.7,0.8,88.4,0.2,0.9,1.1,3.7,0.8,0.0,0.8,7.5
G,162,Richard Anderson,72,15.0,5.2,2.0,4.8,41.7,0.7,2.0,34.8,0.4,0.5,84.2,0.9,2.3,3.2,1.4,0.6,0.2,0.8,6.8
F-G,163,Scott Hastings,75,16.1,5.1,1.9,4.4,43.6,0.1,0.4,32.1,1.2,1.4,85.0,1.0,2.1,3.1,0.8,0.4,0.6,0.9,6.4
C,164,Darnell Valentine,77,14.1,4.8,1.8,4.1,42.6,0.0,0.2,21.4,1.2,1.5,81.3,0.3,1.1,1.3,2.3,0.7,0.1,1.1,5.5
G-F,165,Jon Koncak,74,20.7,4.7,1.9,3.6,52.4,0.0,0.0,0.0,0.9,1.5,55.3,2.0,4.1,6.1,0.8,0.7,1.3,0.8,10.4
F,166,Elston Turner,78,22.4,4.3,1.9,4.5,42.8,0.0,0.1,28.6,0.4,0.7,58.9,1.4,2.3,3.7,1.8,1.2,0.1,0.8,7.4
G,167,Eric Leckner,75,10.4,4.3,1.6,2.9,54.5,0.0,0.0,0.0,1.1,1.5,69.9,0.6,2.0,2.7,0.2,0.1,0.3,0.9,4.8
F-G,168,John Lucas,74,11.4,4.2,1.6,4.0,39.8,0.2,0.9,26.5,0.7,1.0,70.1,0.3,0.8,1.1,3.5,0.8,0.0,0.9,6.0
C,169,Eddielee Wilkins,71,8.2,4.1,1.6,3.5,46.5,0.0,0.0,0.0,0.9,1.6,55.0,1.0,1.1,2.1,0.1,0.1,0.2,0.8,3.3
G,170,Spud Webb,81,15.0,3.9,1.6,3.6,45.9,0.0,0.3,4.5,0.6,0.7,86.7,0.3,1.3,1.5,3.5,0.9,0.1,1.0,6.8
G,171,Manute Bol,80,22.1,3.9,1.6,4.3,36.9,0.3,1.1,22.0,0.5,0.8,60.6,1.5,4.3,5.8,0.3,0.1,4.3,1.0,10.5
G,172,Chris Welp,72,11.7,3.4,1.4,3.1,44.6,0.0,0.0,0.0,0.7,1.0,65.8,0.8,1.9,2.7,0.4,0.3,0.6,0.6,4.8
G,173,Olden Polynice,80,10.4,2.9,1.1,2.3,50.6,0.0,0.0,0.0,0.6,1.1,59.3,1.2,1.4,2.6,0.3,0.5,0.4,0.6,4.5
F,174,Caldwell Jones,72,17.8,2.8,1.1,2.5,42.1,0.0,0.0,0.0,0.7,0.8,78.7,1.2,2.9,4.2,0.8,0.3,1.2,1.2,6.5
F,175,Stuart Gray,72,10.9,2.6,1.0,2.1,47.1,0.0,0.0,0.0,0.6,0.9,68.8,1.2,2.2,3.4,0.4,0.2,0.3,0.7,4.8
G,176,Ronnie Grandison,72,7.3,2.5,0.8,2.0,41.5,0.0,0.1,0.0,0.8,1.1,73.8,0.7,0.6,1.3,0.6,0.3,0.0,0.5,2.7
F,177,Marc Iavaroni,77,10.3,2.3,0.9,2.1,44.2,0.0,0.0,0.0,0.5,0.6,81.8,0.5,1.2,1.7,0.4,0.1,0.2,0.7,2.8
F,178,Paul Mokeski,74,9.3,2.2,0.8,2.2,36.0,0.1,0.4,26.9,0.5,0.7,78.4,0.9,1.7,2.5,0.5,0.4,0.3,0.5,3.9
F,179,Greg Kite,70,13.5,2.1,0.9,2.2,43.0,0.0,0.0,0.0,0.3,0.6,48.8,1.2,2.3,3.5,0.5,0.4,0.8,0.8,4.9
F,180,Jim Les,82,9.5,1.7,0.5,1.6,30.1,0.0,0.2,7.1,0.7,0.9,78.1,0.3,0.8,1.1,2.6,0.3,0.1,1.1,3.4
