pos,#,player,gp,min,pts,fgm,fga,fg%,3pm,3pa,3p%,ftm,fta,ft%,oreb,dreb,reb,ast,stl,blk,tov,eff
G,1,Michael Jordan,82,39.0,33.6,12.6,24.0,52.6,1.1,3.0,37.6,7.2,8.5,84.8,1.7,5.1,6.9,6.3,2.8,0.7,3.0,34.6
F-C,2,Karl Malone,82,38.1,31.0,11.1,19.8,56.2,0.2,0.5,37.2,8.5,11.1,76.2,2.8,8.3,11.1,2.8,1.5,0.6,3.7,31.9
F-G,3,Patrick Ewing,82,38.6,28.6,11.2,20.4,55.1,0.0,0.0,25.0,6.1,7.9,77.5,2.9,8.0,10.9,2.2,1.0,4.0,3.4,32.3
F,4,Tom Chambers,81,37.6,27.2,10.0,20.0,50.1,0.3,1.1,27.9,6.9,8.0,86.1,1.5,5.6,7.0,2.3,1.1,0.6,2.7,24.5
G,5,Dominique Wilkins,80,36.1,26.7,10.1,20.9,48.4,0.7,2.3,32.2,5.7,7.1,80.7,2.7,3.8,6.5,2.5,1.6,0.6,2.2,23.6
F,6,Charles Barkley,79,39.1,25.2,8.9,14.9,60.0,0.3,1.2,21.7,7.1,9.4,74.9,4.6,6.9,11.5,3.9,1.9,0.6,3.1,31.7
G,7,Chris Mullin,78,36.3,25.1,8.7,16.3,53.6,1.1,3.0,37.2,6.5,7.3,88.9,1.7,4.3,5.9,4.1,1.6,0.6,3.1,25.8
G,8,Reggie Miller,82,38.9,24.6,8.1,15.7,51.4,1.8,4.4,41.4,6.6,7.6,86.8,1.2,2.4,3.6,3.8,1.3,0.2,2.7,22.2
F,9,Hakeem Olajuwon,82,38.1,24.3,9.8,19.6,50.1,0.0,0.1,16.7,4.7,6.5,71.3,3.6,10.4,14.0,2.9,2.1,4.6,3.9,32.4
G,10,David Robinson,82,36.6,24.3,8.4,15.9,53.1,0.0,0.0,0.0,7.5,10.2,73.2,3.7,8.3,12.0,2.0,1.7,3.9,3.1,30.6
G,11,Jeff Malone,75,34.2,24.3,10.4,21.2,49.1,0.0,0.1,16.7,3.4,3.9,87.7,0.7,2.0,2.7,3.2,0.6,0.1,1.7,18.0
C,11,Larry Bird,75,39.3,24.3,9.6,20.2,47.3,0.9,2.6,33.3,4.3,4.6,93.0,1.2,8.3,9.5,7.5,1.4,0.8,3.2,29.3
G,13,Clyde Drexler,73,36.8,23.3,9.2,18.6,49.4,0.4,1.5,28.3,4.6,5.9,77.4,2.8,4.1,6.9,5.9,2.0,0.7,2.6,25.5
G,14,Tony Campbell,82,38.6,23.2,8.8,19.3,45.7,0.1,0.7,16.7,5.5,6.9,78.7,2.5,3.0,5.5,2.6,1.4,0.4,3.1,18.0
G,15,Kevin Johnson,74,37.6,22.5,7.8,15.7,49.9,0.1,0.6,19.5,6.8,8.1,83.8,0.6,3.1,3.6,11.4,1.3,0.2,3.6,26.3
G,16,Terry Cummings,81,34.8,22.4,9.0,18.9,47.5,0.2,0.7,32.2,4.2,5.4,78.0,2.8,5.6,8.4,2.7,1.4,0.6,2.5,21.9
F,17,Bernard King,82,32.8,22.4,8.7,17.8,48.7,0.0,0.3,13.0,5.0,6.3,80.3,1.6,3.4,4.9,4.6,0.6,0.1,3.0,19.2
F,18,Magic Johnson,79,37.2,22.3,6.9,14.4,48.0,1.3,3.5,38.4,7.2,8.1,89.0,1.6,5.0,6.6,11.5,1.7,0.4,3.7,30.5
G,19,Wayman Tisdale,79,37.2,22.3,9.2,17.5,52.5,0.0,0.1,0.0,3.9,4.9,78.3,2.3,5.2,7.5,1.4,0.7,0.7,1.9,21.2
C,20,Mitch Richmond,78,35.9,22.1,8.2,16.5,49.7,0.4,1.2,35.8,5.2,6.0,86.6,1.3,3.4,4.6,2.9,1.3,0.3,2.6,19.4
G,21,Xavier McDaniel,69,35.2,21.3,8.9,17.9,49.6,0.1,0.2,29.4,3.5,4.8,73.3,2.4,4.1,6.5,2.5,1.1,0.5,2.7,18.8
F,22,Charles Smith,78,35.0,21.1,7.6,14.7,52.0,0.0,0.2,8.3,5.8,7.3,79.4,2.3,4.4,6.7,1.5,1.1,1.5,2.1,21.3
G,23,James Worthy,80,37.0,21.1,8.9,16.2,54.8,0.2,0.6,30.6,3.1,4.0,78.2,2.0,4.0,6.0,3.6,1.2,0.6,2.0,22.3
F,24,Kevin McHale,82,33.2,20.9,7.9,14.4,54.9,0.3,0.8,33.3,4.8,5.4,89.3,2.5,5.8,8.3,2.1,0.4,1.9,2.2,24.2
G,25,Chuck Person,77,35.2,19.7,7.9,16.1,48.7,1.2,3.3,37.2,2.7,3.5,78.1,1.6,4.1,5.8,3.0,0.7,0.3,2.2,18.1
G,26,Mark Price,73,37.1,19.6,6.7,14.6,45.9,2.1,5.1,40.6,4.1,4.6,88.8,0.9,2.5,3.4,9.1,1.6,0.1,2.9,22.4
F,27,Rolando Blackman,80,36.7,19.4,7.8,15.7,49.8,0.2,0.5,30.2,3.6,4.3,84.4,1.1,2.4,3.5,3.6,1.0,0.3,2.2,17.0
G,28,Terry Catledge,74,33.3,19.4,7.4,15.6,47.4,0.0,0.1,25.0,4.6,6.6,70.2,3.7,3.9,7.6,1.0,0.5,0.2,2.4,16.1
F,29,Reggie Theus,76,30.9,18.9,6.8,15.5,43.9,0.3,1.4,24.8,5.0,5.8,85.3,1.0,1.9,2.9,5.4,0.8,0.2,3.0,15.6
C,30,Moses Malone,81,33.8,18.9,6.4,13.3,48.0,0.0,0.1,11.1,6.1,7.8,78.1,4.5,5.5,10.0,1.6,0.6,1.0,2.9,20.6
G,31,Hersey Hawkins,82,34.8,18.5,6.4,13.9,46.0,1.0,2.4,42.0,4.7,5.3,88.8,1.0,2.7,3.7,3.2,1.6,0.3,2.3,17.0
G,32,Isiah Thomas,81,37.0,18.4,7.1,16.3,43.8,0.5,1.7,30.9,3.6,4.7,77.5,0.9,2.9,3.8,9.4,1.7,0.2,4.0,19.4
G-F,33,Lafayette Lever,79,35.8,18.3,7.2,16.2,44.3,0.5,1.1,41.4,3.4,4.3,80.4,2.9,6.4,9.3,6.5,2.1,0.2,2.0,24.5
F,34,Derek Harper,82,36.7,18.0,6.9,14.2,48.8,1.1,2.9,37.1,3.0,3.8,79.4,0.7,2.3,3.0,7.4,2.3,0.3,2.5,20.4
F,35,Alex English,80,27.6,17.9,7.9,16.2,49.1,0.0,0.1,40.0,2.0,2.3,88.0,1.5,2.1,3.6,2.8,0.6,0.3,1.2,15.6
C-F,36,Danny Ainge,75,36.4,17.9,6.7,15.4,43.8,1.4,3.9,37.4,3.0,3.6,83.1,0.9,3.4,4.3,6.0,1.5,0.2,2.5,18.3
G,37,Joe Dumars,75,34.4,17.8,6.8,14.1,48.0,0.3,0.7,40.0,4.0,4.4,90.0,0.8,2.0,2.8,4.9,0.8,0.0,1.9,16.7
F-G,38,Terry Porter,80,34.8,17.6,5.6,12.1,46.2,1.1,3.0,37.4,5.3,5.9,89.2,0.7,2.7,3.4,9.1,1.9,0.1,3.1,21.8
G,39,John Stockton,78,37.4,17.2,6.1,11.8,51.4,0.6,1.4,41.6,4.5,5.5,81.9,0.7,1.9,2.6,14.5,2.7,0.2,3.5,27.1
C,40,Otis Thorpe,82,35.9,17.1,6.7,12.2,54.8,0.0,0.1,0.0,3.7,5.4,68.8,3.1,5.8,9.0,3.2,0.8,0.3,2.8,20.3
G-F,41,Reggie Lewis,79,31.9,17.0,6.8,13.8,49.6,0.1,0.2,26.7,3.2,4.0,80.8,1.4,3.0,4.4,2.8,1.1,0.8,1.5,16.9
G,42,Hot Rod Williams,82,33.9,16.8,6.4,13.0,49.3,0.0,0.0,0.0,4.0,5.4,73.9,2.7,5.4,8.1,2.0,1.0,2.0,1.7,20.3
C,43,Armen Gilliam,76,31.9,16.7,6.4,12.4,51.5,0.0,0.0,0.0,4.0,5.5,72.3,2.8,5.1,7.9,1.3,0.9,0.7,2.4,17.6
F-C,44,Rony Seikaly,74,32.6,16.6,6.6,13.1,50.2,0.0,0.0,0.0,3.5,5.8,59.4,3.4,6.9,10.4,1.1,1.1,1.7,3.2,18.7
F,45,Rodney McCray,82,39.5,16.6,6.5,12.7,51.5,0.1,0.5,26.2,3.3,4.2,78.4,2.3,5.8,8.2,4.6,0.7,0.9,2.1,21.7
F,46,Scottie Pippen,82,38.4,16.5,6.9,14.0,48.9,0.3,1.4,25.0,2.4,3.6,67.5,1.8,4.8,6.7,5.4,2.6,1.2,3.4,20.6
G,47,Danny Manning,71,32.0,16.3,6.2,11.6,53.3,0.0,0.1,0.0,3.9,5.2,74.1,2.0,3.9,5.9,2.6,1.3,0.5,2.6,17.2
F-G,48,Detlef Schrempf,78,33.0,16.2,5.4,10.5,51.6,0.2,0.6,35.4,5.2,6.3,82.0,1.9,6.0,7.9,3.2,0.8,0.2,2.3,19.8
G-F,49,Kevin Duckworth,82,30.0,16.2,6.7,14.0,47.8,0.0,0.0,0.0,2.8,3.8,74.0,2.2,4.0,6.2,1.1,0.4,0.4,2.1,14.0
F-G,50,Terry Teagle,82,29.0,16.1,6.6,13.7,48.0,0.0,0.2,21.4,3.0,3.6,83.0,1.4,3.1,4.5,1.9,1.1,0.2,1.8,14.3
G,51,Ken Norman,70,33.3,16.1,6.9,13.6,51.0,0.1,0.2,43.8,2.2,3.5,63.2,2.0,4.7,6.7,2.3,1.1,0.8,2.7,16.4
G,52,Jerome Kersey,82,34.7,16.0,6.3,13.2,47.8,0.0,0.2,15.0,3.3,4.8,69.0,3.1,5.4,8.4,2.3,1.5,0.8,1.8,18.8
F,53,Sam Perkins,76,35.1,15.9,5.7,11.6,49.3,0.1,0.4,21.4,4.3,5.6,77.8,2.8,4.8,7.5,2.3,1.2,0.8,1.9,18.6
C,54,Dennis Hopson,79,32.3,15.8,6.0,13.8,43.4,0.4,1.3,31.7,3.4,4.3,79.2,1.4,2.1,3.5,1.9,1.3,0.6,2.1,12.3
F,55,Robert Parish,79,30.3,15.7,6.4,11.0,58.0,0.0,0.0,0.0,2.9,3.9,74.7,3.3,6.8,10.1,1.3,0.5,0.9,2.1,20.7
G,56,Willie Anderson,82,34.0,15.7,6.5,13.2,49.2,0.1,0.3,26.9,2.6,3.5,74.8,1.4,3.1,4.5,4.4,1.4,0.7,2.4,16.7
G-F,57,Derrick McKey,80,34.4,15.7,5.9,11.9,49.3,0.0,0.3,13.0,3.9,5.0,78.2,2.1,4.0,6.1,2.3,1.1,1.0,2.4,16.7
F,58,Kelly Tripucka,79,30.4,15.6,5.6,13.0,43.0,0.5,1.3,36.5,3.9,4.4,88.3,1.0,3.0,4.1,2.8,0.9,0.2,2.2,13.5
F,59,Byron Scott,77,33.7,15.5,6.1,13.1,47.0,1.2,2.9,42.3,2.1,2.7,76.6,0.7,2.5,3.1,3.6,1.0,0.4,1.6,14.5
C,60,Rik Smits,82,29.3,15.5,6.3,11.8,53.3,0.0,0.0,0.0,2.9,3.6,81.1,1.6,4.6,6.2,1.7,0.5,2.1,1.7,18.1
F,61,Michael Adams,79,34.1,15.5,5.0,12.5,40.2,2.0,5.5,36.6,3.4,4.0,85.0,0.6,2.2,2.8,6.3,1.5,0.0,1.8,16.3
G,62,Jay Humphries,81,34.8,15.3,6.1,12.4,49.4,0.3,0.9,30.0,2.8,3.5,78.6,1.0,2.3,3.3,5.8,1.9,0.1,1.9,17.6
F,63,Chris Morris,80,30.6,14.8,5.6,13.3,42.2,0.8,2.4,31.6,2.9,4.0,72.2,2.4,2.9,5.3,1.8,1.6,1.0,2.3,13.4
F,64,Buck Johnson,82,34.5,14.8,6.1,12.4,49.5,0.0,0.2,11.8,2.5,3.3,75.9,1.4,3.3,4.6,3.1,1.3,0.8,2.0,15.5
C,65,Tim Hardaway,79,33.7,14.7,5.9,12.5,47.1,0.3,1.1,27.4,2.7,3.5,76.4,0.7,3.2,3.9,8.7,2.1,0.2,3.3,18.9
G,66,Tyrone Corbin,82,36.7,14.7,6.4,13.2,48.1,0.0,0.1,0.0,2.0,2.5,77.0,2.7,4.7,7.4,2.6,2.1,0.5,1.7,18.1
F,67,Gerald Wilkins,82,31.8,14.5,5.8,12.6,45.7,0.5,1.5,31.2,2.5,3.2,80.3,1.6,2.9,4.5,4.0,1.2,0.3,2.4,14.7
C,68,James Edwards,82,27.8,14.5,5.6,11.3,49.8,0.0,0.0,0.0,3.2,4.3,74.9,1.4,2.8,4.2,0.8,0.3,0.5,1.6,11.8
F,69,Johnny Dawkins,81,35.4,14.3,5.7,11.7,48.9,0.3,0.8,33.3,2.6,3.0,86.1,0.6,2.5,3.0,7.4,1.5,0.1,2.6,17.4
C,70,Vern Fleming,82,35.1,14.3,5.7,11.2,50.8,0.1,0.4,35.3,2.8,3.6,78.2,1.4,2.5,3.9,7.4,1.1,0.1,2.5,18.1
G,71,Sherman Douglas,81,30.5,14.3,5.7,11.6,49.4,0.1,0.4,16.1,2.8,4.0,68.7,0.9,1.7,2.5,7.6,1.8,0.1,3.0,16.2
G,72,Alvin Robertson,81,32.1,14.2,5.9,11.7,50.3,0.0,0.3,15.4,2.4,3.3,74.1,2.8,4.1,6.9,5.5,2.6,0.2,2.7,20.1
F,73,Thurl Bailey,82,31.5,14.2,5.7,11.9,48.1,0.0,0.1,0.0,2.7,3.5,77.9,1.4,3.6,5.0,1.7,0.4,1.2,1.7,13.8
F,74,Mark Aguirre,78,25.7,14.1,5.6,11.5,48.8,0.4,1.2,33.3,2.5,3.3,75.6,1.5,2.4,3.9,1.9,0.4,0.2,1.6,12.3
F,75,Jack Sikma,71,31.7,13.9,4.8,11.6,41.6,1.0,2.8,34.2,3.2,3.7,88.5,1.5,5.4,6.9,3.2,1.1,0.7,2.0,16.6
G-F,76,Mike Gminski,81,32.8,13.7,5.7,12.4,45.7,0.0,0.2,17.6,2.4,2.9,82.1,2.4,6.1,8.5,1.6,0.5,1.3,1.2,17.1
G-F,77,Glen Rice,77,30.0,13.6,6.1,13.9,43.9,0.2,0.9,24.6,1.2,1.6,73.4,1.3,3.3,4.6,1.8,0.9,0.4,1.5,11.5
G,78,Craig Ehlo,81,35.7,13.6,5.4,11.6,46.4,1.3,3.1,41.9,1.6,2.3,68.1,1.8,3.6,5.4,4.6,1.6,0.3,2.0,16.5
F,79,Buck Williams,82,34.2,13.6,5.0,9.2,54.8,0.0,0.0,0.0,3.5,5.0,70.6,3.0,6.7,9.8,1.4,0.8,0.5,2.0,18.4
C,80,Ledell Eackles,78,21.7,13.5,5.3,12.1,43.9,0.2,0.8,32.2,2.7,3.6,75.0,0.9,1.3,2.2,2.3,0.6,0.1,1.8,9.3
G,81,Benoit Benjamin,71,32.6,13.5,5.1,9.7,52.6,0.0,0.0,0.0,3.3,4.5,73.2,2.2,7.1,9.3,2.2,0.8,2.6,2.6,20.0
F-C,82,Horace Grant,80,34.4,13.4,5.6,10.7,52.3,0.0,0.0,0.0,2.2,3.2,69.9,3.0,4.9,7.9,2.8,1.2,1.1,1.4,18.9
G,83,Purvis Short,82,27.0,13.1,5.3,11.6,45.5,0.1,0.4,28.6,2.4,2.9,83.5,1.2,1.8,3.0,1.8,0.8,0.2,1.5,10.7
F,84,A.C. Green,82,33.0,12.9,4.7,9.8,47.8,0.2,0.6,28.3,3.4,4.5,75.1,3.2,5.5,8.7,1.1,0.8,0.6,1.4,16.5
C,85,Johnny Newman,80,28.5,12.9,4.7,9.8,47.6,0.6,1.8,31.7,3.0,3.7,79.9,0.8,1.6,2.4,2.3,1.2,0.3,1.8,11.3
C,86,Sam Mitchell,80,30.2,12.7,4.7,10.4,44.6,0.0,0.1,0.0,3.4,4.4,76.8,2.3,3.5,5.8,1.1,0.8,0.7,1.2,13.1
G-F,87,Kevin Willis,81,28.1,12.4,5.2,9.9,51.9,0.0,0.1,28.6,2.1,3.0,68.3,3.1,4.8,8.0,0.7,0.8,0.6,1.8,14.9
F,88,Blair Rasmussen,81,24.6,12.4,5.5,11.0,49.7,0.0,0.0,0.0,1.4,1.7,82.8,2.1,5.2,7.3,1.0,0.5,1.3,0.9,15.7
G,89,Antoine Carr,77,22.4,12.3,4.6,9.4,49.4,0.0,0.1,0.0,3.1,3.9,79.5,1.5,2.7,4.2,1.5,0.4,0.9,1.6,12.2
C,90,Sleepy Floyd,82,32.1,12.2,4.4,9.8,45.1,1.1,2.9,38.0,2.3,2.8,80.6,0.6,1.9,2.4,7.3,1.1,0.1,2.5,14.8
G,91,Bill Laimbeer,81,33.0,12.1,4.7,9.7,48.4,0.7,2.0,36.1,2.0,2.4,85.4,2.0,7.6,9.6,2.1,0.7,1.0,1.2,19.0
F-G,92,Sarunas Marciulionis,75,22.6,12.1,3.9,7.4,51.9,0.1,0.5,25.6,4.2,5.4,78.7,1.1,1.8,2.9,1.6,1.3,0.1,1.8,11.4
G,93,Kevin Edwards,78,28.3,12.0,5.1,12.3,41.2,0.1,0.4,30.0,1.8,2.3,76.0,1.0,2.6,3.6,3.2,1.6,0.4,2.3,10.8
F-C,94,Kenny Smith,79,30.6,11.9,4.8,10.3,46.6,0.3,1.1,31.3,2.0,2.5,82.1,0.2,1.8,2.0,5.6,1.0,0.1,2.1,12.6
F,95,Ron Anderson,78,26.8,11.9,4.9,10.8,45.1,0.0,0.3,14.3,2.1,2.5,83.8,1.0,2.7,3.8,1.8,0.9,0.2,1.0,11.2
G,96,Nick Anderson,81,22.0,11.5,4.6,9.3,49.4,0.0,0.2,5.9,2.3,3.3,70.5,1.3,2.6,3.9,1.5,0.9,0.4,1.7,10.8
G-F,97,Pooh Richardson,82,31.5,11.4,5.2,11.3,46.1,0.3,1.0,27.7,0.8,1.3,58.9,0.7,2.0,2.6,6.8,1.6,0.3,1.7,14.4
C,98,Bill Cartwright,71,30.4,11.4,4.1,8.4,48.8,0.0,0.0,0.0,3.2,3.9,81.1,1.9,4.6,6.5,2.0,0.5,0.5,1.7,14.2
G-F,99,Rod Higgins,82,24.3,11.1,3.7,7.7,48.1,0.8,2.4,34.7,2.9,3.5,82.1,1.5,3.7,5.1,1.6,0.6,0.6,1.1,13.3
C-F,100,Dan Majerle,73,30.7,11.1,4.1,9.6,42.4,0.3,1.1,23.8,2.7,3.6,76.2,2.0,3.9,5.9,2.6,1.4,0.4,1.1,13.9
G,101,J.R. Reid,82,33.6,11.1,4.4,9.9,44.0,0.0,0.1,0.0,2.3,3.5,66.4,2.4,6.0,8.4,1.2,1.1,0.7,2.1,13.7
C,102,Billy Thompson,79,27.1,11.0,4.7,9.2,51.6,0.0,0.1,50.0,1.5,2.3,62.2,3.0,4.0,7.0,2.1,0.7,1.1,2.0,14.5
F,103,Rick Mahorn,75,30.3,10.8,4.2,8.4,49.7,0.0,0.1,22.2,2.4,3.4,71.5,2.2,5.3,7.6,1.3,0.6,1.4,1.4,15.1
F,104,Rod Strickland,82,26.1,10.6,4.2,9.2,45.4,0.1,0.4,26.7,2.1,3.4,62.6,1.1,2.1,3.2,5.7,1.5,0.2,2.1,12.8
F-G,105,Mark West,82,29.3,10.5,4.0,6.5,62.5,0.0,0.0,0.0,2.4,3.5,69.1,2.6,6.3,8.9,0.5,0.4,2.2,1.5,17.6
G,106,Mark Alarie,82,23.1,10.5,4.5,9.6,47.3,0.1,0.6,20.4,1.3,1.6,81.2,1.8,2.7,4.6,1.7,0.7,0.5,1.2,11.4
G,107,Fred Roberts,82,27.3,10.5,4.0,8.1,49.5,0.0,0.1,18.2,2.4,3.0,78.3,1.3,2.5,3.8,1.8,0.7,0.3,1.6,10.7
C-F,108,Sidney Green,73,25.5,10.4,4.3,9.1,46.8,0.0,0.0,33.3,1.9,2.9,65.1,2.3,5.8,8.1,1.4,0.7,0.4,1.6,13.4
G,109,Mychal Thompson,70,26.9,10.1,4.0,8.0,50.0,0.0,0.0,0.0,2.1,2.9,70.6,2.5,4.3,6.8,0.6,0.5,1.0,1.1,13.0
G,110,Joe Barry Carroll,76,22.6,10.0,4.1,10.0,41.1,0.0,0.0,0.0,1.8,2.3,77.4,1.8,4.1,5.8,1.3,0.6,1.5,1.9,11.0
G-F,111,Sean Elliott,81,25.1,10.0,3.8,8.0,48.1,0.0,0.1,11.1,2.3,2.7,86.6,1.6,2.1,3.7,1.9,0.6,0.2,1.4,10.4
F,112,John Paxson,82,28.8,10.0,4.5,8.6,51.6,0.4,1.1,35.9,0.7,0.8,82.4,0.3,1.1,1.5,4.1,1.0,0.1,1.0,11.2
F-C,113,Mark Jackson,82,29.6,9.9,4.0,9.1,43.7,0.4,1.6,26.7,1.5,2.0,72.7,1.3,2.6,3.9,7.4,1.3,0.0,2.6,14.2
F,114,Vinnie Johnson,82,24.0,9.8,4.1,9.5,43.1,0.1,0.4,14.7,1.6,2.4,66.8,1.3,1.8,3.1,3.1,0.9,0.2,1.5,9.4
G,115,Maurice Cheeks,81,31.1,9.7,3.8,7.5,50.4,0.0,0.2,25.0,2.1,2.5,84.7,0.6,2.3,3.0,5.6,1.5,0.1,1.5,14.3
G-F,116,Michael Cage,82,31.6,9.7,4.0,7.9,50.4,0.0,0.0,0.0,1.8,2.6,69.8,3.7,6.3,10.0,0.9,1.0,0.5,1.1,16.3
G,117,Vinny Del Negro,76,24.4,9.7,3.9,8.5,46.2,0.1,0.4,31.3,1.8,2.0,87.1,0.5,2.1,2.6,3.3,0.8,0.1,1.5,10.3
F-C,118,Dana Barros,81,20.1,9.7,3.7,9.1,40.5,1.2,2.9,39.9,1.1,1.4,80.9,0.4,1.2,1.6,2.5,0.7,0.0,1.5,7.3
F,119,Tellis Frank,77,22.9,9.5,3.6,7.9,45.8,0.0,0.0,0.0,2.3,3.0,76.5,2.0,3.0,5.0,1.1,0.7,0.4,1.7,9.9
F,120,Darrell Walker,81,35.6,9.5,3.9,8.6,45.4,0.0,0.3,9.5,1.7,2.5,68.7,2.1,6.7,8.8,8.0,1.7,0.4,2.1,20.9
F,121,Muggsy Bogues,81,33.9,9.4,4.0,8.2,49.1,0.1,0.3,19.2,1.3,1.7,79.1,0.6,2.0,2.6,10.7,2.0,0.0,1.8,18.4
G,122,Spud Webb,82,26.6,9.2,3.6,7.5,47.7,0.0,0.2,5.3,2.0,2.3,87.1,0.5,2.0,2.5,5.8,1.3,0.1,1.7,12.9
F-C,123,Brad Lohaus,80,24.3,9.2,3.8,8.3,46.0,0.6,1.7,34.3,0.9,1.3,72.8,1.2,3.8,5.0,2.1,0.7,1.1,1.4,11.9
G,124,James Donaldson,73,31.0,9.1,3.5,6.6,53.9,0.0,0.0,0.0,2.0,2.9,70.0,2.1,6.5,8.6,0.8,0.3,0.6,1.6,13.9
F-G,125,Clifford Robinson,82,19.1,9.1,3.6,9.2,39.7,0.1,0.5,27.3,1.7,3.1,55.0,1.3,2.4,3.8,0.9,0.6,0.6,1.6,6.5
F,126,Vernon Maxwell,79,25.2,9.0,3.5,7.9,43.9,0.4,1.3,26.7,1.7,2.7,64.5,0.6,2.3,2.9,3.7,1.1,0.1,1.8,9.6
F-G,127,Darrell Griffith,82,17.6,8.9,3.7,7.9,46.4,1.0,2.6,37.2,0.6,1.0,65.4,0.5,1.5,2.0,0.8,0.8,0.2,0.9,7.3
F-C,128,Randy Breuer,81,23.2,8.9,3.7,8.6,42.8,0.0,0.0,0.0,1.6,2.4,65.3,1.9,3.2,5.1,1.2,0.5,1.3,1.2,10.2
G,129,Derek Smith,75,18.7,8.9,3.5,6.9,50.8,0.2,0.5,44.4,1.7,2.5,69.9,0.8,1.5,2.3,1.5,0.5,0.3,1.1,8.1
G,130,Stacey King,82,21.7,8.9,3.3,6.5,50.4,0.0,0.0,0.0,2.4,3.3,72.7,2.1,2.6,4.7,1.1,0.5,0.7,1.5,10.2
G,131,Blue Edwards,82,23.0,8.9,3.5,6.9,50.7,0.1,0.4,30.0,1.8,2.5,71.9,0.8,2.2,3.1,1.8,0.9,0.4,1.9,9.1
F,132,Harold Pressley,72,22.3,8.8,3.3,7.9,42.4,0.6,2.1,31.1,1.5,2.0,78.0,1.3,3.0,4.3,2.1,0.8,0.5,1.2,10.3
C,133,Tom Tolbert,70,19.2,8.8,3.1,6.3,49.3,0.1,0.3,27.8,2.5,3.4,72.6,1.7,3.4,5.2,0.8,0.3,0.4,1.1,10.2
G,134,Dennis Rodman,82,29.0,8.8,3.5,6.0,58.1,0.0,0.1,11.1,1.7,2.6,65.4,4.1,5.6,9.7,0.9,0.6,0.7,1.1,16.1
F,135,Randolph Keys,80,20.2,8.8,3.7,8.5,43.2,0.2,0.5,32.6,1.3,1.8,72.1,1.3,1.9,3.2,1.1,0.9,0.1,1.1,7.6
G,136,Michael Ansley,72,17.0,8.7,3.2,6.5,49.7,0.0,0.0,0.0,2.3,3.2,72.2,2.6,2.4,5.0,0.6,0.3,0.2,0.7,10.0
F-G,137,Herb Williams,81,27.1,8.6,3.6,8.2,44.4,0.0,0.1,22.2,1.3,2.0,67.9,0.9,3.9,4.8,1.5,0.6,1.3,1.3,10.4
C,138,Vlade Divac,82,19.6,8.5,3.3,6.7,49.9,0.0,0.1,0.0,1.9,2.6,70.8,2.0,4.2,6.2,0.9,1.0,1.4,1.3,12.6
F,139,Grant Long,81,22.9,8.5,3.2,6.6,48.3,0.0,0.0,0.0,2.1,3.0,71.4,1.9,3.0,5.0,1.2,1.1,0.5,1.7,10.2
F,140,Tod Murphy,82,30.4,8.3,3.2,6.7,47.1,0.2,0.5,37.2,1.8,2.5,70.9,2.5,4.4,6.9,1.3,0.9,0.7,0.7,13.1
F-G,141,Trent Tucker,81,21.3,8.2,3.1,7.5,41.7,1.2,3.0,38.8,0.8,1.1,76.7,0.7,1.4,2.1,2.1,0.9,0.1,0.9,8.0
F,142,Harvey Grant,81,22.8,8.2,3.5,7.4,47.3,0.0,0.1,0.0,1.2,1.7,70.1,1.7,2.5,4.2,1.6,0.6,0.5,1.0,9.7
F,143,Charles Shackleford,70,22.2,8.2,3.5,7.6,46.2,0.0,0.0,0.0,1.1,1.6,68.7,2.6,4.3,6.8,0.8,0.6,0.5,1.7,10.6
F,144,Todd Lichti,79,16.8,8.0,3.2,6.5,48.6,0.0,0.2,0.0,1.6,2.2,74.7,0.6,1.3,1.9,1.5,0.7,0.2,1.2,7.1
G,145,Lester Conner,82,28.7,7.9,2.9,7.0,41.4,0.0,0.2,15.4,2.1,2.6,80.4,1.1,2.1,3.2,4.7,2.1,0.1,1.7,11.7
G,146,Jeff Grayer,71,20.1,7.7,3.2,6.9,46.0,0.0,0.1,12.5,1.4,2.1,65.1,1.3,1.7,3.1,1.5,0.7,0.1,1.2,7.5
F,147,Scott Skiles,70,20.9,7.7,2.7,6.6,40.9,0.7,1.9,39.4,1.5,1.7,87.4,0.3,1.9,2.3,4.8,0.5,0.1,1.3,9.9
G,148,Bob Hansen,81,26.8,7.6,3.3,7.0,46.7,0.7,1.9,35.1,0.4,0.8,51.6,0.8,2.0,2.8,1.8,0.6,0.1,1.0,8.0
G,149,Drazen Petrovic,77,12.6,7.6,2.7,5.5,48.5,0.4,1.0,45.9,1.8,2.1,84.4,0.6,0.8,1.4,1.5,0.3,0.0,1.2,6.4
C,150,Chucky Brown,75,17.9,7.3,2.8,6.0,47.0,0.0,0.1,0.0,1.7,2.2,76.2,1.1,2.0,3.1,0.7,0.4,0.3,0.9,7.2
F,151,Winston Garland,79,22.3,7.3,2.9,7.3,40.1,0.2,0.5,33.3,1.3,1.5,83.6,0.6,2.1,2.7,3.8,1.0,0.1,2.0,8.3
F,152,John Salley,82,23.3,7.2,2.5,5.0,51.2,0.0,0.0,25.0,2.1,3.0,71.3,1.9,3.5,5.4,0.8,0.6,1.9,1.2,11.4
F,153,Dennis Johnson,75,27.1,7.1,2.7,6.3,43.4,0.0,0.3,4.2,1.6,1.9,84.3,0.6,2.0,2.7,6.5,1.1,0.2,1.6,12.1
F-C,154,Tom Garrick,73,23.6,7.0,2.8,5.8,49.4,0.1,0.3,19.0,1.2,1.6,77.2,0.5,1.8,2.2,4.0,1.2,0.1,1.6,9.6
G,155,Cliff Levingston,75,22.7,6.9,2.9,5.7,50.9,0.0,0.1,20.0,1.1,1.6,68.0,1.5,2.7,4.3,1.1,0.7,0.5,0.7,9.5
G,156,Scott Roth,71,14.9,6.8,2.2,5.9,37.9,0.3,0.7,34.6,2.1,2.8,74.6,0.5,1.1,1.6,1.6,0.7,0.1,1.2,5.3
F,157,David Wingate,78,23.8,6.8,2.8,6.3,44.8,0.0,0.2,0.0,1.1,1.4,77.7,0.8,1.7,2.5,2.7,1.1,0.2,1.6,7.9
G,158,LaSalle Thompson,82,25.9,6.8,2.7,5.7,47.3,0.0,0.1,20.0,1.3,1.6,79.9,2.1,5.5,7.7,1.3,0.8,0.9,1.8,12.2
G-F,159,Steve Kerr,78,21.3,6.7,2.5,5.5,44.4,0.9,1.8,50.7,0.8,0.9,86.3,0.2,1.1,1.3,3.2,0.6,0.1,0.9,7.6
C,160,Frank Brickowski,78,18.4,6.6,2.7,5.0,54.5,0.0,0.0,0.0,1.2,1.8,67.4,1.1,3.1,4.2,1.3,0.8,0.5,1.2,9.4
C-F,161,Shawn Kemp,81,13.8,6.5,2.5,5.2,47.9,0.0,0.1,16.7,1.4,2.0,73.6,1.8,2.5,4.3,0.3,0.6,0.9,1.3,8.0
G,162,Brad Davis,73,17.7,6.4,2.5,5.0,49.0,0.5,1.4,33.7,1.1,1.4,77.0,0.2,1.1,1.3,3.3,0.6,0.1,1.2,7.8
F-G,163,Michael Cooper,80,23.1,6.4,2.4,6.2,38.7,0.6,2.0,31.8,1.0,1.2,88.3,0.7,2.1,2.8,2.7,0.8,0.5,1.1,8.2
C,164,Jim Paxson,72,17.8,6.4,2.7,5.9,45.3,0.1,0.3,25.0,1.0,1.3,81.1,0.3,0.7,1.1,1.9,0.5,0.1,0.8,5.7
G-F,165,Nate McMillan,82,28.5,6.4,2.5,5.3,47.3,0.1,0.4,35.5,1.2,1.9,64.1,1.5,3.4,4.9,7.3,1.7,0.5,2.3,15.0
F,166,Mike Brown,82,17.0,6.2,2.2,4.2,51.5,0.0,0.0,50.0,1.9,2.4,78.9,1.4,3.2,4.5,0.6,0.4,0.3,1.1,8.5
G,167,Kurt Rambis,74,25.7,6.2,2.6,5.0,50.9,0.0,0.0,0.0,1.1,1.7,64.6,2.1,5.0,7.1,1.8,1.4,0.5,1.4,12.5
F-G,168,Mike Sanders,82,18.7,6.2,2.7,5.8,47.0,0.1,0.2,35.7,0.7,0.9,73.3,1.0,1.9,2.8,1.1,0.5,0.3,1.0,6.6
C,169,Bill Hanzlik,81,19.8,6.2,2.2,4.9,45.2,0.1,0.4,19.4,1.7,2.3,74.3,0.8,1.7,2.6,2.3,1.0,0.4,1.1,8.0
G,170,Rory Sparrow,82,21.4,5.9,2.6,6.2,41.2,0.1,0.5,20.0,0.7,0.9,76.6,0.5,1.2,1.7,3.6,0.6,0.0,1.2,6.8
G,171,Robert Reid,72,16.7,5.8,2.4,6.2,39.1,0.1,0.4,31.3,0.8,1.2,62.8,0.5,1.6,2.1,1.3,0.5,0.2,0.6,5.0
G,172,B.J. Armstrong,81,15.9,5.6,2.3,4.8,48.5,0.0,0.1,50.0,0.9,1.0,88.5,0.2,1.0,1.3,2.5,0.6,0.1,1.0,6.3
G,173,Tim Kempton,71,14.9,5.4,2.2,4.4,49.0,0.0,0.0,0.0,1.1,1.6,67.5,0.7,2.4,3.1,1.7,0.4,0.1,1.1,6.8
F,174,Joe Kleine,81,16.9,5.4,2.2,4.5,48.0,0.0,0.0,0.0,1.0,1.2,83.0,1.4,2.9,4.4,0.6,0.2,0.3,0.8,7.5
F,175,Larry Drew,80,16.7,5.2,2.1,4.8,44.4,0.4,1.0,39.5,0.6,0.8,76.7,0.2,1.1,1.2,2.7,0.6,0.1,1.2,5.8
G,176,Kevin Gamble,71,13.9,5.1,1.9,4.2,45.5,0.0,0.3,16.7,1.2,1.5,79.4,0.6,1.0,1.6,1.7,0.4,0.1,0.6,5.6
F,177,Alexander Volkov,72,13.0,5.0,1.9,3.9,48.2,0.2,0.5,38.2,1.0,1.7,58.3,0.7,0.9,1.7,1.2,0.5,0.3,0.7,5.1
F,178,Steve Colter,73,13.4,4.9,1.9,4.1,47.8,0.0,0.1,0.0,1.1,1.3,81.1,0.8,1.7,2.4,2.0,0.6,0.1,0.5,7.3
F,179,Mark Eaton,82,27.8,4.8,1.9,3.7,52.7,0.0,0.0,0.0,1.0,1.4,66.9,2.1,5.2,7.3,0.5,0.4,2.5,0.9,12.4
F,180,Joe Wolf,77,17.2,4.8,2.0,5.1,39.5,0.1,0.3,20.0,0.7,0.9,77.5,0.8,2.2,3.0,0.8,0.4,0.3,1.0,5.0
F,181,Ed Pinckney,77,14.1,4.7,1.8,3.2,54.2,0.0,0.0,0.0,1.2,1.5,77.3,1.2,1.7,2.9,0.9,0.4,0.5,0.7,6.9
G,182,Eddielee Wilkins,79,12.3,4.7,1.8,3.9,45.5,0.0,0.0,0.0,1.1,1.9,60.5,1.4,1.9,3.4,0.2,0.2,0.2,0.9,4.9
F,183,Danny Young,82,17.0,4.7,1.7,4.0,42.1,0.2,0.7,27.1,1.1,1.4,81.3,0.4,1.1,1.5,2.8,1.0,0.0,1.0,6.5
G,184,Olden Polynice,79,13.7,4.6,2.0,3.7,54.0,0.0,0.0,50.0,0.6,1.3,47.5,1.6,2.2,3.8,0.2,0.3,0.3,0.4,6.3
G,185,Mark Acres,80,21.1,4.5,1.7,3.6,48.4,0.0,0.1,75.0,1.0,1.5,69.2,1.9,3.5,5.4,0.8,0.5,0.3,0.9,8.3
G,186,Scott Brooks,72,13.5,4.4,1.7,3.8,43.1,0.4,1.1,39.2,0.7,0.8,87.7,0.2,0.7,0.9,2.9,0.7,0.0,0.5,6.0
G,187,Eric Leckner,77,9.9,4.3,1.6,2.9,56.3,0.0,0.0,0.0,1.1,1.4,74.3,0.6,1.9,2.5,0.2,0.2,0.3,0.8,5.1
F,188,Will Perdue,77,11.5,3.8,1.4,3.5,41.4,0.0,0.1,0.0,0.9,1.4,69.2,1.1,1.6,2.8,0.6,0.2,0.3,0.8,4.5
G,189,Wayne Cooper,79,14.9,3.8,1.7,3.8,45.4,0.0,0.0,0.0,0.3,0.5,64.1,1.5,2.8,4.3,0.6,0.2,1.2,0.5,7.3
G-F,190,Delaney Rudd,77,11.0,3.5,1.4,3.4,42.9,0.2,0.7,28.6,0.5,0.7,66.0,0.2,0.6,0.7,2.3,0.3,0.0,1.1,3.6
C-F,191,Andrew Lang,74,13.7,3.5,1.3,2.4,55.7,0.0,0.0,0.0,0.9,1.3,65.3,1.1,2.5,3.7,0.3,0.3,1.8,0.6,7.5
C-F,192,Greg Kite,71,21.3,3.2,1.4,3.3,43.2,0.0,0.0,100.0,0.4,0.8,50.0,1.8,3.5,5.3,1.1,0.4,0.7,1.1,7.5
F,193,Charles Jones,81,27.7,3.2,1.2,2.3,50.8,0.0,0.0,0.0,0.8,1.3,64.8,1.8,4.4,6.2,1.7,0.6,2.4,0.9,11.6
G-F,194,Larry Smith,74,17.6,3.0,1.4,2.9,47.4,0.0,0.0,0.0,0.3,0.7,36.4,2.4,3.7,6.1,0.9,0.8,0.4,0.9,8.2
G,195,Caldwell Jones,72,12.3,2.4,0.9,2.0,46.5,0.0,0.1,20.0,0.5,0.8,70.4,1.1,2.1,3.2,0.3,0.3,0.4,0.7,4.6
G,196,Sidney Lowe,80,21.8,2.3,0.9,2.9,31.9,0.0,0.1,22.2,0.5,0.7,72.2,0.5,1.5,2.0,4.2,0.9,0.1,0.8,6.6
F,197,Manute Bol,75,17.5,1.9,0.7,2.3,33.1,0.1,0.6,18.8,0.3,0.7,51.0,0.4,3.2,3.7,0.5,0.2,3.2,0.7,6.9
