pos,#,player,gp,min,pts,fgm,fga,fg%,3pm,3pa,3p%,ftm,fta,ft%,oreb,dreb,reb,ast,stl,blk,tov,eff
G,1,Michael Jordan,82,37.0,31.5,12.1,22.4,53.9,0.4,1.1,31.2,7.0,8.2,85.1,1.4,4.6,6.0,5.5,2.7,1.0,2.5,32.7
F-C,2,Karl Malone,82,40.3,29.0,10.3,19.6,52.7,0.0,0.2,28.6,8.3,10.8,77.0,2.9,8.9,11.8,3.3,1.1,1.0,3.0,31.4
F-G,3,Bernard King,64,37.5,28.4,11.1,23.6,47.2,0.1,0.6,21.6,6.0,7.6,79.0,1.8,3.2,5.0,4.6,0.9,0.3,4.0,21.0
F,4,Charles Barkley,67,37.3,27.6,9.9,17.4,57.0,0.7,2.3,28.4,7.1,9.8,72.2,3.9,6.3,10.1,4.2,1.6,0.5,3.1,30.8
G,5,Patrick Ewing,81,38.3,26.6,10.4,20.3,51.4,0.0,0.1,0.0,5.7,7.7,74.5,2.4,8.8,11.2,3.0,1.0,3.2,3.6,29.5
F,6,Michael Adams,66,35.5,26.5,8.5,21.5,39.4,2.5,8.5,29.6,7.0,8.0,87.9,0.9,3.0,3.9,10.5,2.2,0.1,3.6,25.6
G,7,Dominique Wilkins,81,38.0,25.9,9.5,20.2,47.0,1.0,3.1,34.1,5.9,7.1,82.9,3.2,5.8,9.0,3.3,1.5,0.8,2.5,26.1
G,8,Chris Mullin,82,40.4,25.7,9.5,17.7,53.6,0.5,1.6,30.1,6.3,7.1,88.4,1.7,3.7,5.4,4.0,2.1,0.8,3.0,26.0
F,9,David Robinson,82,37.7,25.6,9.2,16.7,55.2,0.0,0.1,14.3,7.2,9.5,76.2,4.1,8.9,13.0,2.5,1.5,3.9,3.3,33.6
G,10,Mitch Richmond,77,39.3,23.9,9.1,18.5,49.4,0.5,1.5,34.8,5.1,6.0,84.7,1.9,4.0,5.9,3.1,1.6,0.4,3.0,21.7
G,11,Tim Hardaway,82,39.2,22.9,9.0,18.9,47.6,1.2,3.1,38.5,3.7,4.6,80.3,1.1,3.0,4.0,9.7,2.6,0.1,3.3,25.3
C,12,Reggie Miller,82,36.2,22.6,7.3,14.2,51.2,1.4,3.9,34.8,6.7,7.3,91.8,1.0,2.4,3.4,4.0,1.3,0.2,2.0,22.1
G,13,Kevin Johnson,77,36.0,22.2,7.7,14.9,51.6,0.1,0.6,20.5,6.7,8.0,84.3,0.7,2.8,3.5,10.1,2.1,0.1,3.5,26.2
G,14,Hersey Hawkins,80,38.9,22.1,7.4,15.6,47.2,1.4,3.4,40.0,6.0,6.9,87.1,0.6,3.3,3.9,3.7,2.2,0.5,2.7,20.6
G,15,Tony Campbell,77,37.6,21.8,8.5,19.5,43.4,0.2,0.8,26.2,4.6,5.8,80.3,2.1,2.4,4.5,2.8,1.6,0.6,2.5,16.6
G,16,Brad Daugherty,76,38.8,21.6,8.0,15.2,52.4,0.0,0.0,0.0,5.7,7.6,75.1,2.3,8.6,10.9,3.3,1.0,0.6,2.8,25.6
F,17,Clyde Drexler,82,34.8,21.5,7.9,16.3,48.2,0.7,2.3,31.9,5.1,6.4,79.4,2.6,4.1,6.7,6.0,1.8,0.7,2.8,24.1
F,18,James Worthy,78,38.6,21.4,9.2,18.7,49.2,0.3,1.2,28.9,2.7,3.4,79.7,1.4,3.2,4.6,3.5,1.3,0.4,1.6,19.5
G,19,Ricky Pierce,78,27.8,20.5,7.2,14.8,48.5,0.6,1.5,39.7,5.5,6.0,91.3,0.9,1.6,2.4,2.2,0.8,0.2,1.9,16.0
C,20,Joe Dumars,80,38.1,20.4,7.8,16.2,48.1,0.2,0.6,31.1,4.6,5.2,89.0,0.8,1.6,2.3,5.5,1.1,0.1,2.4,18.1
G,21,Antoine Carr,77,32.8,20.1,8.2,15.9,51.1,0.0,0.0,0.0,3.8,5.1,75.8,2.1,3.3,5.5,2.5,0.6,1.3,2.2,18.7
F,22,Charles Smith,74,36.5,20.0,7.4,15.8,46.9,0.0,0.1,0.0,5.2,6.5,79.3,2.9,5.3,8.2,1.8,1.1,2.0,2.2,21.1
G,23,Tom Chambers,76,32.6,19.9,7.3,16.7,43.7,0.3,1.0,27.4,5.0,6.0,82.6,1.4,5.1,6.4,2.6,0.9,0.7,2.3,17.6
F,24,Rolando Blackman,80,37.1,19.9,7.9,16.5,48.2,0.5,1.4,35.1,3.5,4.1,86.5,0.8,2.4,3.2,3.8,0.9,0.2,2.0,16.9
G,25,Derek Harper,77,37.4,19.7,7.4,15.9,46.7,1.2,3.2,36.2,3.7,5.1,73.1,0.8,2.3,3.0,7.1,1.9,0.2,2.3,19.8
G,26,Magic Johnson,79,37.1,19.4,5.9,12.4,47.7,1.0,3.2,32.0,6.6,7.3,90.6,1.3,5.6,7.0,12.5,1.3,0.2,4.0,29.3
F,27,Larry Nance,80,36.6,19.2,7.9,15.1,52.4,0.0,0.1,25.0,3.3,4.1,80.3,2.5,6.1,8.6,3.0,0.8,2.5,1.6,24.4
G,28,Reggie Lewis,79,36.4,18.7,7.6,15.4,49.1,0.0,0.2,7.7,3.6,4.3,82.6,1.5,3.7,5.2,2.5,1.2,1.1,1.9,18.3
F,29,Reggie Theus,81,36.5,18.6,7.2,15.4,46.8,0.6,1.8,36.1,3.6,4.2,85.1,0.9,2.0,2.8,4.7,1.0,0.4,3.1,15.7
C,30,Sherman Douglas,73,35.1,18.5,7.3,14.5,50.4,0.1,0.4,12.9,3.9,5.7,68.6,1.1,1.8,2.9,8.5,1.7,0.1,3.7,19.0
G,31,Derrick Coleman,74,35.2,18.4,6.9,14.9,46.7,0.2,0.5,34.2,4.4,6.0,73.1,3.6,6.6,10.3,2.2,1.0,1.3,2.9,20.7
G,32,Chuck Person,80,32.1,18.4,7.8,15.4,50.4,0.9,2.5,34.0,2.1,2.9,72.1,1.5,3.7,5.2,3.0,0.7,0.2,2.3,16.8
G-F,33,Harvey Grant,77,36.9,18.2,7.9,15.9,49.8,0.0,0.2,13.3,2.4,3.2,74.3,2.3,4.9,7.2,2.6,1.2,0.8,1.6,19.7
F,34,Lionel Simmons,79,37.7,18.0,6.9,16.5,42.2,0.0,0.1,27.3,4.1,5.5,73.6,2.4,6.4,8.8,4.0,1.4,1.1,2.9,19.4
F,35,Tyrone Corbin,82,39.0,18.0,7.2,16.0,44.8,0.0,0.1,20.0,3.6,4.5,79.8,2.3,4.9,7.2,4.2,2.0,0.6,2.5,19.7
C-F,36,Scottie Pippen,82,36.8,17.8,7.3,14.1,52.0,0.3,0.8,30.9,2.9,4.1,70.6,2.0,5.3,7.3,6.2,2.4,1.1,2.8,24.0
G,37,Kenny Smith,78,34.6,17.7,6.7,12.9,52.0,0.6,1.7,36.3,3.7,4.4,84.4,0.5,1.6,2.1,7.1,1.4,0.1,3.0,18.5
F-G,38,Otis Thorpe,82,37.1,17.5,6.7,12.0,55.6,0.0,0.1,42.9,4.1,5.9,69.6,3.5,6.8,10.3,2.4,0.9,0.2,2.6,21.6
G,39,Glen Rice,77,34.4,17.4,7.1,15.5,46.1,0.9,2.4,38.6,2.2,2.7,81.8,1.1,3.8,4.9,2.5,1.3,0.3,2.2,15.5
C,40,Ken Norman,70,33.0,17.4,7.4,14.8,50.1,0.1,0.5,18.8,2.5,3.9,62.9,2.5,4.6,7.1,2.3,0.9,0.9,2.0,17.8
G-F,41,John Stockton,82,37.8,17.2,6.0,11.9,50.7,0.7,2.0,34.5,4.4,5.3,83.6,0.6,2.3,2.9,14.2,2.9,0.2,3.6,27.0
G,42,Scott Skiles,79,34.4,17.2,5.8,13.2,44.5,1.2,2.9,40.8,4.3,4.8,90.2,0.7,2.7,3.4,8.4,1.1,0.1,3.2,19.2
C,43,Pooh Richardson,82,38.5,17.1,7.7,16.5,47.0,0.5,1.6,32.8,1.1,2.0,53.9,1.0,2.5,3.5,9.0,1.6,0.2,2.1,19.5
F-C,44,Terry Porter,81,32.9,17.0,6.0,11.7,51.5,1.6,3.9,41.5,3.4,4.2,82.3,0.6,2.8,3.5,8.0,2.0,0.1,2.3,21.9
F,45,Vernon Maxwell,82,35.0,17.0,6.1,15.2,40.4,2.1,6.2,33.7,2.6,3.6,73.3,0.5,2.4,2.9,3.7,1.5,0.2,2.1,13.3
F,46,Xavier McDaniel,81,32.5,17.0,7.3,14.6,49.7,0.0,0.1,0.0,2.4,3.3,72.3,2.1,4.7,6.9,2.3,0.9,0.6,2.3,17.1
G,47,Johnny Newman,81,30.6,16.9,5.9,12.6,47.0,0.4,1.0,35.7,4.8,5.9,80.9,1.2,2.0,3.1,2.3,1.2,0.2,2.3,13.7
F-G,48,Jeff Hornacek,80,34.2,16.9,6.8,13.1,51.8,0.8,1.8,41.8,2.5,2.8,89.7,0.9,3.1,4.0,5.1,1.4,0.2,1.6,19.3
G-F,49,Eddie Johnson,81,25.7,16.7,6.7,13.9,48.4,0.5,1.5,32.5,2.8,3.2,89.1,1.3,2.0,3.3,1.4,0.7,0.1,1.5,13.3
F-G,50,Armen Gilliam,75,35.3,16.6,6.5,13.3,48.7,0.0,0.0,0.0,3.6,4.4,81.5,2.9,5.0,8.0,1.4,0.9,0.7,2.3,17.6
G,51,Kiki Vandeweghe,75,32.3,16.3,6.1,12.4,49.4,0.7,1.9,36.2,3.5,3.8,89.9,1.0,1.4,2.4,1.5,0.6,0.1,1.4,12.8
G,52,Detlef Schrempf,82,32.1,16.1,5.3,10.1,52.0,0.2,0.5,37.5,5.4,6.6,81.8,2.2,5.9,8.0,3.7,0.7,0.3,2.1,20.6
F,53,Danny Manning,73,30.1,15.9,6.4,12.4,51.9,0.0,0.0,0.0,3.0,4.2,71.6,2.3,3.5,5.8,2.7,1.6,0.8,2.6,17.1
C,54,Sean Elliott,82,37.1,15.9,5.8,11.9,49.0,0.2,0.8,31.3,4.0,4.9,80.8,1.7,3.8,5.6,2.9,0.8,0.4,1.8,16.8
F,55,Kevin Duckworth,81,31.0,15.8,6.4,13.4,48.1,0.0,0.0,0.0,3.0,3.8,77.2,2.2,4.4,6.6,1.1,0.4,0.4,2.3,14.2
G,56,Rex Chapman,70,30.0,15.7,5.9,13.2,44.5,0.7,2.1,32.4,3.3,4.0,83.0,0.6,2.1,2.7,3.6,1.0,0.2,1.9,13.4
G-F,57,Dennis Scott,82,28.5,15.7,6.1,14.4,42.5,1.5,4.1,37.4,1.9,2.5,75.0,0.8,2.1,2.9,1.6,0.8,0.3,1.5,10.8
F,58,Kevin Gamble,82,33.0,15.6,6.7,11.4,58.7,0.0,0.1,0.0,2.3,2.8,81.5,1.0,2.2,3.3,3.1,1.2,0.4,1.8,16.6
F,59,Derrick McKey,73,34.3,15.3,6.0,11.6,51.7,0.1,0.3,21.1,3.2,3.8,84.5,2.4,3.4,5.8,2.3,1.2,0.8,2.2,17.0
C,60,Jay Humphries,80,34.1,15.2,6.0,12.0,50.2,0.8,2.0,37.3,2.4,3.0,79.9,0.7,2.0,2.8,6.7,1.6,0.1,1.9,17.9
F,61,Doc Rivers,79,32.7,15.2,5.6,12.9,43.5,1.1,3.3,33.6,2.8,3.3,84.4,0.6,2.6,3.2,4.3,1.9,0.6,1.6,15.7
G,62,Shawn Kemp,81,30.1,15.0,5.7,11.2,50.8,0.0,0.1,16.7,3.6,5.4,66.1,3.3,5.1,8.4,1.8,1.0,1.5,2.5,17.8
F,63,Robert Parish,81,30.1,14.9,6.0,10.0,59.8,0.0,0.0,0.0,2.9,3.8,76.7,3.3,7.2,10.6,0.8,0.8,1.3,1.9,21.6
F,64,Jerome Kersey,73,32.3,14.8,5.8,12.2,47.8,0.1,0.2,30.8,3.2,4.5,70.9,2.3,4.3,6.6,3.1,1.4,1.0,2.0,17.3
C,65,Ron Anderson,82,28.5,14.6,6.2,12.9,48.5,0.1,0.5,20.9,2.0,2.4,83.3,1.3,3.2,4.5,1.4,0.8,0.2,1.2,13.2
G,66,Sam Mitchell,82,38.1,14.6,5.4,12.3,44.1,0.0,0.1,0.0,3.7,4.8,77.5,2.3,4.0,6.3,1.6,0.8,0.7,1.3,14.8
F,67,Byron Scott,82,32.1,14.5,6.1,12.8,47.7,0.9,2.7,32.4,1.4,1.8,79.7,0.7,2.3,3.0,2.2,1.2,0.3,1.0,13.0
C,68,Willie Anderson,75,34.6,14.4,6.0,13.2,45.7,0.1,0.5,20.0,2.3,2.8,79.8,0.9,3.8,4.7,4.8,1.1,0.6,2.2,15.6
F,69,Mark Aguirre,78,25.7,14.2,5.4,11.7,46.2,0.3,1.0,30.8,3.1,4.1,75.7,1.7,3.1,4.8,1.8,0.6,0.3,1.6,12.7
C,70,Nick Anderson,70,28.2,14.1,5.7,12.2,46.7,0.2,0.8,29.3,2.5,3.7,66.8,1.3,4.2,5.5,1.5,1.1,0.6,1.6,13.5
G,71,Mookie Blaylock,72,35.9,14.1,6.0,14.4,41.6,0.2,1.3,15.4,1.9,2.4,79.0,0.9,2.5,3.5,6.1,2.3,0.6,2.9,14.8
G,72,Benoit Benjamin,70,31.9,14.0,5.5,11.1,49.6,0.0,0.0,0.0,3.0,4.2,71.2,2.2,8.1,10.3,1.7,0.8,2.1,3.4,18.7
F,73,Otis Smith,75,25.1,13.9,5.4,12.0,45.1,0.1,0.6,19.6,2.9,4.0,73.4,2.3,2.8,5.2,2.3,1.1,0.5,1.9,13.4
F,74,Brian Shaw,79,35.1,13.8,5.6,11.9,46.9,0.0,0.3,11.1,2.6,3.2,81.9,1.3,3.4,4.7,7.6,1.3,0.4,2.8,18.2
F,75,Dan Majerle,77,29.6,13.6,5.2,10.7,48.4,0.4,1.1,34.9,2.9,3.9,76.2,2.2,3.2,5.4,2.8,1.4,0.5,1.5,15.9
G-F,76,John Battle,79,23.6,13.6,5.0,10.9,46.1,0.2,0.6,28.6,3.4,4.0,85.4,0.4,1.6,2.0,2.7,0.6,0.1,1.4,11.2
G-F,77,James Edwards,72,26.4,13.6,5.3,11.0,48.4,0.0,0.0,50.0,3.0,4.1,72.9,1.3,2.6,3.8,0.9,0.2,0.4,1.8,10.4
G,78,Buck Johnson,73,31.2,13.6,5.7,12.0,47.7,0.0,0.2,13.3,2.2,3.0,72.7,1.5,3.0,4.5,1.9,1.1,0.6,1.7,13.1
F,78,Reggie Williams,73,26.0,13.6,5.3,11.7,44.9,0.8,2.2,36.3,2.3,2.7,84.3,1.8,2.4,4.2,1.8,1.5,0.6,1.5,13.3
C,80,Alvin Robertson,81,32.1,13.6,5.4,11.2,48.5,0.3,0.8,36.5,2.5,3.2,75.7,2.4,3.3,5.7,5.5,3.0,0.2,2.6,18.8
G,81,Sam Perkins,73,34.3,13.5,5.0,10.2,49.5,0.2,0.9,28.1,3.1,3.8,82.1,2.3,5.1,7.4,1.5,0.9,1.1,1.4,17.0
F-C,82,Spud Webb,75,29.3,13.4,4.8,10.7,44.7,0.7,2.2,32.1,3.1,3.5,86.8,0.5,1.8,2.3,5.6,1.6,0.1,1.9,14.6
G,83,Chris Morris,79,32.3,13.2,5.2,12.2,42.5,0.6,2.3,25.1,2.3,3.1,73.4,2.7,3.9,6.6,2.8,1.7,1.2,2.1,15.6
F,84,Kevin Willis,80,29.7,13.1,5.6,11.0,50.4,0.1,0.1,40.0,2.0,3.0,66.8,3.2,5.6,8.8,1.2,0.8,0.5,1.9,16.1
C,85,Walter Davis,71,20.9,13.0,5.7,12.1,46.8,0.2,0.5,30.6,1.5,1.6,91.5,1.0,1.5,2.5,1.8,1.1,0.0,1.2,10.6
C,86,Jerry Reynolds,80,23.0,12.9,4.3,9.9,43.4,0.1,0.4,29.4,4.2,5.2,80.2,1.1,2.6,3.7,2.5,1.2,0.7,2.2,12.3
G-F,87,Horace Grant,78,33.9,12.8,5.1,9.4,54.7,0.0,0.1,16.7,2.5,3.6,71.1,3.4,5.0,8.4,2.3,1.2,0.9,1.2,19.2
F,88,Sedale Threatt,80,25.8,12.7,5.4,10.4,51.9,0.1,0.4,28.6,1.7,2.2,79.2,0.3,0.9,1.2,3.4,1.4,0.1,1.7,11.6
G,89,Frank Brickowski,75,25.5,12.6,5.0,9.4,52.7,0.0,0.0,0.0,2.6,3.3,79.8,1.7,4.0,5.7,1.7,1.1,0.6,2.1,14.5
C,90,Blair Rasmussen,70,33.2,12.5,5.8,12.6,45.8,0.0,0.1,40.0,0.9,1.3,67.7,2.4,7.3,9.7,1.0,0.7,1.9,1.2,17.4
G,91,Thurl Bailey,82,30.3,12.4,4.9,10.6,45.8,0.0,0.0,0.0,2.7,3.3,80.8,1.2,3.7,5.0,1.5,0.6,1.1,1.6,12.6
F-G,92,Sleepy Floyd,82,22.6,12.3,4.7,11.5,41.1,0.6,2.1,27.3,2.3,3.0,75.2,0.6,1.3,1.9,3.9,1.2,0.2,1.7,10.2
G,93,Kevin Edwards,79,25.3,12.1,4.8,11.7,41.0,0.3,1.1,28.6,2.2,2.7,80.3,1.0,1.6,2.6,3.0,1.6,0.6,2.1,10.4
F-C,94,Willie Burton,76,25.4,12.0,4.5,10.2,44.1,0.1,0.4,13.3,3.0,3.9,78.2,1.5,2.0,3.4,1.4,0.9,0.3,1.9,9.7
F,95,Vinnie Johnson,82,29.1,11.7,5.0,11.4,43.4,0.1,0.4,32.4,1.6,2.5,64.6,1.3,2.1,3.4,3.3,0.9,0.2,1.4,10.7
G,96,Clifford Robinson,82,23.7,11.7,4.5,9.8,46.3,0.1,0.2,31.6,2.5,3.8,65.3,1.5,2.8,4.3,1.8,1.0,0.9,1.6,11.4
G-F,97,Buck Williams,80,32.3,11.7,4.5,7.4,60.2,0.0,0.0,0.0,2.7,3.9,70.5,2.8,6.6,9.4,1.2,0.6,0.6,1.7,17.6
C,98,Rodney McCray,74,34.6,11.4,4.5,9.2,49.5,0.2,0.5,33.3,2.1,2.7,80.3,2.1,5.5,7.6,3.5,0.9,0.7,1.7,17.2
G-F,99,J.R. Reid,80,30.8,11.3,4.5,9.7,46.6,0.0,0.0,0.0,2.3,3.2,70.3,1.9,4.4,6.3,1.1,1.1,0.6,1.9,12.3
C-F,100,Vlade Divac,82,28.2,11.2,4.4,7.8,56.5,0.1,0.2,35.7,2.4,3.4,70.3,2.5,5.6,8.1,1.1,1.3,1.5,1.8,17.1
G,101,Charles Oakley,76,36.0,11.2,4.0,7.8,51.6,0.0,0.0,0.0,3.1,4.0,78.4,4.0,8.1,12.1,2.7,0.8,0.2,2.8,19.6
C,102,Micheal Williams,73,23.4,11.1,3.6,7.2,49.9,0.0,0.1,14.3,4.0,4.5,87.9,0.7,1.7,2.4,4.8,2.1,0.2,2.1,14.4
F,103,Danny Ainge,80,21.4,11.1,4.2,8.9,47.2,1.3,3.1,40.6,1.4,1.7,82.6,0.6,2.0,2.6,3.6,0.8,0.2,1.3,11.9
F,104,Kendall Gill,82,23.7,11.0,4.6,10.2,45.0,0.0,0.2,14.3,1.9,2.2,83.5,1.3,1.9,3.2,3.7,1.3,0.5,2.0,11.7
F-G,105,Bill Laimbeer,82,32.5,11.0,4.5,9.5,47.8,0.5,1.5,29.6,1.5,1.8,83.7,2.1,6.9,9.0,1.9,0.5,0.7,1.2,16.6
G,106,Rik Smits,76,22.2,10.9,4.5,9.3,48.5,0.0,0.0,0.0,1.9,2.5,76.2,1.5,3.2,4.7,1.1,0.3,1.5,1.1,12.0
G,107,Fred Roberts,82,25.8,10.8,4.4,8.2,53.3,0.0,0.3,16.0,2.1,2.5,81.3,1.3,2.1,3.4,1.6,0.8,0.4,1.6,11.1
C-F,108,Dan Schayes,82,27.2,10.6,3.6,7.3,49.9,0.0,0.1,0.0,3.3,4.0,83.5,2.1,4.4,6.5,1.2,0.7,0.7,1.3,14.1
G,109,Moses Malone,82,23.3,10.6,3.4,7.3,46.8,0.0,0.1,0.0,3.8,4.5,83.1,3.3,4.8,8.1,0.8,0.4,0.9,1.7,14.5
G,110,Dell Curry,76,19.9,10.6,4.4,9.4,47.1,0.4,1.1,37.2,1.3,1.5,84.2,0.6,2.0,2.6,2.2,1.0,0.3,1.1,10.4
G-F,111,Mike Gminski,80,27.5,10.6,4.5,10.1,44.2,0.0,0.2,14.3,1.6,2.0,81.0,2.3,5.0,7.3,1.2,0.5,0.7,1.1,13.1
F,112,Jack Sikma,77,25.2,10.4,3.8,9.0,42.7,0.6,1.8,34.1,2.2,2.6,84.3,1.4,4.3,5.7,1.9,0.8,0.8,1.7,12.4
F-C,113,Pervis Ellison,76,25.6,10.4,4.3,8.4,51.3,0.0,0.1,0.0,1.8,2.8,65.0,2.9,4.8,7.7,1.3,0.6,2.1,1.9,15.2
F,114,Rory Sparrow,80,29.7,10.4,4.6,9.5,49.1,0.4,1.0,39.7,0.7,1.0,69.9,0.6,1.8,2.3,4.5,1.0,0.2,1.6,11.8
G,115,Craig Ehlo,82,33.7,10.1,4.2,9.4,44.5,0.6,1.8,32.9,1.2,1.7,67.9,1.7,3.0,4.7,4.6,1.5,0.4,2.0,13.6
G-F,116,Rickey Green,79,28.5,10.0,4.2,9.1,46.3,0.1,0.5,22.2,1.5,1.8,83.0,0.4,1.3,1.7,5.2,0.7,0.1,1.4,11.2
G,117,James Donaldson,82,34.1,10.0,4.0,7.5,53.2,0.0,0.0,0.0,2.0,2.8,72.1,2.5,6.4,8.9,0.8,0.4,1.1,1.8,15.2
F-C,118,Terry Teagle,82,18.3,9.9,4.1,9.2,44.3,0.0,0.1,0.0,1.8,2.2,81.9,1.0,1.2,2.2,1.0,0.4,0.1,1.0,7.1
F,119,Olden Polynice,79,26.5,9.8,4.0,7.1,56.0,0.0,0.0,0.0,1.8,3.2,57.9,2.8,4.2,7.0,0.5,0.5,0.4,1.1,12.7
F,120,Alex English,79,22.1,9.7,4.1,9.3,43.9,0.0,0.0,0.0,1.5,1.8,85.0,1.4,1.8,3.2,1.3,0.5,0.3,1.3,8.3
F,121,Bill Cartwright,79,28.8,9.6,4.0,8.2,49.0,0.0,0.0,0.0,1.6,2.3,69.7,2.1,4.0,6.2,1.6,0.4,0.2,1.4,11.7
G,122,Rod Higgins,82,24.7,9.5,3.2,6.8,46.3,0.9,2.7,33.2,2.3,2.8,81.9,1.3,3.0,4.3,1.4,0.6,0.5,0.8,11.3
F-C,123,Grant Long,80,31.4,9.2,3.5,7.0,49.2,0.0,0.1,16.7,2.3,2.9,78.7,2.8,4.3,7.1,2.2,1.5,0.5,2.0,14.4
G,124,A.C. Green,82,26.4,9.1,3.1,6.6,47.6,0.1,0.7,20.0,2.7,3.7,73.8,2.5,3.8,6.3,0.9,0.7,0.3,1.2,11.7
F-G,125,Kenny Gattison,72,21.6,9.0,3.4,6.3,53.2,0.0,0.0,0.0,2.3,3.4,66.1,1.9,3.4,5.3,0.6,0.7,0.9,1.4,10.9
F,126,Rick Mahorn,80,30.5,8.9,3.3,7.0,46.7,0.0,0.1,0.0,2.4,3.0,78.8,1.9,5.9,7.8,1.5,1.0,0.7,1.6,13.9
F-G,127,A.J. English,70,20.6,8.8,3.6,8.2,43.9,0.0,0.4,9.7,1.6,2.2,70.7,0.9,1.2,2.1,2.5,0.4,0.2,1.6,7.1
F-C,128,Randy White,79,24.1,8.8,3.4,8.4,39.8,0.1,0.5,16.2,2.0,2.8,70.7,2.2,4.2,6.4,0.8,1.0,0.6,1.7,10.0
G,129,B.J. Armstrong,82,21.1,8.8,3.7,7.7,48.1,0.2,0.4,50.0,1.2,1.4,87.4,0.3,1.5,1.8,3.7,0.9,0.0,1.3,9.7
G,130,Mark Jackson,72,22.2,8.8,3.5,7.1,49.2,0.2,0.7,25.5,1.6,2.2,73.1,0.9,1.9,2.7,6.3,0.8,0.1,1.9,12.7
G,131,Dee Brown,82,23.7,8.7,3.5,7.5,46.4,0.1,0.4,20.6,1.7,1.9,87.3,0.5,1.7,2.2,4.2,1.0,0.2,1.7,10.4
F,132,John Paxson,82,24.0,8.7,3.9,7.0,54.8,0.5,1.2,43.8,0.4,0.5,82.9,0.2,0.9,1.1,3.6,0.8,0.0,0.8,10.1
C,133,Danny Ferry,81,20.5,8.6,3.4,7.9,42.8,0.3,1.0,29.9,1.5,1.9,81.6,1.2,2.3,3.5,1.8,0.5,0.3,1.5,8.4
G,134,Jeff Turner,71,23.7,8.6,3.6,7.5,48.7,0.1,0.2,40.0,1.2,1.6,75.9,1.5,3.6,5.1,1.4,0.4,0.1,1.8,9.6
F,135,Chucky Brown,74,20.1,8.5,3.6,6.8,52.4,0.0,0.1,0.0,1.4,1.9,70.1,1.1,1.8,2.9,1.1,0.4,0.3,1.3,8.0
G,136,Dennis Rodman,82,33.5,8.2,3.4,6.8,49.3,0.1,0.4,20.0,1.4,2.1,63.1,4.4,8.1,12.5,1.0,0.8,0.7,1.1,17.8
F-G,137,Haywoode Workman,73,27.9,8.0,3.2,7.1,45.4,0.2,0.7,24.0,1.4,1.8,75.9,0.7,2.6,3.3,4.8,1.2,0.1,1.8,11.3
C,138,Maurice Cheeks,76,28.3,7.8,3.2,6.4,49.9,0.1,0.3,25.0,1.4,1.7,81.4,0.3,2.0,2.3,5.7,1.7,0.1,1.4,12.7
F,139,Darrell Walker,71,32.5,7.8,3.2,7.5,43.0,0.0,0.1,0.0,1.3,2.2,60.4,2.0,5.0,7.0,6.5,1.1,0.5,2.2,15.5
F,140,Mark West,82,23.9,7.7,3.0,4.7,64.7,0.0,0.0,0.0,1.6,2.5,65.5,2.1,4.8,6.9,0.5,0.4,2.0,1.0,13.8
F-G,141,LaSalle Thompson,82,23.7,7.6,3.4,6.9,48.8,0.0,0.1,20.0,0.9,1.3,69.2,1.9,5.0,6.9,1.8,0.8,0.8,2.0,11.9
F,142,Paul Pressey,70,24.0,7.5,2.9,6.1,47.2,0.2,0.8,28.1,1.6,1.9,82.7,0.7,1.8,2.5,3.9,0.9,0.5,1.9,9.9
F,143,John Salley,74,22.3,7.4,2.4,5.1,47.5,0.0,0.0,0.0,2.5,3.5,72.7,1.9,2.6,4.4,0.9,0.7,1.5,1.2,10.1
F,144,Joe Wolf,74,21.5,7.3,3.2,7.0,45.1,0.0,0.2,13.3,0.9,1.1,83.1,1.8,3.6,5.4,1.4,0.8,0.4,1.3,10.0
G,145,Gerald Paddio,70,16.9,7.2,3.0,7.2,41.9,0.1,0.3,25.0,1.1,1.3,79.6,0.5,1.1,1.7,1.3,0.3,0.1,1.0,5.1
G,146,Gary Payton,82,27.4,7.2,3.2,7.0,45.0,0.0,0.2,7.7,0.8,1.2,71.1,1.3,1.6,3.0,6.4,2.0,0.2,2.2,12.4
F,147,Jeff Martin,74,18.0,7.1,2.9,6.9,42.2,0.4,1.2,30.7,0.9,1.4,68.0,0.7,1.1,1.8,0.9,0.5,0.4,0.7,5.6
G,148,Felton Spencer,81,25.9,7.1,2.4,4.7,51.2,0.0,0.0,0.0,2.2,3.1,72.2,3.4,4.6,7.9,0.3,0.6,1.5,1.0,13.3
G,149,Kelly Tripucka,77,16.7,7.0,2.4,5.4,45.4,0.2,0.6,33.3,2.0,2.2,91.0,0.6,1.7,2.3,2.1,0.4,0.2,1.2,7.7
C,150,Muggsy Bogues,81,28.4,7.0,3.0,6.5,46.0,0.0,0.1,0.0,1.1,1.3,79.6,0.7,2.0,2.7,8.3,1.7,0.0,1.5,14.4
F,151,Duane Causwell,76,22.6,6.9,2.8,5.4,50.8,0.0,0.0,0.0,1.4,2.2,63.6,1.9,3.3,5.1,0.9,0.6,1.9,1.3,10.8
F,152,Billy Thompson,73,20.3,6.8,2.8,5.6,49.9,0.0,0.1,0.0,1.2,1.7,71.8,1.6,2.6,4.3,1.5,0.4,0.7,1.6,8.8
F,153,Marcus Liberty,76,15.4,6.7,2.8,6.8,42.1,0.2,0.8,29.8,0.8,1.2,63.0,1.5,1.4,2.9,0.8,0.6,0.3,0.9,6.0
F-C,154,Alton Lister,77,20.2,6.4,2.4,5.1,47.8,0.0,0.0,0.0,1.5,2.6,56.9,1.6,4.7,6.3,1.2,0.3,1.2,1.4,10.1
G,155,Michael Cage,82,26.1,6.4,2.8,5.4,50.8,0.0,0.0,0.0,0.9,1.4,62.5,2.2,4.6,6.8,1.1,1.0,0.7,1.0,11.8
G,156,Jeff Grayer,82,17.3,6.4,2.6,5.9,43.3,0.0,0.0,0.0,1.2,1.8,68.7,1.4,1.6,3.0,1.5,0.6,0.1,1.0,6.6
F,157,Alec Kessler,78,16.1,6.2,2.6,6.0,42.5,0.0,0.1,0.0,1.1,1.7,67.2,1.5,2.8,4.3,0.4,0.2,0.3,1.4,6.1
G,158,Duane Ferrell,78,14.9,6.1,2.2,4.6,48.9,0.0,0.0,66.7,1.6,2.0,80.1,1.2,1.1,2.3,0.7,0.4,0.3,1.0,6.1
G-F,159,Andre Turner,70,20.1,5.9,2.4,5.5,43.9,0.2,0.5,36.4,0.9,1.2,73.6,0.5,1.7,2.2,4.4,0.9,0.0,1.4,8.6
C,160,Randy Breuer,73,20.6,5.9,2.7,6.0,45.3,0.0,0.0,0.0,0.5,1.1,44.3,1.6,3.2,4.7,1.0,0.5,1.1,0.9,8.4
C-F,161,Mike Sanders,80,17.0,5.8,2.6,6.2,41.7,0.1,0.3,20.0,0.6,0.7,82.5,0.9,1.4,2.3,1.3,0.5,0.3,0.8,5.7
G,162,Darrell Griffith,75,13.4,5.7,2.3,5.9,39.1,0.6,1.8,34.8,0.5,0.6,75.6,0.2,1.0,1.2,0.5,0.6,0.1,0.6,3.7
F-G,163,Bill Wennington,77,18.9,5.7,2.4,5.4,43.6,0.0,0.1,20.0,1.0,1.2,78.7,1.3,3.1,4.4,0.9,0.6,0.8,0.7,8.4
C,164,Jack Haley,78,15.1,5.6,2.1,4.4,46.9,0.0,0.0,0.0,1.4,2.3,61.9,1.8,2.8,4.6,0.4,0.3,0.3,0.8,7.0
G-F,165,Stacey King,76,15.8,5.5,2.1,4.4,46.7,0.0,0.0,0.0,1.4,2.0,70.4,0.9,1.8,2.7,0.9,0.3,0.6,1.2,5.8
F,166,Loy Vaught,73,16.1,5.5,2.4,4.9,48.7,0.0,0.0,0.0,0.7,1.0,66.2,1.7,3.1,4.8,0.5,0.3,0.3,0.7,7.8
G,167,Brad Davis,80,17.8,5.4,2.0,4.7,42.6,0.3,1.1,25.9,1.1,1.5,77.1,0.2,1.3,1.5,2.9,0.6,0.2,1.0,6.5
F-G,168,Scott Brooks,80,12.3,5.3,2.0,4.6,43.0,0.6,1.7,33.3,0.8,0.9,84.7,0.4,0.6,0.9,2.6,0.7,0.1,0.6,6.1
C,169,Brad Lohaus,81,15.0,5.3,2.2,5.1,43.1,0.4,1.5,27.7,0.5,0.7,68.5,0.7,2.0,2.7,0.9,0.6,0.9,0.7,6.6
G,170,Tyrone Hill,74,16.1,5.3,2.0,4.0,49.2,0.0,0.0,0.0,1.3,2.1,63.2,2.1,3.1,5.2,0.3,0.4,0.4,1.0,7.8
G,171,David Wood,82,17.3,5.3,1.8,4.3,42.4,0.3,1.1,31.1,1.3,1.6,81.2,1.3,1.7,3.0,1.1,0.7,0.2,1.1,6.5
G,172,Tom Hammonds,70,14.6,5.2,2.2,4.8,46.1,0.0,0.1,0.0,0.8,1.1,72.2,0.8,2.1,2.9,0.6,0.2,0.1,0.8,5.4
G,173,Ed Pinckney,70,16.6,5.2,1.9,3.5,53.9,0.0,0.0,0.0,1.5,1.7,89.7,2.2,2.7,4.9,0.6,0.9,0.6,0.6,9.8
F,174,Mark Eaton,80,32.3,5.1,2.1,3.7,57.9,0.0,0.0,0.0,0.9,1.4,63.4,2.3,6.1,8.3,0.6,0.5,2.4,1.2,13.6
F,175,Craig Hodges,73,11.5,5.0,2.0,4.7,42.4,0.6,1.6,38.3,0.4,0.4,96.3,0.1,0.4,0.6,1.3,0.5,0.0,0.5,4.2
G,176,Bimbo Coles,82,16.5,4.9,2.0,4.8,41.2,0.1,0.4,17.6,0.9,1.2,74.7,0.7,1.2,1.9,2.8,0.8,0.1,1.2,6.2
F,177,Greg Kite,82,27.1,4.8,2.0,4.1,49.1,0.0,0.0,0.0,0.8,1.5,51.2,2.3,4.9,7.2,0.7,0.3,1.0,1.2,9.9
F,178,Mike Brown,82,17.0,4.8,1.6,3.5,45.4,0.0,0.0,0.0,1.6,2.2,74.2,1.3,2.8,4.1,0.6,0.4,0.3,1.0,6.7
F,179,Sidney Moncrief,72,15.2,4.7,1.6,3.3,48.8,0.3,0.9,32.8,1.1,1.5,78.1,0.4,1.3,1.8,1.4,0.7,0.1,0.9,5.8
F,180,George McCloud,74,14.5,4.6,1.8,4.7,37.3,0.6,1.7,34.7,0.5,0.7,77.6,0.5,1.1,1.6,2.0,0.5,0.1,1.2,4.6
F,181,Eric Leckner,72,15.6,4.5,1.8,4.1,44.6,0.0,0.0,0.0,0.9,1.5,55.9,1.1,3.0,4.1,0.5,0.2,0.3,1.0,5.7
G,182,Nate McMillan,78,18.4,4.3,1.7,3.9,43.3,0.2,0.6,35.4,0.7,1.2,61.3,0.9,2.3,3.2,4.8,1.3,0.3,1.6,9.7
F,183,Will Perdue,74,13.1,4.1,1.6,3.2,49.4,0.0,0.0,0.0,1.0,1.5,67.0,1.6,2.9,4.5,0.6,0.3,0.8,1.0,7.3
G,184,Jon Koncak,77,25.1,4.1,1.8,4.2,43.6,0.0,0.1,12.5,0.4,0.7,59.3,1.3,3.6,4.9,1.6,1.0,1.0,0.6,9.2
G,185,Cliff Levingston,78,13.0,4.0,1.6,3.6,45.0,0.0,0.1,25.0,0.8,1.2,64.8,1.3,1.6,2.9,0.7,0.4,0.6,0.6,5.5
G,186,Mychal Thompson,72,15.0,4.0,1.6,3.2,49.6,0.0,0.0,0.0,0.9,1.2,70.5,1.0,2.1,3.2,0.3,0.3,0.3,0.7,5.5
G,187,Delaney Rudd,82,10.7,4.0,1.5,3.5,43.5,0.2,0.7,27.9,0.7,0.9,83.1,0.2,0.6,0.8,2.6,0.4,0.0,1.2,4.5
F,188,Doug West,75,11.0,3.9,1.6,3.3,48.0,0.0,0.0,0.0,0.8,1.1,69.0,0.7,1.1,1.8,0.6,0.5,0.3,0.5,4.5
G,189,Brian Oliver,73,11.0,3.8,1.5,3.7,40.8,0.1,0.2,27.8,0.7,1.0,73.2,0.2,0.8,1.1,1.2,0.5,0.1,0.7,3.5
G-F,190,Danny Young,75,12.0,3.8,1.4,3.6,38.0,0.5,1.4,34.6,0.5,0.6,91.1,0.3,0.7,1.0,1.9,0.7,0.1,0.7,4.5
C-F,191,Joe Kleine,72,11.8,3.6,1.4,3.0,46.8,0.0,0.0,0.0,0.8,1.0,78.3,1.0,2.4,3.4,0.3,0.2,0.2,0.7,5.1
C-F,192,Greg Dreiling,73,14.1,3.5,1.3,2.7,50.5,0.0,0.0,0.0,0.9,1.4,60.0,0.9,2.6,3.5,0.7,0.3,0.4,0.8,5.8
F,193,Lester Conner,74,13.6,3.5,1.3,2.8,46.4,0.0,0.1,0.0,0.9,1.3,72.3,0.3,1.2,1.5,2.2,1.1,0.0,0.8,5.8
G-F,194,Larry Smith,81,23.7,3.3,1.6,3.2,48.7,0.0,0.0,0.0,0.1,0.6,24.0,3.7,5.0,8.8,1.1,1.0,0.3,1.1,11.2
G,195,Jud Buechler,74,11.6,3.1,1.3,3.1,41.6,0.0,0.1,25.0,0.6,0.9,65.2,0.8,1.1,1.9,0.7,0.4,0.2,0.4,3.9
G,196,Kenny Williams,75,7.0,2.9,1.2,2.4,52.0,0.0,0.0,0.0,0.5,0.7,68.0,0.7,1.0,1.7,0.4,0.1,0.4,0.5,3.7
F,197,Manute Bol,82,18.6,1.9,0.8,2.0,39.6,0.0,0.2,7.1,0.3,0.5,58.5,0.8,3.5,4.3,0.2,0.2,3.0,0.8,7.4
