pos,#,player,gp,min,pts,fgm,fga,fg%,3pm,3pa,3p%,ftm,fta,ft%,oreb,dreb,reb,ast,stl,blk,tov,eff
G,1,Michael Jordan,80,38.8,30.1,11.8,22.7,51.9,0.3,1.3,27.0,6.1,7.4,83.2,1.1,5.3,6.4,6.1,2.3,0.9,2.5,31.1
F-C,2,Karl Malone,81,37.7,28.0,9.9,18.7,52.6,0.0,0.2,17.6,8.3,10.7,77.8,2.8,8.4,11.2,3.0,1.3,0.6,3.1,29.9
F-G,3,Chris Mullin,81,41.3,25.6,10.2,19.6,52.4,0.8,2.2,36.6,4.3,5.2,83.3,1.6,4.0,5.6,3.5,2.1,0.8,2.5,24.9
F,4,Clyde Drexler,76,36.2,25.0,9.1,19.4,47.0,1.5,4.4,33.7,5.3,6.6,79.4,2.2,4.4,6.6,6.7,1.8,0.9,3.2,26.3
G,5,Patrick Ewing,82,38.4,24.0,9.7,18.6,52.2,0.0,0.1,16.7,4.6,6.2,73.8,2.8,8.5,11.2,1.9,1.1,3.0,2.5,28.1
F,6,Tim Hardaway,81,41.1,23.4,9.1,19.7,46.1,1.6,4.6,33.8,3.7,4.8,76.6,1.0,2.8,3.8,10.0,2.0,0.2,3.3,24.3
G,7,David Robinson,68,37.7,23.2,8.7,15.8,55.1,0.0,0.1,12.5,5.8,8.3,70.1,3.8,8.4,12.2,2.7,2.3,4.5,2.7,32.6
G,8,Charles Barkley,75,38.4,23.1,8.3,15.0,55.2,0.4,1.8,23.4,6.1,8.7,69.5,3.6,7.5,11.1,4.1,1.8,0.6,3.1,28.1
F,9,Mitch Richmond,80,38.7,22.5,8.6,18.3,46.8,1.3,3.4,38.4,4.1,5.1,81.3,0.8,3.2,4.0,5.1,1.2,0.4,3.1,19.5
G,10,Glen Rice,79,38.1,22.3,8.5,18.1,46.9,2.0,5.0,39.1,3.4,4.0,83.6,1.1,3.9,5.0,2.3,1.1,0.4,1.8,19.1
G,11,Ricky Pierce,78,34.1,21.7,7.9,16.7,47.5,0.4,1.6,26.8,5.3,5.8,91.6,1.2,1.8,3.0,3.1,1.1,0.3,2.4,17.4
C,12,Hakeem Olajuwon,70,37.7,21.6,8.4,16.8,50.2,0.0,0.0,0.0,4.7,6.1,76.6,3.5,8.6,12.1,2.2,1.8,4.3,2.7,29.6
G,13,Brad Daugherty,73,36.2,21.5,7.9,13.8,57.0,0.0,0.0,0.0,5.7,7.3,77.7,2.6,7.8,10.4,3.6,0.9,1.1,2.5,27.3
G,14,Scottie Pippen,82,38.6,21.0,8.4,16.6,50.6,0.2,1.0,20.0,4.0,5.3,76.0,2.3,5.4,7.7,7.0,1.9,1.1,3.1,26.1
G,15,Reggie Lewis,82,37.4,20.8,8.6,17.0,50.3,0.1,0.3,23.8,3.6,4.2,85.1,1.4,3.4,4.8,2.3,1.5,1.3,1.7,19.9
G,16,Reggie Miller,82,38.0,20.7,6.9,13.7,50.1,1.6,4.2,37.8,5.4,6.3,85.8,1.0,2.9,3.9,3.8,1.3,0.3,1.9,20.4
F,17,Drazen Petrovic,82,36.9,20.6,8.1,16.0,50.8,1.5,3.4,44.4,2.8,3.5,80.8,1.2,2.0,3.1,3.1,1.3,0.1,2.6,17.1
F,18,Kendall Gill,79,36.8,20.5,8.4,18.1,46.7,0.1,0.3,24.0,3.6,4.8,74.5,2.1,3.0,5.1,4.2,1.9,0.6,2.3,19.2
G,19,Jeff Malone,81,36.1,20.2,8.5,16.7,51.1,0.0,0.1,8.3,3.2,3.5,89.8,0.6,2.3,2.9,2.2,0.7,0.1,1.7,15.8
C,20,Jeff Hornacek,81,38.0,20.1,7.8,15.3,51.2,1.0,2.3,43.9,3.4,3.9,88.6,1.3,3.7,5.0,5.1,2.0,0.4,2.1,22.6
G,21,Joe Dumars,82,38.9,19.9,7.2,16.0,44.8,0.6,1.5,40.8,5.0,5.8,86.7,1.0,1.3,2.3,4.6,0.9,0.1,2.4,15.9
F,22,Kevin Johnson,78,37.2,19.7,6.9,14.4,47.9,0.1,0.6,21.7,5.7,7.1,80.7,0.8,3.0,3.7,10.7,1.5,0.3,3.5,23.6
G,23,Danny Manning,82,35.4,19.3,7.9,14.6,54.2,0.0,0.1,0.0,3.4,4.7,72.5,2.8,4.1,6.9,3.5,1.6,1.5,2.6,22.2
F,24,Larry Johnson,82,37.2,19.2,7.5,15.3,49.0,0.1,0.3,22.7,4.1,5.0,82.9,3.9,7.0,11.0,3.6,1.0,0.6,2.0,24.7
G,25,Hersey Hawkins,81,37.2,19.0,6.4,13.9,46.2,1.1,2.8,39.7,5.0,5.7,87.4,0.7,2.7,3.3,3.1,1.9,0.5,2.3,17.3
G,26,Sarunas Marciulionis,72,29.4,18.9,6.8,12.7,53.8,0.0,0.1,30.0,5.2,6.6,78.8,0.9,1.9,2.9,3.4,1.6,0.1,2.7,17.0
F,27,Isiah Thomas,78,37.4,18.5,7.2,16.2,44.6,0.3,1.1,29.1,3.7,4.8,77.2,0.9,2.3,3.2,7.2,1.5,0.2,3.2,17.3
G,28,Chuck Person,81,36.1,18.5,7.6,15.9,48.0,1.6,4.4,37.3,1.6,2.4,67.5,1.4,3.9,5.3,4.7,0.8,0.2,2.7,17.8
F,29,Rolando Blackman,75,33.7,18.3,7.1,15.5,46.1,0.9,2.3,38.5,3.2,3.5,89.8,1.0,2.1,3.2,2.7,0.7,0.3,2.0,14.4
C,30,Kevin Willis,81,36.6,18.3,7.3,15.1,48.3,0.1,0.5,16.2,3.6,4.5,80.4,5.2,10.4,15.5,2.1,0.9,0.7,2.4,26.4
G,31,Ron Harper,82,38.3,18.2,6.9,15.8,44.0,0.8,2.6,30.3,3.6,4.9,73.6,1.5,4.0,5.5,5.1,1.9,0.9,3.1,18.3
G,32,Reggie Williams,81,32.4,18.2,7.4,15.8,47.1,0.7,1.9,35.9,2.7,3.3,80.3,1.8,3.2,5.0,2.9,1.8,0.8,2.1,17.6
G-F,33,Terry Porter,82,34.0,18.1,6.4,13.8,46.1,1.6,4.0,39.5,3.8,4.5,85.6,0.6,2.5,3.1,5.8,1.5,0.1,2.3,18.4
F,34,Michael Adams,78,35.8,18.1,6.2,15.8,39.3,1.6,4.9,32.4,4.0,4.6,86.9,0.7,3.2,4.0,7.6,1.9,0.1,2.7,18.7
F,35,Mark Price,72,29.7,17.3,6.1,12.5,48.8,1.4,3.6,38.7,3.8,4.0,94.7,0.5,1.9,2.4,7.4,1.3,0.2,2.2,19.8
C-F,36,Otis Thorpe,82,37.3,17.3,6.8,11.5,59.2,0.0,0.1,0.0,3.7,5.6,65.7,3.5,7.0,10.5,3.0,0.6,0.5,2.9,22.4
G,37,Dan Majerle,82,34.8,17.3,6.7,14.1,47.8,1.1,2.8,38.2,2.8,3.7,75.6,1.8,4.1,5.9,3.3,1.6,0.5,1.2,19.2
F-G,38,Terry Cummings,70,30.7,17.3,7.3,15.0,48.8,0.1,0.2,38.5,2.5,3.6,71.1,3.5,5.5,9.0,1.5,0.8,0.5,1.6,18.7
G,39,Detlef Schrempf,80,32.6,17.3,6.2,11.6,53.6,0.3,0.9,32.4,4.6,5.5,82.8,2.5,7.1,9.6,3.9,0.8,0.5,2.4,23.3
C,40,Vernon Maxwell,80,33.8,17.2,6.3,15.2,41.3,2.0,5.9,34.2,2.6,3.3,77.2,0.5,2.6,3.0,4.1,1.3,0.4,2.2,14.0
G-F,41,Lionel Simmons,78,37.1,17.1,6.8,14.9,45.4,0.0,0.1,20.0,3.6,4.7,77.0,1.9,6.2,8.1,4.3,1.7,1.7,2.8,21.0
G,42,Eddie Johnson,81,29.2,17.1,6.6,14.4,45.9,0.3,1.3,25.2,3.6,4.2,86.1,1.5,2.1,3.6,2.0,0.7,0.1,1.6,13.6
C,43,Larry Nance,81,35.6,17.0,6.9,12.7,53.9,0.0,0.1,0.0,3.2,4.0,82.2,2.6,5.6,8.3,2.9,1.0,3.0,1.1,24.4
F-C,44,Armen Gilliam,81,34.2,16.9,6.3,12.4,51.1,0.0,0.0,0.0,4.2,5.2,80.7,2.9,5.3,8.1,1.5,0.6,1.0,2.0,19.1
F,45,Tony Campbell,78,31.3,16.8,6.8,14.6,46.4,0.2,0.5,35.1,3.1,3.8,80.3,1.8,1.9,3.7,2.9,1.1,0.4,2.1,14.1
F,46,Wayman Tisdale,72,35.0,16.6,7.3,14.5,50.0,0.0,0.0,0.0,2.1,2.8,76.3,1.9,4.6,6.5,1.5,0.8,1.1,1.7,16.8
G,47,Dikembe Mutombo,71,38.3,16.6,6.0,12.2,49.3,0.0,0.0,0.0,4.5,7.0,64.2,4.5,7.8,12.3,2.2,0.6,3.0,3.5,22.3
F-G,48,Pooh Richardson,82,35.6,16.5,7.2,15.4,46.6,0.6,1.9,34.2,1.5,2.2,69.1,1.1,2.6,3.7,8.4,1.5,0.3,2.5,18.9
G-F,49,Rony Seikaly,79,35.4,16.4,5.9,12.0,48.9,0.0,0.0,0.0,4.7,6.4,73.3,3.9,7.9,11.8,1.4,0.5,1.5,2.7,21.1
F-G,50,Sean Elliott,82,38.0,16.3,6.3,12.7,49.4,0.3,1.0,30.5,3.5,4.0,86.1,1.7,3.6,5.4,2.6,1.0,0.4,1.9,16.8
G,51,Spud Webb,77,35.4,16.0,5.8,13.1,44.5,0.9,2.6,36.7,3.4,4.0,85.9,0.4,2.5,2.9,7.1,1.6,0.3,3.0,17.1
G,52,John Stockton,82,36.6,15.8,5.5,11.5,48.2,1.0,2.5,40.7,3.8,4.5,84.2,0.8,2.5,3.3,13.7,3.0,0.3,3.5,26.0
F,53,Dale Ellis,81,27.0,15.7,6.0,12.8,46.9,1.7,4.1,41.9,2.0,2.6,77.4,1.1,2.0,3.1,1.3,0.7,0.2,1.5,12.2
C,54,Dell Curry,77,26.2,15.7,6.5,13.5,48.6,1.0,2.4,40.4,1.6,2.0,83.6,0.7,2.6,3.4,2.3,1.2,0.3,1.7,13.8
F,55,Moses Malone,82,30.6,15.6,5.4,11.3,47.4,0.0,0.1,37.5,4.8,6.1,78.6,3.9,5.2,9.1,1.1,0.9,0.8,1.8,18.4
G,56,Sedale Threatt,82,37.4,15.1,6.2,12.7,48.9,0.2,0.8,32.3,2.5,3.0,83.1,0.5,2.6,3.1,7.2,2.0,0.2,2.2,18.5
G-F,57,Micheal Williams,79,34.8,15.0,5.1,10.4,49.0,0.1,0.4,24.2,4.7,5.4,87.1,0.9,2.6,3.6,8.2,2.9,0.3,3.0,21.0
F,58,Sam Bowie,71,30.7,15.0,5.9,13.3,44.5,0.1,0.4,32.0,3.0,3.9,75.7,2.9,5.3,8.1,2.6,0.6,1.7,2.1,17.5
F,59,Byron Scott,82,32.7,14.9,5.6,12.3,45.8,0.7,1.9,34.4,3.0,3.5,83.8,0.9,2.9,3.8,2.8,1.3,0.3,1.5,14.3
C,60,Terry Catledge,78,31.2,14.8,5.9,11.8,49.6,0.0,0.1,0.0,3.1,4.4,69.4,3.3,3.7,7.0,1.4,0.7,0.2,1.8,15.1
F,61,Grant Long,82,37.4,14.8,5.4,10.9,49.4,0.1,0.3,27.3,4.0,4.9,80.7,3.2,5.3,8.4,2.7,1.7,0.5,2.3,19.4
G,62,Billy Owens,80,31.4,14.3,5.9,11.1,52.5,0.0,0.1,11.1,2.6,3.9,65.4,3.0,5.0,8.0,2.4,1.1,0.8,2.2,17.7
F,63,Horace Grant,81,35.3,14.2,5.6,9.8,57.8,0.0,0.0,0.0,2.9,3.9,74.1,4.2,5.7,10.0,2.7,1.2,1.6,1.2,23.3
F,64,Robert Parish,79,28.9,14.1,5.9,11.1,53.5,0.0,0.0,0.0,2.3,2.9,77.2,2.8,6.2,8.9,0.9,0.9,1.2,1.7,18.5
C,65,Scott Skiles,75,31.7,14.1,4.8,11.6,41.4,1.2,3.3,36.4,3.3,3.7,89.5,0.5,2.2,2.7,7.3,1.0,0.1,3.1,14.8
G,66,Kenny Smith,81,33.8,14.0,5.3,11.2,47.5,0.7,1.7,39.4,2.7,3.1,86.6,0.4,1.8,2.2,6.9,1.3,0.1,2.8,15.4
F,67,Orlando Woolridge,82,25.8,14.0,5.5,11.1,49.8,0.0,0.1,11.1,2.9,4.3,68.3,1.3,1.8,3.2,1.1,0.5,0.4,1.6,10.6
C,68,Jay Humphries,71,31.8,14.0,5.3,11.3,46.9,0.6,2.0,29.2,2.7,3.5,78.3,0.6,2.0,2.6,6.6,1.7,0.2,2.1,16.1
F,69,Doug West,80,31.8,14.0,5.8,11.2,51.8,0.1,0.3,17.4,2.3,2.9,80.5,1.3,1.9,3.2,3.5,0.8,0.3,1.5,14.4
C,70,John Starks,82,25.8,13.9,4.9,11.0,44.9,1.1,3.3,34.8,2.9,3.7,77.8,0.5,1.8,2.3,3.4,1.3,0.2,1.8,12.4
G,71,Rik Smits,74,23.9,13.8,5.9,11.6,51.0,0.0,0.0,0.0,2.1,2.6,78.8,1.7,4.0,5.6,1.6,0.4,1.4,1.8,14.8
G,72,Mookie Blaylock,72,35.4,13.8,6.0,13.8,43.2,0.2,0.8,22.2,1.8,2.5,71.2,1.4,2.3,3.7,6.8,2.4,0.6,2.1,16.7
F,73,Xavier McDaniel,82,28.6,13.7,6.0,12.5,47.8,0.1,0.5,30.8,1.7,2.3,71.4,2.1,3.5,5.6,1.8,0.7,0.3,1.8,13.2
F,74,Ron Anderson,82,29.7,13.7,5.7,12.3,46.5,0.5,1.5,33.1,1.7,2.0,87.7,1.2,2.2,3.4,1.6,1.0,0.1,1.3,11.8
F,75,A.C. Green,82,35.4,13.6,4.7,9.8,47.6,0.1,0.7,21.4,4.1,5.6,74.4,3.7,5.6,9.3,1.4,1.1,0.4,1.4,18.0
G-F,76,Kevin Gamble,82,30.4,13.5,5.9,11.1,52.9,0.1,0.4,29.0,1.7,1.9,88.5,1.0,2.5,3.5,2.7,0.9,0.5,1.2,14.4
G-F,77,Stacey Augmon,82,30.5,13.3,5.4,11.0,48.9,0.0,0.1,16.7,2.6,3.9,66.6,2.3,2.8,5.1,2.5,1.5,0.3,2.2,13.6
G,78,Rumeal Robinson,81,27.4,13.0,5.2,11.5,45.6,0.4,1.3,32.7,2.2,3.4,63.6,0.8,1.9,2.7,5.5,1.3,0.3,2.5,12.8
F,79,Kenny Gattison,82,27.1,12.7,5.2,9.7,52.9,0.0,0.0,0.0,2.4,3.5,68.8,2.2,4.9,7.1,1.6,0.7,0.8,1.7,15.6
C,80,Jerome Kersey,77,33.2,12.6,5.2,11.1,46.7,0.0,0.1,12.5,2.3,3.4,66.4,3.1,5.1,8.2,3.2,1.5,0.9,2.0,17.4
G,81,Blue Edwards,81,28.2,12.6,5.3,10.2,52.2,0.5,1.3,37.9,1.4,1.8,77.4,1.1,2.6,3.7,1.7,1.0,0.6,1.5,12.7
F-C,82,Clifford Robinson,82,25.9,12.4,4.9,10.4,46.6,0.0,0.1,9.1,2.7,4.0,66.4,1.7,3.4,5.1,1.7,1.0,1.3,1.9,12.7
G,82,Gerald Wilkins,82,28.6,12.4,5.3,11.8,44.7,0.5,1.3,35.2,1.4,1.9,73.0,0.9,1.6,2.5,2.7,0.9,0.2,1.4,10.3
F,84,Alvin Robertson,82,30.0,12.3,4.8,11.2,43.0,0.8,2.6,31.9,1.8,2.4,76.3,2.1,2.1,4.3,4.4,2.6,0.4,2.7,14.2
C,85,Tim Perry,80,31.0,12.3,5.2,9.9,52.3,0.0,0.1,37.5,1.9,2.7,71.2,2.6,4.3,6.9,1.7,0.6,1.5,1.8,15.6
C,86,Ken Norman,77,26.1,12.1,5.2,10.7,49.0,0.1,0.4,14.3,1.6,2.9,53.5,2.1,3.8,5.8,1.6,0.7,0.9,1.3,12.9
G-F,87,Johnny Dawkins,82,34.3,12.0,4.8,11.0,43.7,0.4,1.2,35.6,2.0,2.3,88.2,0.5,2.3,2.8,6.9,1.1,0.1,2.2,14.2
F,88,Hot Rod Williams,80,30.4,11.9,4.3,8.5,50.3,0.0,0.1,0.0,3.4,4.5,75.2,2.9,4.7,7.6,2.5,0.8,2.3,1.0,18.6
G,89,Greg Anderson,82,34.1,11.5,4.7,10.4,45.6,0.0,0.0,0.0,2.0,3.3,62.3,4.1,7.4,11.5,1.0,1.1,0.8,2.5,16.5
C,90,Gerald Glass,75,24.3,11.5,5.1,11.6,44.0,0.2,0.7,29.6,1.0,1.7,61.6,1.4,2.0,3.5,2.3,0.9,0.4,1.4,10.0
G,90,Herb Williams,75,27.2,11.5,4.9,11.3,43.1,0.0,0.1,16.7,1.7,2.3,72.5,1.4,4.6,6.1,1.3,0.5,1.3,1.5,11.9
F-G,92,Chris Morris,77,31.1,11.4,4.5,9.4,47.7,0.3,1.4,20.0,2.1,3.0,71.4,2.6,3.8,6.4,2.6,1.7,1.1,2.2,15.1
G,93,Mark Aguirre,75,21.1,11.3,4.5,10.5,43.1,0.2,0.9,21.1,2.1,3.1,68.7,0.9,2.3,3.1,1.7,0.7,0.1,1.4,8.7
F-C,94,Thurl Bailey,84,25.0,11.3,4.4,10.0,44.0,0.0,0.0,0.0,2.6,3.2,79.6,1.5,4.3,5.8,0.9,0.4,1.4,1.3,12.3
F,95,Mark Jackson,81,30.4,11.3,4.5,9.2,49.1,0.1,0.5,25.6,2.1,2.7,77.0,1.2,2.6,3.8,8.6,1.4,0.2,2.6,17.3
G,96,Buck Williams,80,31.5,11.3,4.3,7.0,60.4,0.0,0.0,0.0,2.8,3.7,75.4,3.3,5.6,8.8,1.4,0.8,0.5,1.6,17.4
G-F,97,A.J. English,81,20.6,10.9,4.5,10.4,43.3,0.1,0.4,17.6,1.8,2.2,84.1,0.9,1.2,2.1,1.8,0.4,0.1,1.1,7.9
C,98,Antoine Carr,81,23.0,10.9,4.4,9.0,49.0,0.0,0.1,20.0,2.0,2.6,76.4,1.6,2.7,4.3,0.8,0.4,1.2,1.4,10.9
G-F,99,Winston Garland,78,28.3,10.8,4.3,9.6,44.4,0.1,0.4,32.1,2.2,2.6,85.9,0.9,1.6,2.4,5.3,1.3,0.3,2.2,12.1
C-F,100,Kevin Duckworth,82,27.1,10.7,4.4,9.6,46.1,0.0,0.0,0.0,1.9,2.8,69.0,1.8,4.2,6.1,1.2,0.5,0.5,1.7,11.1
G,100,Terry Teagle,82,19.5,10.7,4.4,9.8,45.2,0.0,0.0,25.0,1.8,2.4,76.6,1.1,1.1,2.2,1.4,0.8,0.1,1.4,7.9
C,102,Mark Macon,76,30.3,10.6,4.4,11.7,37.5,0.1,0.4,13.3,1.8,2.4,73.0,1.1,1.8,2.9,2.2,2.0,0.2,2.0,7.9
F,103,Dennis Hopson,71,18.5,10.5,3.9,8.4,46.5,0.2,0.7,25.5,2.5,3.6,70.8,1.5,1.4,2.9,1.4,0.9,0.5,1.4,9.4
F,104,Larry Stewart,76,29.3,10.4,4.0,7.8,51.4,0.0,0.0,0.0,2.5,3.1,80.7,2.4,3.5,5.9,1.6,0.7,0.6,1.5,13.3
F-G,105,Mahmoud Abdul-Rauf,81,19.0,10.3,4.4,10.4,42.1,0.4,1.2,33.0,1.2,1.3,87.0,0.3,1.1,1.4,2.4,0.5,0.0,1.4,7.0
G,106,John Battle,76,21.5,10.3,4.2,8.7,48.0,0.0,0.2,11.8,1.9,2.3,84.8,0.3,1.2,1.5,2.1,0.5,0.1,1.2,8.3
G,107,Paul Graham,78,22.0,10.1,3.9,8.7,44.7,0.7,1.8,39.0,1.6,2.2,74.1,0.9,2.0,3.0,2.2,1.2,0.3,1.2,10.3
C-F,108,Kevin Edwards,81,22.7,10.1,4.0,8.8,45.4,0.1,0.4,21.9,2.0,2.4,84.8,0.7,1.9,2.6,2.1,1.2,0.2,1.5,9.6
G,109,Bimbo Coles,81,24.4,10.1,3.6,8.0,45.5,0.1,0.6,19.2,2.7,3.2,82.4,0.9,1.5,2.3,4.5,0.9,0.2,2.1,11.0
G,110,Sam Mitchell,82,26.2,10.1,3.7,8.8,42.3,0.0,0.1,18.2,2.5,3.2,78.6,1.9,3.8,5.8,1.1,0.6,0.5,1.2,11.1
G-F,111,B.J. Armstrong,82,22.9,9.9,4.1,8.5,48.1,0.4,1.1,40.2,1.3,1.6,80.6,0.2,1.5,1.8,3.2,0.6,0.1,1.1,9.6
F,112,Dennis Rodman,82,40.3,9.8,4.2,7.7,53.9,0.4,1.2,31.7,1.0,1.7,60.0,6.4,12.3,18.7,2.3,0.8,0.9,1.7,26.5
F-C,113,Tyrone Corbin,80,27.6,9.8,3.8,7.9,48.1,0.0,0.1,0.0,2.2,2.5,86.6,2.0,3.9,5.9,1.8,1.0,0.3,1.2,13.0
F,114,James Edwards,72,20.0,9.7,3.5,7.5,46.5,0.0,0.0,0.0,2.8,3.8,73.1,0.8,2.0,2.8,0.7,0.3,0.5,1.0,8.0
G,115,Danny Ainge,81,19.7,9.7,3.7,8.3,44.2,1.0,2.8,33.9,1.3,1.6,82.4,0.5,1.3,1.8,2.5,0.9,0.2,0.9,9.3
G-F,116,Bill Laimbeer,81,27.6,9.7,4.2,9.0,47.0,0.4,1.0,37.6,0.8,0.9,89.3,1.3,4.3,5.6,2.0,0.6,0.7,1.3,12.4
G,117,Fred Roberts,80,21.8,9.6,3.9,8.1,48.2,0.2,0.5,51.4,1.6,2.1,74.9,1.3,1.9,3.2,1.5,0.7,0.5,1.5,9.3
F-C,118,John Salley,72,24.6,9.5,3.5,6.8,51.2,0.0,0.0,0.0,2.6,3.6,71.5,1.5,2.6,4.1,1.6,0.7,1.5,1.4,11.7
F,119,Gary Payton,81,31.5,9.4,4.1,9.1,45.1,0.0,0.3,13.0,1.2,1.8,66.9,1.5,2.1,3.6,6.2,1.8,0.3,2.1,13.7
F,120,Anthony Bonner,79,28.9,9.4,3.7,8.3,44.7,0.0,0.1,25.0,1.9,3.1,62.7,2.4,3.7,6.1,1.6,1.2,0.3,1.7,11.2
F,121,Marcus Liberty,75,20.4,9.3,3.7,8.3,44.3,0.2,0.7,34.0,1.7,2.4,72.8,1.9,2.2,4.1,0.8,0.9,0.4,1.2,9.0
G,122,Sleepy Floyd,82,20.3,9.1,3.5,8.6,40.6,0.5,1.5,30.1,1.6,2.1,79.4,0.4,1.4,1.8,2.9,0.7,0.3,1.6,7.7
F-C,123,Terry Mills,82,20.9,9.0,3.8,8.2,46.3,0.1,0.3,34.8,1.4,1.9,75.0,2.3,3.2,5.5,1.0,0.6,0.5,1.0,10.8
G,124,Larry Krystkowiak,79,23.4,9.0,3.7,8.4,44.4,0.0,0.1,0.0,1.6,2.1,75.7,1.7,3.8,5.4,1.4,0.7,0.2,1.5,10.1
F-G,125,Rodney McCray,75,28.1,9.0,3.6,8.3,43.6,0.3,1.1,29.4,1.5,2.0,71.9,2.0,4.3,6.2,2.9,0.6,0.4,1.5,12.4
F,126,Jeff Grayer,82,20.2,9.0,3.8,8.4,44.8,0.2,0.8,28.8,1.2,1.9,66.7,1.6,1.6,3.1,1.8,0.8,0.2,1.3,8.4
F-G,127,Blair Rasmussen,81,24.3,9.0,4.3,9.0,47.8,0.1,0.3,21.7,0.4,0.5,75.0,1.2,3.7,4.9,1.3,0.4,0.6,0.6,10.8
F-C,128,Muggsy Bogues,82,34.0,8.9,3.9,8.2,47.2,0.0,0.3,7.4,1.1,1.5,78.3,0.7,2.2,2.9,9.1,2.1,0.1,1.9,16.4
G,129,Vern Fleming,82,21.2,8.9,3.6,7.4,48.2,0.1,0.3,22.2,1.6,2.2,73.7,0.8,1.7,2.5,3.2,0.7,0.1,1.7,9.3
G,130,Doug Smith,76,22.5,8.8,3.8,9.2,41.5,0.0,0.1,0.0,1.2,1.6,73.6,1.7,3.4,5.1,1.7,0.8,0.4,1.3,9.8
G,131,Michael Cage,82,30.0,8.8,3.7,6.6,56.6,0.0,0.1,0.0,1.3,2.1,62.0,3.2,5.6,8.9,1.1,1.2,0.7,1.0,16.0
F,132,Alexander Volkov,77,19.7,8.6,3.3,7.4,44.1,0.5,1.4,31.8,1.6,2.6,63.1,1.3,2.1,3.4,3.2,0.9,0.4,1.3,10.1
C,133,Buck Johnson,80,27.5,8.6,3.6,7.9,45.8,0.0,0.1,11.1,1.3,1.8,72.7,1.2,2.7,3.9,2.0,0.9,0.6,1.3,9.9
G,134,Dana Barros,75,17.7,8.3,3.2,6.6,48.3,1.1,2.5,44.6,0.8,1.1,75.9,0.2,0.9,1.1,1.7,0.7,0.1,0.7,7.3
F,135,Tyrone Hill,82,23.0,8.2,3.1,5.9,52.2,0.0,0.0,0.0,2.0,2.9,69.4,2.2,5.0,7.2,0.6,0.9,0.5,1.3,12.4
G,136,Olden Polynice,76,24.1,8.1,3.2,6.2,51.9,0.0,0.0,0.0,1.6,2.6,62.2,2.6,4.5,7.1,0.6,0.6,0.3,1.1,11.5
F-G,137,Rick Fox,81,19.0,8.0,3.0,6.5,45.9,0.3,0.9,32.9,1.7,2.3,75.5,0.9,1.8,2.7,1.6,1.0,0.4,1.5,8.0
C,138,Duane Causwell,80,28.6,8.0,3.1,5.7,54.9,0.0,0.0,0.0,1.7,2.8,61.3,2.5,4.8,7.3,0.7,0.6,2.7,1.6,14.0
F,139,David Wingate,81,26.3,7.9,3.3,7.1,46.5,0.0,0.2,5.6,1.3,1.8,71.9,1.0,2.3,3.3,3.0,1.5,0.3,1.5,10.2
F,140,Mario Elie,79,21.2,7.8,2.8,5.4,52.1,0.3,0.9,32.9,2.0,2.3,85.2,0.9,2.0,2.9,2.2,0.9,0.2,1.1,10.0
F-G,141,Gary Grant,78,26.3,7.8,3.5,7.6,46.2,0.2,0.7,29.4,0.6,0.7,81.5,0.4,1.9,2.4,6.9,1.8,0.2,2.4,12.4
F,142,Mike Brown,82,21.7,7.7,2.7,6.0,45.3,0.0,0.0,0.0,2.3,3.5,66.7,2.3,3.5,5.8,1.0,0.5,0.4,1.3,9.7
F,143,Andrew Lang,81,24.3,7.7,3.1,5.9,52.2,0.0,0.0,0.0,1.6,2.0,76.8,2.1,4.6,6.7,0.5,0.6,2.5,1.1,13.7
F,144,Loy Vaught,79,21.4,7.6,3.4,7.0,49.2,0.1,0.1,80.0,0.7,0.9,79.7,2.0,4.5,6.5,0.9,0.5,0.4,0.8,11.3
G,145,Ed Pinckney,81,23.7,7.6,2.5,4.7,53.7,0.0,0.0,0.0,2.6,3.1,81.2,3.1,3.9,7.0,0.8,0.9,0.7,0.9,13.2
G,146,Terrell Brandon,82,19.6,7.4,3.1,7.3,41.9,0.0,0.3,4.3,1.2,1.5,80.6,0.6,1.4,2.0,3.9,1.0,0.3,1.7,8.3
F,147,Victor Alexander,80,16.9,7.4,3.0,5.7,52.9,0.0,0.0,0.0,1.3,1.9,69.1,1.3,2.9,4.2,0.4,0.6,0.8,1.1,8.9
G,148,John Bagley,73,23.9,7.2,3.1,6.9,44.1,0.1,0.6,23.8,0.9,1.3,71.6,0.5,1.7,2.2,6.6,0.8,0.1,2.0,10.5
G,149,Elden Campbell,81,23.2,7.1,2.7,6.1,44.8,0.0,0.0,0.0,1.7,2.8,61.9,1.9,3.3,5.2,0.7,0.7,2.0,0.9,10.4
C,150,Jeff Turner,75,21.2,7.1,3.0,6.7,45.1,0.0,0.1,12.5,1.1,1.5,69.3,0.8,2.5,3.3,1.2,0.3,0.2,1.4,6.6
F,151,John Paxson,79,24.6,7.0,3.3,6.2,52.8,0.2,0.6,27.3,0.4,0.5,78.4,0.3,0.9,1.2,3.1,0.6,0.1,0.6,8.5
F,152,Anthony Mason,82,26.8,7.0,2.5,4.9,50.9,0.0,0.0,0.0,2.0,3.2,64.2,2.6,4.4,7.0,1.3,0.6,0.2,1.2,11.3
F,153,Stacey King,79,16.1,7.0,2.7,5.4,50.6,0.0,0.1,40.0,1.5,2.0,75.3,1.1,1.5,2.6,1.0,0.3,0.3,1.0,7.0
F-C,154,Charles Shackleford,72,19.4,6.6,2.8,5.9,48.6,0.0,0.0,0.0,0.9,1.3,66.3,2.0,3.8,5.8,0.6,0.5,0.7,0.9,9.9
G,155,Matt Bullard,80,16.0,6.4,2.6,5.6,45.9,0.8,2.1,38.6,0.5,0.6,76.0,0.9,1.9,2.8,0.9,0.3,0.3,0.7,6.8
G,156,Vincent Askew,80,18.7,6.2,2.4,4.7,50.9,0.0,0.1,10.0,1.4,2.0,69.4,1.1,1.8,2.9,2.4,0.6,0.3,1.1,8.4
F,157,Charles Oakley,82,28.2,6.2,2.6,4.9,52.2,0.0,0.0,0.0,1.0,1.4,73.5,3.1,5.4,8.5,1.6,0.8,0.2,1.5,13.1
G,158,Mark West,82,17.5,6.1,2.4,3.8,63.2,0.0,0.0,0.0,1.3,2.1,63.7,1.6,2.9,4.5,0.3,0.2,1.0,1.0,8.9
G-F,159,Alaa Abdelnaby,71,13.2,6.1,2.5,5.1,49.3,0.0,0.0,0.0,1.1,1.4,75.2,1.1,2.5,3.7,0.4,0.4,0.2,0.9,6.9
C,160,Nate McMillan,72,22.9,6.0,2.5,5.6,43.7,0.4,1.4,27.6,0.8,1.2,64.3,1.3,2.2,3.5,5.0,1.8,0.4,1.6,11.6
C-F,161,Tate George,70,14.8,6.0,2.4,5.5,42.7,0.0,0.1,16.7,1.2,1.5,82.1,0.5,1.0,1.5,2.3,0.6,0.0,1.2,5.8
G,162,Rafael Addison,76,15.5,5.8,2.5,5.7,43.3,0.2,0.6,28.6,0.7,1.0,73.7,0.9,1.3,2.2,0.9,0.4,0.4,0.6,5.6
F-G,163,Brad Lohaus,70,15.4,5.8,2.3,5.1,45.0,0.8,2.1,39.6,0.4,0.6,65.9,0.9,2.6,3.6,1.1,0.6,1.0,0.7,8.3
C,164,David Benoit,77,15.1,5.6,2.3,4.9,46.7,0.0,0.2,21.4,1.1,1.3,81.0,1.4,2.5,3.8,0.4,0.2,0.6,0.9,7.0
G-F,165,Chris Dudley,82,23.2,5.6,2.3,5.8,40.3,0.0,0.0,0.0,1.0,2.1,46.8,4.2,4.8,9.0,0.7,0.5,2.2,1.0,12.5
F,166,Greg Anthony,82,18.4,5.5,2.0,5.3,37.0,0.1,0.7,14.5,1.4,1.9,74.1,0.4,1.3,1.7,3.8,0.7,0.1,1.2,6.7
G,167,Alec Kessler,77,15.5,5.3,2.1,5.0,41.3,0.0,0.0,0.0,1.2,1.5,81.7,1.5,2.6,4.1,0.4,0.2,0.4,0.8,6.5
F-G,168,Darrell Walker,74,20.8,5.2,2.2,5.1,42.3,0.0,0.1,0.0,0.9,1.4,61.9,1.1,2.1,3.2,2.8,0.9,0.2,1.1,7.7
C,169,Scott Brooks,82,13.2,5.1,2.0,4.6,44.7,0.4,1.1,35.6,0.6,0.8,81.0,0.3,0.9,1.2,2.5,0.8,0.1,0.6,6.4
G,170,LaSalle Thompson,80,16.2,4.9,2.1,4.5,46.8,0.0,0.0,0.0,0.7,0.9,81.7,1.2,3.5,4.8,1.3,0.7,0.4,1.2,8.3
G,171,Joe Kleine,70,14.2,4.7,2.1,4.2,49.1,0.1,0.1,50.0,0.5,0.7,70.8,1.3,2.9,4.2,0.5,0.3,0.2,0.4,7.2
G,172,Robert Pack,72,12.4,4.6,1.6,3.8,42.3,0.0,0.1,0.0,1.4,1.8,80.3,0.4,0.9,1.3,1.9,0.6,0.1,1.3,4.7
G,173,Sidney Green,80,14.1,4.6,1.8,4.3,42.7,0.0,0.0,0.0,0.9,1.1,82.0,1.2,3.1,4.3,0.5,0.4,0.1,0.8,6.4
F,174,Will Perdue,77,13.1,4.5,2.0,3.6,54.7,0.0,0.0,50.0,0.6,1.2,49.5,1.4,2.6,4.1,1.0,0.2,0.6,0.9,7.2
F,175,Andre Turner,70,12.4,4.1,1.6,3.7,42.5,0.0,0.2,6.3,0.9,1.1,79.2,0.2,1.0,1.3,2.5,0.8,0.0,1.2,5.1
G,176,Cliff Levingston,79,12.9,3.9,1.6,3.2,49.8,0.0,0.1,16.7,0.8,1.2,62.5,1.4,1.5,2.9,0.8,0.3,0.6,0.5,6.0
F,177,Lester Conner,81,17.5,3.5,1.3,3.0,43.1,0.0,0.1,0.0,1.0,1.4,70.4,0.8,1.5,2.3,3.6,1.2,0.1,1.0,7.7
F,178,Mark Eaton,81,25.0,3.3,1.3,3.0,44.6,0.0,0.0,0.0,0.6,1.1,59.8,1.9,4.2,6.1,0.5,0.4,2.5,0.7,10.0
F,179,Greg Kite,72,20.5,3.2,1.3,3.0,43.7,0.0,0.0,0.0,0.6,0.9,58.8,2.2,3.4,5.6,0.6,0.4,0.8,0.8,7.7
F,180,Jon Koncak,77,19.3,3.1,1.4,3.7,39.1,0.0,0.2,0.0,0.2,0.4,65.5,0.8,2.6,3.4,1.7,0.6,0.9,0.7,6.7
F,181,Manute Bol,71,17.8,1.5,0.7,1.8,38.3,0.0,0.1,0.0,0.2,0.4,46.2,0.8,2.4,3.1,0.3,0.2,2.9,0.6,6.1
G,182,Charles Jones,75,18.2,1.1,0.4,1.2,36.7,0.0,0.0,0.0,0.3,0.5,50.0,1.4,2.8,4.2,0.8,0.6,1.2,0.5,6.5
