pos,#,player,gp,min,pts,fgm,fga,fg%,3pm,3pa,3p%,ftm,fta,ft%,oreb,dreb,reb,ast,stl,blk,tov,eff
G,1,David Robinson,80,40.5,29.8,10.5,20.7,50.7,0.1,0.4,34.5,8.7,11.6,74.9,3.0,7.7,10.7,4.8,1.7,3.3,3.2,34.0
F-C,2,Shaquille O'Neal,81,39.8,29.3,11.8,19.6,59.9,0.0,0.0,0.0,5.8,10.5,55.4,4.7,8.5,13.2,2.4,0.9,2.9,2.7,33.5
F-G,3,Hakeem Olajuwon,80,41.0,27.3,11.2,21.2,52.8,0.1,0.2,42.1,4.9,6.8,71.6,2.9,9.1,11.9,3.6,1.6,3.7,3.4,32.8
F,4,Dominique Wilkins,74,35.6,26.0,9.4,21.5,44.0,1.1,4.0,28.8,6.0,7.1,84.7,2.5,4.0,6.5,2.3,1.2,0.4,2.3,21.0
G,5,Karl Malone,82,40.6,25.2,9.4,18.9,49.7,0.1,0.4,25.0,6.2,9.0,69.4,2.9,8.6,11.5,4.0,1.5,1.5,2.9,28.6
F,6,Patrick Ewing,79,37.6,24.5,9.4,19.0,49.6,0.1,0.2,28.6,5.6,7.4,76.5,2.8,8.4,11.2,2.3,1.1,2.7,3.3,27.3
G,7,Mitch Richmond,78,37.1,23.4,8.1,18.3,44.5,1.6,4.0,40.7,5.5,6.6,83.4,0.9,2.8,3.7,4.0,1.3,0.2,2.8,18.6
G,8,Scottie Pippen,72,38.3,22.0,8.7,17.8,49.1,0.9,2.7,32.0,3.8,5.7,66.0,2.4,6.3,8.7,5.6,2.9,0.8,3.2,25.9
F,9,Charles Barkley,65,35.4,21.6,8.0,16.1,49.5,0.7,2.7,27.0,4.9,7.0,70.4,3.0,8.1,11.2,4.6,1.6,0.6,3.2,26.1
G,10,Glen Rice,81,37.0,21.1,8.2,17.5,46.7,1.6,4.3,38.2,3.1,3.5,88.0,0.9,4.4,5.4,2.3,1.4,0.4,1.6,19.1
G,11,Latrell Sprewell,82,43.1,21.0,7.5,17.3,43.3,1.7,4.8,36.1,4.3,5.6,77.4,1.0,3.9,4.9,4.7,2.2,0.9,2.8,19.9
C,12,Danny Manning,68,37.1,20.6,8.6,17.7,48.8,0.0,0.3,17.6,3.4,5.0,66.9,1.9,4.9,6.8,3.8,1.5,1.2,3.4,19.8
G,13,Joe Dumars,69,37.6,20.4,7.3,16.2,45.2,1.8,4.6,38.8,4.0,4.8,83.6,0.5,1.7,2.2,3.8,0.9,0.1,2.3,15.4
G,14,Derrick Coleman,77,36.1,20.2,7.0,15.7,44.7,0.5,1.6,31.4,5.7,7.4,77.4,3.4,7.9,11.3,3.4,0.9,1.8,2.7,24.6
G,15,Ron Harper,75,38.1,20.1,7.6,17.8,42.6,0.9,3.1,30.1,4.0,5.6,71.5,1.7,4.4,6.1,4.6,1.9,0.7,3.2,18.4
G,16,Clifford Robinson,82,34.8,20.1,7.8,17.1,45.7,0.2,0.6,24.5,4.3,5.6,76.5,2.0,4.7,6.7,1.9,1.4,1.4,2.1,18.8
F,17,Reggie Miller,79,33.4,19.9,6.6,13.2,50.3,1.6,3.7,42.1,5.1,5.6,90.8,0.4,2.3,2.7,3.1,1.5,0.3,2.2,18.3
F,18,Jim Jackson,82,37.4,19.2,7.8,17.5,44.5,0.2,0.7,28.3,3.5,4.2,82.1,2.1,2.7,4.7,4.6,1.1,0.3,4.1,15.4
G,19,Jamal Mashburn,79,36.7,19.2,7.1,17.5,40.6,1.1,3.8,28.4,3.9,5.5,69.9,1.4,3.1,4.5,3.4,1.1,0.2,3.1,13.1
C,20,Kevin Willis,80,35.8,19.1,7.8,15.7,49.9,0.1,0.3,37.5,3.4,4.7,71.3,4.2,7.9,12.0,1.9,1.0,0.5,2.4,22.9
G,21,Kenny Anderson,82,38.2,18.8,7.0,16.8,41.7,0.5,1.6,30.3,4.2,5.2,81.8,1.1,2.8,3.9,9.6,1.9,0.2,3.2,20.4
F,22,Clar. Weatherspoon,82,38.4,18.4,7.3,15.2,48.3,0.0,0.2,23.5,3.6,5.2,69.3,3.1,7.0,10.1,2.3,1.2,1.4,2.4,21.6
G,23,Don MacLean,75,33.2,18.2,6.9,13.7,50.2,0.0,0.3,14.3,4.4,5.3,82.4,1.9,4.4,6.2,2.1,0.6,0.3,2.0,17.7
F,24,Shawn Kemp,79,32.9,18.1,6.7,12.5,53.8,0.0,0.1,25.0,4.6,6.2,74.1,3.9,6.8,10.8,2.6,1.8,2.1,3.3,24.7
G,25,Mahmoud Abdul-Rauf,80,32.7,18.0,7.4,16.0,46.0,0.5,1.7,31.6,2.7,2.9,95.6,0.3,1.8,2.1,4.5,1.0,0.1,1.9,15.1
G,26,Chris Webber,76,32.1,17.5,7.5,13.6,55.2,0.0,0.2,0.0,2.5,4.7,53.2,4.0,5.1,9.1,3.6,1.2,2.2,2.7,22.6
F,27,Mark Price,76,31.4,17.3,6.3,13.2,47.8,1.6,3.9,39.7,3.1,3.5,88.8,0.5,2.5,3.0,7.8,1.4,0.1,2.5,19.8
G,28,Terry Mills,80,34.7,17.3,7.4,14.4,51.1,0.3,0.9,32.9,2.3,2.8,79.7,2.4,6.0,8.4,2.2,0.8,0.8,1.9,19.9
F,29,Steven Smith,78,35.6,17.3,6.3,13.8,45.6,1.2,3.4,34.7,3.5,4.2,83.5,2.0,2.5,4.5,5.1,1.1,0.4,2.6,17.6
C,30,Rod Strickland,82,35.2,17.2,6.4,13.3,48.3,0.0,0.1,20.0,4.3,5.7,74.9,1.5,3.0,4.5,9.0,1.8,0.3,3.1,21.4
G,31,Tom Gugliotta,78,35.8,17.1,6.9,14.9,46.6,0.5,1.9,27.0,2.7,4.0,68.5,2.4,6.9,9.3,3.5,2.2,0.7,3.2,20.5
G,32,Christian Laettner,70,34.7,16.8,5.7,12.6,44.8,0.1,0.4,24.0,5.4,6.8,78.3,2.3,6.3,8.6,4.4,1.2,1.2,3.7,20.1
G-F,33,Wayman Tisdale,79,32.4,16.7,7.0,13.9,50.1,0.0,0.0,0.0,2.7,3.4,80.8,2.0,5.1,7.1,1.8,0.5,0.7,1.6,17.5
F,34,Isaiah Rider,79,30.6,16.6,6.6,14.1,46.8,0.7,1.9,36.0,2.7,3.4,81.1,1.5,2.5,4.0,2.6,0.7,0.4,2.8,13.3
F,35,Dan Majerle,80,40.1,16.5,6.0,14.2,41.8,2.4,6.3,38.2,2.2,3.0,73.9,1.5,2.9,4.4,3.4,1.6,0.5,1.7,15.7
C-F,36,Gary Payton,82,35.1,16.5,7.1,14.1,50.4,0.2,0.7,27.8,2.0,3.4,59.5,1.3,2.0,3.3,6.0,2.3,0.2,2.1,17.8
G,37,Jeff Malone,77,33.2,16.4,6.8,14.0,48.6,0.1,0.2,58.3,2.7,3.2,83.0,0.7,1.9,2.6,1.6,0.5,0.1,1.1,12.3
F-G,38,Dell Curry,82,26.5,16.3,6.5,14.3,45.5,1.9,4.6,40.2,1.4,1.6,87.3,0.9,2.3,3.2,2.7,1.2,0.3,1.5,14.2
G,39,Anfernee Hardaway,82,36.8,16.0,6.2,13.3,46.6,0.6,2.3,26.7,3.0,4.0,74.2,2.3,3.0,5.4,6.6,2.3,0.6,3.6,19.2
C,40,Jeff Hornacek,80,35.3,15.9,5.9,12.6,47.0,0.9,2.6,33.7,3.3,3.7,87.8,0.8,2.7,3.5,5.2,1.6,0.2,2.1,17.2
G-F,41,Nick Anderson,81,34.7,15.8,6.2,13.0,47.8,1.2,3.9,32.2,2.1,3.1,67.2,1.4,4.5,5.9,3.6,1.7,0.4,2.0,17.5
G,42,Rik Smits,78,27.1,15.7,6.3,11.8,53.4,0.0,0.0,0.0,3.1,3.8,79.3,1.7,4.5,6.2,2.0,0.6,1.1,1.9,17.3
C,43,Dee Brown,77,37.2,15.5,6.4,13.3,48.0,0.4,1.2,31.3,2.4,2.8,83.1,0.8,3.1,3.9,4.5,2.0,0.6,1.6,17.5
F-C,44,LaPhonso Ellis,79,34.2,15.4,6.1,12.2,50.2,0.1,0.3,30.4,3.1,4.5,67.4,2.8,5.8,8.6,2.1,0.8,1.0,2.2,18.2
F,45,Eric Murdock,82,30.9,15.3,5.8,12.4,46.8,0.8,2.0,41.1,2.9,3.5,81.3,1.1,2.1,3.2,6.7,2.4,0.1,2.5,17.9
F,46,Dale Ellis,77,33.6,15.2,6.2,12.6,49.4,1.7,4.3,39.5,1.1,1.4,77.6,0.9,2.4,3.3,1.0,0.9,0.1,1.0,12.9
G,47,Rony Seikaly,72,33.5,15.1,5.4,11.2,48.8,0.0,0.0,0.0,4.2,5.9,72.0,3.4,6.9,10.3,1.9,0.8,1.4,2.7,19.4
F-G,48,Dino Radja,80,28.8,15.1,6.1,11.8,52.1,0.0,0.0,0.0,2.8,3.8,75.1,2.4,4.8,7.2,1.4,0.9,0.8,1.9,17.0
G-F,48,Horace Grant,70,36.7,15.1,6.6,12.5,52.4,0.0,0.1,0.0,2.0,3.3,59.6,4.4,6.6,11.0,3.4,1.1,1.2,1.6,22.9
F-G,50,John Stockton,82,36.2,15.1,5.6,10.6,52.8,0.6,1.8,32.2,3.3,4.1,80.5,0.9,2.3,3.1,12.6,2.4,0.3,3.2,24.4
G,51,Lionel Simmons,75,36.0,15.1,5.8,13.3,43.8,0.1,0.2,35.3,3.3,4.3,77.7,2.2,5.3,7.5,4.1,1.4,0.7,2.4,17.8
G,52,Billy Owens,79,34.7,15.0,6.2,12.3,50.7,0.0,0.2,20.0,2.5,4.1,61.0,2.9,5.2,8.1,4.1,1.1,0.8,2.7,18.7
F,53,Detlef Schrempf,81,33.7,15.0,5.5,11.1,49.3,0.3,0.8,32.4,3.7,4.8,76.9,1.8,3.8,5.6,3.4,0.9,0.1,2.1,16.1
C,54,B.J. Armstrong,82,33.8,14.8,5.8,12.3,47.6,0.7,1.6,44.4,2.4,2.8,85.5,0.3,1.7,2.1,3.9,1.0,0.1,1.6,13.4
F,54,Stacey Augmon,82,31.8,14.8,5.4,10.5,51.0,0.0,0.1,14.3,4.1,5.3,76.4,2.2,2.6,4.8,2.3,1.8,0.5,1.8,16.0
G,56,A.C. Green,82,34.5,14.7,5.7,11.3,50.2,0.1,0.4,22.9,3.2,4.4,73.5,3.4,5.8,9.2,1.7,0.9,0.5,1.2,18.8
G-F,57,Doug West,72,30.3,14.7,6.0,12.4,48.7,0.0,0.1,12.5,2.6,3.2,81.0,0.8,2.4,3.2,2.4,0.9,0.3,1.9,12.6
F,58,Hersey Hawkins,82,32.3,14.4,4.8,10.5,46.0,1.0,2.9,33.2,3.8,4.4,86.2,1.1,3.5,4.6,2.6,1.6,0.3,1.9,15.3
F,59,Gerald Wilkins,82,33.8,14.3,5.4,11.9,45.7,1.0,2.6,39.6,2.4,3.0,77.6,1.3,2.4,3.7,3.1,1.3,0.5,1.6,14.1
C,60,Vlade Divac,79,34.0,14.2,5.7,11.3,50.6,0.1,0.6,19.1,2.6,3.8,68.6,3.6,7.2,10.8,3.9,1.2,1.4,2.4,22.2
F,61,Kendall Gill,79,30.8,14.1,5.4,12.3,44.3,0.5,1.5,31.7,2.7,3.5,78.2,1.2,2.2,3.4,3.5,1.9,0.4,1.8,13.8
G,62,Otis Thorpe,82,35.5,14.0,5.5,9.8,56.1,0.0,0.0,0.0,3.1,4.7,65.7,3.3,7.3,10.6,2.3,0.8,0.3,2.3,19.9
F,63,Kevin Edwards,82,33.3,14.0,5.7,12.5,45.8,0.4,1.2,35.4,2.0,2.6,77.0,1.1,2.3,3.4,2.8,1.5,0.4,1.6,13.0
F,64,Mookie Blaylock,81,36.0,13.8,5.5,13.3,41.1,1.4,4.2,33.4,1.4,2.0,73.0,1.4,3.8,5.2,9.7,2.6,0.5,2.4,21.1
C,65,Hot Rod Williams,76,35.0,13.7,5.2,10.9,47.8,0.0,0.0,0.0,3.3,4.6,72.8,2.7,4.8,7.6,2.5,1.0,1.7,1.8,17.8
G,66,Micheal Williams,71,31.1,13.7,4.4,9.7,45.7,0.1,0.6,22.2,4.7,5.6,83.9,0.9,2.2,3.1,7.2,1.7,0.3,2.9,17.0
F,67,Vernon Maxwell,75,34.3,13.6,5.1,13.0,38.9,1.6,5.4,29.8,1.9,2.5,74.9,0.6,2.5,3.1,5.1,1.7,0.3,2.5,12.6
C,68,Nick Van Exel,81,33.3,13.6,5.1,13.0,39.4,1.5,4.5,33.8,1.9,2.4,78.1,0.6,2.4,2.9,5.8,1.0,0.1,1.8,13.2
F,69,Vin Baker,82,31.2,13.5,5.3,10.6,50.1,0.0,0.1,20.0,2.9,5.0,56.9,3.4,4.2,7.6,2.0,0.7,1.4,2.0,15.7
C,70,Sherman Douglas,78,35.8,13.3,5.4,11.8,46.2,0.2,0.7,23.2,2.3,3.5,64.1,0.9,1.6,2.5,8.8,1.1,0.1,3.0,15.3
G,71,Dana Barros,81,31.1,13.3,5.1,10.8,46.9,1.7,4.4,38.1,1.4,1.8,80.0,0.3,2.1,2.4,5.2,1.3,0.1,2.1,14.1
G,72,Frank Brickowski,71,29.5,13.2,5.2,10.6,48.8,0.1,0.3,20.0,2.7,3.6,76.8,1.2,4.5,5.7,3.1,1.1,0.4,2.5,14.7
F,73,Terry Porter,77,26.9,13.1,4.5,10.9,41.6,1.4,3.7,39.0,2.6,3.0,87.2,0.6,2.2,2.8,5.2,1.0,0.2,2.2,13.5
F,74,Reggie Williams,82,32.4,13.0,5.1,12.4,41.2,0.8,2.8,27.8,2.0,2.7,73.3,1.2,3.6,4.8,3.7,1.4,0.8,2.0,13.7
F,75,Dennis Scott,82,27.8,12.8,4.7,11.6,40.5,1.9,4.7,39.9,1.5,1.9,77.4,0.7,2.0,2.7,2.6,1.0,0.4,1.1,11.0
G-F,76,Spud Webb,79,32.5,12.7,4.7,10.3,46.0,0.7,2.1,33.5,2.6,3.2,81.3,0.6,2.3,2.8,6.7,1.2,0.3,2.1,15.4
G-F,77,Todd Day,76,28.0,12.7,4.6,11.1,41.5,0.4,1.9,22.3,3.0,4.4,69.8,1.5,2.6,4.1,1.8,1.4,0.7,1.7,11.1
G,78,Orlando Woolridge,74,26.4,12.7,4.9,10.4,47.1,0.0,0.2,7.1,2.8,4.1,68.9,1.4,2.6,4.0,1.9,0.6,0.8,1.9,11.2
F,79,Bryant Stith,82,34.8,12.5,4.5,9.9,45.0,0.0,0.1,22.2,3.5,4.3,82.9,1.5,2.8,4.3,2.4,1.4,0.2,1.6,13.0
C,80,Sam Perkins,81,26.8,12.3,4.2,9.6,43.8,1.2,3.3,36.7,2.7,3.4,80.1,1.5,3.0,4.5,1.4,0.8,0.4,1.3,12.1
G,81,Elden Campbell,76,29.6,12.3,4.9,10.6,46.2,0.0,0.0,0.0,2.5,3.6,68.9,2.2,4.6,6.8,1.1,0.8,1.9,1.3,14.9
F-C,82,Michael Adams,70,33.4,12.1,4.1,10.0,40.8,0.8,2.7,28.8,3.2,3.9,83.0,0.5,2.1,2.6,6.9,1.4,0.1,2.4,14.1
G,83,Sean Elliott,73,33.0,12.1,4.9,10.8,45.5,0.4,1.2,29.9,1.9,2.4,80.3,0.9,2.7,3.6,2.7,0.7,0.4,1.8,11.4
F,84,Dikembe Mutombo,82,34.8,12.0,4.5,7.8,56.9,0.0,0.0,0.0,3.1,5.4,58.3,3.5,8.4,11.8,1.5,0.7,4.1,2.5,22.1
C,85,Derrick McKey,76,34.4,12.0,4.7,9.3,50.0,0.1,0.4,29.0,2.5,3.3,75.6,1.7,3.6,5.3,4.3,1.5,0.6,3.0,15.2
C,86,Ken Norman,82,31.0,11.9,5.0,11.2,44.8,0.8,2.3,33.3,1.1,2.2,50.3,2.1,4.0,6.1,2.7,0.7,0.6,1.8,12.9
G-F,87,Willie Anderson,80,31.1,11.9,4.9,10.5,47.1,0.3,0.9,32.4,1.8,2.1,84.8,0.9,2.2,3.0,4.3,0.9,0.6,1.9,13.0
F,88,Sedale Threatt,81,28.1,11.9,5.1,10.5,48.2,0.1,0.4,15.2,1.7,1.9,89.0,0.3,1.5,1.9,4.2,1.4,0.2,1.3,12.7
G,89,Armen Gilliam,82,24.0,11.8,4.2,8.3,51.0,0.0,0.0,0.0,3.3,4.4,75.9,2.4,3.7,6.1,0.8,0.5,0.7,1.3,13.5
C,90,Charles Oakley,82,35.8,11.8,4.4,9.3,47.8,0.0,0.0,0.0,3.0,3.8,77.6,4.3,7.5,11.8,2.7,1.3,0.2,2.4,19.8
G,91,Robert Parish,74,26.9,11.7,4.8,9.8,49.1,0.0,0.0,0.0,2.1,2.8,74.0,1.9,5.4,7.3,1.1,0.6,1.3,1.5,14.8
F-G,92,Loy Vaught,75,28.2,11.7,5.0,9.3,53.7,0.0,0.1,0.0,1.7,2.4,72.0,2.9,5.8,8.7,1.0,1.0,0.3,1.3,16.5
G,93,Blue Edwards,82,28.3,11.6,4.7,9.8,47.8,0.5,1.3,35.8,1.8,2.3,79.9,1.3,2.7,4.0,2.1,1.0,0.3,1.8,11.7
F-C,94,Kenny Smith,78,28.3,11.6,4.4,9.1,48.0,1.1,2.8,40.5,1.7,2.0,87.1,0.3,1.5,1.8,4.2,0.8,0.1,1.6,11.8
F,95,Chuck Person,77,26.4,11.6,4.6,10.9,42.2,1.3,3.5,36.8,1.1,1.4,75.9,0.7,2.6,3.3,2.4,0.6,0.2,1.6,9.8
G,96,Kevin Gamble,75,25.1,11.5,4.9,10.7,45.8,0.3,1.4,24.3,1.4,1.7,81.7,0.5,1.6,2.1,2.0,0.8,0.3,1.0,9.5
G-F,97,Eddie Johnson,73,20.0,11.5,4.6,10.1,45.9,0.8,2.1,39.3,1.4,1.7,78.0,1.1,2.0,3.1,1.7,0.5,0.1,1.2,9.8
C,98,Xavier McDaniel,82,24.0,11.3,4.7,10.2,46.1,0.1,0.5,24.4,1.8,2.6,67.6,1.7,3.1,4.9,1.5,0.6,0.5,1.4,11.0
G-F,99,Tom Chambers,80,23.0,11.2,4.1,9.4,44.0,0.2,0.6,31.1,2.8,3.5,78.6,1.1,3.0,4.1,1.0,0.5,0.4,1.1,10.0
C-F,100,Mark Jackson,79,34.3,10.9,4.2,9.3,45.2,0.5,1.6,28.3,2.1,2.7,79.1,1.4,3.1,4.4,8.6,1.5,0.1,2.9,17.0
G,101,Avery Johnson,82,28.4,10.9,4.3,8.8,49.2,0.0,0.1,0.0,2.2,3.1,70.4,0.5,1.6,2.1,5.3,1.4,0.1,2.1,12.3
C,102,Toni Kukoc,75,24.1,10.9,4.2,9.7,43.1,0.4,1.6,27.1,2.1,2.8,74.3,1.3,2.7,4.0,3.4,1.1,0.4,2.2,11.2
F,103,Muggsy Bogues,77,35.7,10.8,4.6,9.8,47.1,0.0,0.2,16.7,1.6,2.0,80.6,1.0,3.1,4.1,10.1,1.7,0.0,2.2,19.0
F,104,Rick Fox,82,25.6,10.8,4.1,8.9,46.7,0.4,1.2,33.0,2.1,2.8,75.7,1.3,3.0,4.3,2.6,1.0,0.6,1.9,12.1
F-G,105,Harvey Grant,77,27.4,10.4,4.6,10.1,46.0,0.0,0.1,28.6,1.1,1.7,64.1,1.4,3.1,4.6,1.4,0.9,0.6,0.7,11.1
G,106,Lindsey Hunter,82,26.5,10.3,4.1,10.9,37.5,0.8,2.5,33.3,1.3,1.7,73.2,0.6,1.7,2.3,4.8,1.5,0.1,2.2,9.4
G,107,Johnny Newman,81,21.0,10.3,3.9,8.2,47.1,0.3,1.1,26.7,2.2,2.8,80.9,1.1,1.2,2.2,0.9,0.9,0.3,1.1,8.6
C-F,108,James Worthy,80,20.0,10.2,4.3,10.5,40.6,0.4,1.4,28.8,1.3,1.7,74.1,0.6,1.7,2.3,1.9,0.6,0.2,1.2,7.3
G,109,Vinny Del Negro,77,25.3,10.0,4.0,8.2,48.7,0.2,0.6,34.9,1.8,2.2,82.4,0.4,1.7,2.1,4.2,0.8,0.0,1.3,11.2
G,110,Craig Ehlo,82,26.2,10.0,3.9,8.6,44.6,0.9,2.7,34.8,1.4,1.9,72.7,0.9,2.5,3.4,3.3,1.7,0.3,1.6,11.8
G-F,111,Scott Skiles,82,28.1,9.9,3.4,7.9,42.9,0.8,2.0,41.2,2.4,2.7,87.8,0.5,1.8,2.3,6.1,0.6,0.0,2.4,11.8
F,112,Robert Horry,81,29.3,9.9,4.0,8.7,45.9,0.5,1.7,32.4,1.4,1.9,73.2,1.6,3.9,5.4,2.9,1.5,0.9,1.7,13.7
F-C,113,Buck Williams,81,32.5,9.7,3.6,6.5,55.5,0.0,0.0,0.0,2.5,3.7,67.9,3.9,6.5,10.4,1.0,0.7,0.6,1.4,16.9
F,114,Derek Harper,82,26.9,9.6,3.7,9.1,40.7,0.9,2.5,36.0,1.4,2.0,68.7,0.2,1.5,1.7,4.1,1.5,0.1,1.6,9.4
G,115,George Lynch,71,24.8,9.6,4.1,8.1,50.8,0.0,0.1,0.0,1.4,2.3,59.6,3.1,2.7,5.8,1.4,1.4,0.4,1.2,12.4
G-F,116,Chris Mills,79,25.6,9.4,3.6,8.6,41.9,0.5,1.5,31.1,1.7,2.2,77.8,1.7,3.4,5.1,1.6,0.7,0.6,1.1,10.8
G,117,Benoit Benjamin,77,23.6,9.3,3.7,7.6,48.0,0.0,0.0,0.0,2.0,2.8,71.0,1.8,4.7,6.5,0.6,0.5,1.2,1.3,12.0
F-C,118,Vincent Askew,80,21.1,9.1,3.4,7.1,48.1,0.1,0.4,19.4,2.2,2.6,82.9,0.8,1.6,2.3,2.4,0.9,0.2,0.9,10.0
F,119,Brian Shaw,77,26.5,9.0,3.6,8.7,41.7,0.9,2.8,33.8,0.8,1.2,71.9,1.4,3.2,4.5,5.0,0.9,0.3,2.2,12.1
F,120,Tim Perry,80,29.2,9.0,3.4,7.8,43.5,0.9,2.5,36.5,1.3,2.2,58.0,1.5,3.6,5.1,1.2,0.8,1.0,1.0,10.7
F,121,J.R. Reid,70,19.2,9.0,3.7,7.6,49.1,0.0,0.0,0.0,1.5,2.2,69.9,1.3,1.8,3.1,1.0,0.6,0.4,1.2,8.4
G,122,Elmore Spencer,76,25.4,8.9,3.8,7.1,53.3,0.0,0.0,0.0,1.3,2.1,59.9,1.3,4.2,5.5,1.0,0.4,1.7,2.2,11.0
F-C,123,Tony Smith,73,22.2,8.8,3.7,8.5,44.1,0.2,0.7,32.0,1.2,1.6,71.4,1.5,1.2,2.7,2.0,0.8,0.2,1.0,8.3
G,124,Doug Smith,79,21.3,8.8,3.7,8.6,43.5,0.0,0.1,22.2,1.3,1.6,83.5,1.4,3.0,4.4,1.5,1.0,0.5,1.2,10.0
F-G,125,Steve Kerr,82,24.8,8.6,3.5,7.0,49.7,0.6,1.5,41.9,1.0,1.2,85.6,0.3,1.3,1.6,2.6,0.9,0.0,0.7,9.4
F,126,Felton Spencer,79,28.0,8.6,3.2,6.4,50.5,0.0,0.0,0.0,2.1,3.4,60.7,3.0,5.4,8.3,0.5,0.5,0.8,1.6,12.7
F-G,127,Allan Houston,79,19.2,8.5,3.4,8.5,40.5,0.4,1.5,29.9,1.1,1.4,82.4,0.2,1.3,1.5,1.3,0.4,0.2,1.3,5.3
F-C,128,Bobby Phills,72,21.3,8.3,3.4,7.1,47.1,0.0,0.2,8.3,1.6,2.2,72.0,1.0,2.0,2.9,1.8,0.9,0.2,0.9,8.9
G,129,Tim Legler,79,16.7,8.3,2.9,6.7,43.8,0.7,1.8,37.4,1.8,2.1,84.0,0.5,1.2,1.6,1.5,0.7,0.2,0.8,7.4
G,130,Terrell Brandon,73,21.2,8.3,3.2,7.5,42.0,0.1,0.4,21.9,1.9,2.2,85.8,0.5,1.7,2.2,3.8,1.2,0.2,1.5,9.5
G,131,Chris Gatling,82,15.8,8.2,3.3,5.6,58.8,0.0,0.0,0.0,1.6,2.5,62.0,1.7,3.1,4.8,0.5,0.5,0.8,1.0,10.5
F,132,Rodney Rogers,79,17.8,8.1,3.0,6.9,43.9,0.4,1.2,38.0,1.6,2.4,67.2,1.1,1.7,2.9,1.3,0.8,0.6,1.7,7.3
C,133,Tyrone Corbin,82,26.2,8.0,3.3,7.2,45.6,0.1,0.4,20.7,1.4,1.8,81.3,1.8,2.9,4.7,1.5,1.2,0.3,1.1,10.4
G,134,Bison Dele,80,18.8,8.0,3.1,5.8,54.1,0.0,0.0,0.0,1.7,2.6,64.9,1.7,3.9,5.6,0.6,0.6,1.1,1.3,11.0
F,135,Pete Myers,82,24.8,7.9,3.1,6.8,45.5,0.1,0.4,27.6,1.7,2.4,70.1,0.7,1.5,2.2,3.0,1.0,0.2,1.7,8.3
G,136,Greg Anthony,80,24.9,7.9,2.8,7.1,39.4,0.6,2.0,30.0,1.6,2.1,77.4,0.5,1.8,2.4,4.6,1.4,0.2,1.6,10.0
F-G,137,Bimbo Coles,76,22.7,7.7,3.1,6.8,44.9,0.3,1.3,20.2,1.3,1.7,77.9,0.7,1.4,2.1,3.5,1.0,0.2,1.4,8.9
C,138,Antonio Davis,81,21.4,7.7,2.7,5.2,50.8,0.0,0.0,0.0,2.4,3.7,64.2,2.3,3.9,6.2,0.7,0.6,1.0,1.3,11.0
F,139,Kenny Gattison,77,21.4,7.7,3.0,5.8,52.4,0.0,0.0,0.0,1.6,2.5,64.6,1.4,3.3,4.6,1.2,0.8,0.6,1.0,10.3
F,140,John Salley,76,25.1,7.7,2.7,5.7,47.7,0.0,0.0,66.7,2.2,3.0,72.9,1.7,3.6,5.4,1.8,0.7,1.0,1.2,11.5
F-G,141,Gary Grant,78,19.7,7.5,3.2,7.2,44.9,0.2,0.8,27.4,0.8,1.0,85.5,0.5,1.3,1.8,3.7,1.5,0.2,1.7,8.9
F,142,Jay Humphries,75,21.6,7.5,3.1,7.1,43.6,0.5,1.3,39.6,0.8,1.0,75.0,0.5,1.2,1.7,2.9,0.9,0.1,1.3,7.6
F,143,Donald Royal,74,18.3,7.4,2.4,4.7,50.1,0.0,0.0,0.0,2.7,3.6,74.0,1.3,2.1,3.4,0.8,0.7,0.2,1.0,8.1
F,144,Thurl Bailey,79,16.4,7.4,2.9,5.8,51.0,0.0,0.0,0.0,1.5,1.9,79.9,0.8,1.9,2.7,0.7,0.3,0.7,0.7,7.8
G,145,Matt Geiger,72,16.7,7.2,2.8,4.9,57.4,0.0,0.1,20.0,1.6,2.1,77.9,1.7,2.6,4.2,0.4,0.5,0.4,0.8,9.4
G,146,Anthony Mason,73,26.1,7.2,2.8,5.9,47.6,0.0,0.0,0.0,1.6,2.2,72.0,2.2,3.7,5.8,2.1,0.4,0.1,1.5,10.5
F,147,Bill Wennington,76,18.0,7.1,3.1,6.3,48.8,0.0,0.0,0.0,0.9,1.2,81.8,1.5,3.1,4.6,0.9,0.6,0.4,1.0,9.2
G,148,Duane Ferrell,72,16.0,7.1,2.6,5.3,48.5,0.0,0.1,11.1,2.0,2.6,78.3,0.9,0.9,1.8,0.9,0.6,0.2,0.9,6.5
G,149,Luc Longley,76,19.8,6.9,2.9,6.1,47.1,0.0,0.0,0.0,1.2,1.6,72.0,1.7,4.0,5.7,1.4,0.6,1.0,1.6,10.4
C,150,Mitchell Butler,75,17.6,6.9,2.8,5.6,49.5,0.0,0.1,0.0,1.4,2.4,57.8,1.4,1.6,3.0,1.0,0.7,0.3,1.2,6.9
F,151,Lafayette Lever,81,24.0,6.9,2.8,6.9,40.8,0.3,0.9,35.1,0.9,1.2,76.5,1.0,2.5,3.5,2.6,2.0,0.2,1.1,9.7
F,152,Johnny Dawkins,72,18.7,6.6,2.5,5.9,41.8,0.5,1.5,35.2,1.2,1.4,84.0,0.4,1.3,1.7,3.7,0.9,0.1,1.5,7.7
F,153,Jerome Kersey,78,16.4,6.5,2.6,6.0,43.3,0.0,0.1,12.5,1.3,1.7,74.8,1.7,2.6,4.2,1.0,0.9,0.6,0.8,8.6
F-C,154,Greg Anderson,77,21.1,6.4,2.6,4.8,54.3,0.0,0.0,33.3,1.1,2.0,57.1,2.4,5.0,7.4,0.7,0.7,0.9,1.2,11.8
G,155,Jon Barry,72,17.3,6.2,2.2,5.3,41.4,0.4,1.6,27.8,1.3,1.7,79.5,0.5,1.5,2.0,2.3,1.4,0.2,1.2,7.6
G,156,Andrew Lang,82,19.6,6.1,2.6,5.6,46.9,0.0,0.0,25.0,0.9,1.3,68.9,1.5,2.3,3.8,0.6,0.5,1.1,1.0,7.8
F,157,Nate McMillan,73,25.8,6.0,2.4,5.4,44.7,0.7,1.8,39.1,0.4,0.8,56.4,0.7,3.2,3.9,5.3,3.0,0.3,1.7,13.4
G,158,Pete Chilcutt,76,18.0,5.9,2.7,5.9,45.3,0.0,0.2,20.0,0.5,0.9,63.1,1.7,3.2,4.9,1.1,0.7,0.5,1.0,8.6
G-F,159,Chris Smith,80,20.2,5.9,2.3,5.3,43.5,0.1,0.5,25.6,1.2,1.8,67.4,0.2,1.3,1.5,3.6,0.5,0.2,1.3,6.9
C,160,Popeye Jones,81,21.9,5.8,2.4,5.0,47.9,0.0,0.0,0.0,1.0,1.3,72.9,3.7,3.8,7.5,1.2,0.8,0.4,1.2,11.5
C-F,161,P.J. Brown,79,24.7,5.7,2.1,5.1,41.5,0.0,0.1,16.7,1.5,1.9,75.7,2.4,3.9,6.2,1.2,0.9,1.2,0.9,10.8
G,162,Keith Jennings,76,14.4,5.7,1.8,4.5,40.4,0.7,2.0,37.1,1.3,1.6,83.3,0.2,1.0,1.2,2.9,0.9,0.0,1.0,6.7
F-G,163,Mark Bryant,79,18.2,5.6,2.3,4.9,48.2,0.0,0.0,0.0,0.9,1.3,69.2,1.5,2.5,4.0,0.5,0.4,0.4,0.8,7.1
C,164,Acie Earl,74,15.5,5.5,2.0,5.0,40.6,0.0,0.0,0.0,1.5,2.2,67.5,1.1,2.2,3.3,0.2,0.3,0.7,1.0,5.4
G-F,165,Lucious Harris,77,15.1,5.4,2.1,5.0,42.1,0.1,0.4,21.2,1.1,1.5,73.1,0.6,1.5,2.0,1.4,0.6,0.1,1.0,5.3
F,166,Lee Mayberry,82,18.0,5.3,2.0,4.9,41.5,0.5,1.5,34.5,0.7,1.0,69.0,0.3,0.9,1.2,2.6,0.6,0.0,1.2,5.4
G,167,Anthony Avent,74,18.5,5.3,2.0,5.4,37.7,0.0,0.0,0.0,1.2,1.7,72.4,1.9,2.6,4.6,0.9,0.4,0.4,1.1,6.6
F-G,168,Scott Brooks,73,16.8,5.2,1.9,4.0,49.1,0.3,0.8,37.7,1.0,1.2,87.1,0.1,1.3,1.4,2.0,0.7,0.0,0.8,6.5
C,169,Ed Pinckney,76,20.1,5.2,2.0,3.8,52.2,0.0,0.0,0.0,1.2,1.6,73.6,2.1,4.2,6.3,0.8,0.8,0.6,0.8,10.6
G,170,Anthony Bonner,73,19.2,5.1,2.2,3.9,56.3,0.0,0.0,0.0,0.7,1.4,47.6,2.1,2.7,4.7,1.2,1.0,0.2,1.2,8.6
G,171,Eric Leckner,71,16.4,5.1,2.0,4.0,48.6,0.0,0.0,0.0,1.2,1.8,64.6,1.1,2.9,4.0,1.2,0.3,0.5,1.2,7.1
G,172,Danny Ferry,70,13.8,5.0,2.1,4.8,44.6,0.2,0.7,27.5,0.5,0.6,88.4,0.7,1.3,2.0,1.1,0.4,0.3,0.6,5.5
G,173,Greg Graham,70,12.7,4.8,1.7,4.4,40.0,0.0,0.4,8.0,1.3,1.6,83.6,0.3,0.9,1.2,0.9,0.9,0.1,0.9,4.1
F,174,Sam Mitchell,75,14.5,4.8,1.9,4.1,45.8,0.0,0.1,0.0,1.1,1.5,74.5,0.9,1.6,2.5,0.9,0.4,0.1,0.7,5.5
F,175,Kenny Walker,73,19.1,4.8,1.8,3.8,48.2,0.0,0.0,0.0,1.2,1.7,69.6,1.6,2.3,4.0,0.5,0.4,0.8,0.6,7.3
G,176,Carl Herrera,75,17.2,4.7,1.9,4.1,45.8,0.0,0.0,0.0,0.9,1.3,71.1,1.3,2.5,3.8,0.5,0.4,0.3,0.9,6.2
F,177,Dennis Rodman,79,37.8,4.7,2.0,3.7,53.4,0.1,0.3,20.8,0.7,1.3,52.0,5.7,11.6,17.3,2.3,0.7,0.4,1.7,21.3
F,178,Mark West,82,15.1,4.7,2.0,3.5,56.6,0.0,0.0,0.0,0.7,1.4,50.0,1.4,2.2,3.6,0.4,0.4,1.3,0.9,7.2
F,179,Frank Johnson,70,12.5,4.6,1.9,4.3,44.8,0.0,0.2,16.7,0.8,1.0,78.3,0.4,0.8,1.2,2.1,0.6,0.0,0.9,5.0
F,180,Michael Cage,82,20.8,4.6,2.1,3.8,54.5,0.0,0.0,0.0,0.4,0.9,48.6,2.0,3.4,5.4,0.5,0.9,0.5,0.6,9.1
F,181,Jayson Williams,70,12.5,4.6,1.8,4.2,42.7,0.0,0.0,0.0,1.0,1.7,60.5,1.6,2.2,3.8,0.4,0.2,0.5,0.5,5.9
G,182,Anthony Bowie,70,13.5,4.6,2.0,4.1,48.1,0.0,0.3,5.6,0.6,0.7,83.7,0.4,1.3,1.7,1.5,0.5,0.2,0.8,5.3
F,183,Jon Koncak,82,22.2,4.2,1.9,4.5,43.1,0.0,0.0,0.0,0.3,0.4,66.7,1.0,3.4,4.5,1.2,0.8,1.5,0.5,8.9
G,184,David Wood,78,15.2,4.1,1.5,3.3,45.9,0.3,0.6,44.9,0.8,1.1,75.6,1.3,1.7,3.1,0.7,0.5,0.2,0.4,6.1
G,185,Tom Hammonds,74,11.9,4.1,1.6,3.1,50.0,0.0,0.0,0.0,1.0,1.4,68.3,0.8,1.9,2.7,0.5,0.3,0.2,0.6,5.1
G,186,Joe Kleine,74,11.5,3.9,1.7,3.5,48.8,0.1,0.1,45.5,0.4,0.5,76.9,0.7,1.9,2.6,0.6,0.2,0.3,0.5,5.1
G,187,Mike Brown,82,23.4,3.6,1.4,3.2,42.7,0.0,0.0,0.0,0.9,1.4,65.3,1.5,4.0,5.5,0.9,0.6,0.4,0.9,7.7
F,188,Ennis Whatley,82,12.2,3.6,1.5,2.9,50.8,0.0,0.1,0.0,0.6,0.8,78.8,0.3,0.9,1.2,2.2,0.7,0.0,1.0,5.2
G,189,Tony Bennett,74,13.3,3.4,1.4,3.6,39.9,0.4,1.0,36.0,0.1,0.2,73.3,0.2,1.0,1.2,2.2,0.5,0.0,0.5,4.6
G-F,190,Herb Williams,70,11.1,3.3,1.5,3.3,44.2,0.0,0.0,0.0,0.4,0.6,64.3,0.8,1.8,2.6,0.4,0.3,0.6,0.6,4.6
C-F,191,Byron Houston,71,12.2,2.8,1.1,2.5,45.8,0.0,0.1,14.3,0.5,0.8,61.1,0.9,1.8,2.7,0.5,0.5,0.4,0.7,4.5
