pos,#,player,gp,min,pts,fgm,fga,fg%,3pm,3pa,3p%,ftm,fta,ft%,oreb,dreb,reb,ast,stl,blk,tov,eff
G,1,Shaquille O'Neal,79,37.0,29.3,11.8,20.2,58.3,0.0,0.1,0.0,5.8,10.8,53.3,4.2,7.3,11.4,2.7,0.9,2.4,2.6,30.7
F-C,2,Hakeem Olajuwon,72,39.6,27.8,11.1,21.5,51.7,0.0,0.2,18.8,5.6,7.5,75.6,2.4,8.4,10.8,3.5,1.8,3.4,3.3,31.9
F-G,3,David Robinson,81,38.0,27.6,9.7,18.4,53.0,0.1,0.2,30.0,8.1,10.5,77.4,2.9,7.9,10.8,2.9,1.7,3.2,2.9,32.4
F,4,Karl Malone,82,38.1,26.7,10.1,18.9,53.6,0.1,0.5,26.8,6.3,8.5,74.2,1.9,8.7,10.6,3.5,1.6,1.0,2.9,29.6
G,5,Jamal Mashburn,80,37.3,24.1,8.5,19.6,43.6,1.4,4.3,32.8,5.6,7.6,73.9,1.5,2.7,4.1,3.7,1.0,0.1,2.9,17.1
F,6,Patrick Ewing,79,37.0,23.9,9.2,18.4,50.3,0.1,0.3,28.6,5.3,7.1,75.0,2.0,9.0,11.0,2.7,0.9,2.0,3.2,26.3
G,7,Charles Barkley,68,35.0,23.0,8.1,16.8,48.6,1.1,3.2,33.8,5.6,7.5,74.8,3.0,8.1,11.1,4.1,1.6,0.7,2.2,27.7
G,8,Mitch Richmond,82,38.7,22.8,8.1,18.3,44.6,1.9,5.2,36.8,4.6,5.4,84.3,0.8,3.5,4.4,3.8,1.1,0.4,2.9,18.6
F,9,Glen Rice,82,36.8,22.3,8.1,17.1,47.5,2.3,5.5,41.0,3.8,4.5,85.5,1.2,3.4,4.6,2.3,1.4,0.2,1.9,19.3
G,10,Glenn Robinson,80,37.0,21.9,8.0,17.6,45.1,1.1,3.4,32.1,5.0,6.2,79.6,2.1,4.3,6.4,2.5,1.4,0.3,3.9,17.7
G,11,Clyde Drexler,76,35.9,21.8,7.5,16.3,46.1,1.9,5.4,36.0,4.8,5.8,82.4,2.0,4.3,6.3,4.8,1.8,0.6,2.4,23.0
C,12,Scottie Pippen,79,38.2,21.4,8.0,16.7,48.0,1.4,4.0,34.5,4.0,5.6,71.6,2.2,5.9,8.1,5.2,2.9,1.1,3.4,25.1
G,13,Clifford Robinson,75,36.3,21.3,8.0,17.6,45.2,1.9,5.1,37.1,3.5,5.1,69.4,2.0,3.6,5.6,2.6,1.1,1.1,2.1,18.5
G,14,Alonzo Mourning,77,38.2,21.3,7.4,14.3,51.9,0.1,0.4,32.4,6.4,8.4,76.1,2.6,7.3,9.9,1.4,0.6,2.9,3.1,24.2
G,15,Anfernee Hardaway,77,37.7,20.9,7.6,14.8,51.2,1.1,3.2,34.9,4.6,6.0,76.9,1.8,2.6,4.4,7.2,1.7,0.3,3.4,22.5
G,16,Gary Payton,82,36.8,20.6,8.4,16.4,50.9,0.9,2.8,30.2,3.0,4.2,71.6,1.3,2.1,3.4,7.1,2.5,0.2,2.5,22.1
F,17,Latrell Sprewell,69,40.2,20.6,7.1,17.0,41.8,1.3,4.7,27.6,5.1,6.5,78.1,0.8,2.9,3.7,4.0,1.6,0.7,3.3,16.0
F,18,Dana Barros,82,40.5,20.6,7.0,14.2,49.0,2.4,5.2,46.4,4.2,4.7,89.9,0.3,3.0,3.3,7.5,1.8,0.0,3.0,22.6
G,19,Isaiah Rider,75,35.3,20.4,7.4,16.7,44.7,1.9,5.3,35.1,3.7,4.5,81.7,1.2,2.1,3.3,3.3,0.9,0.3,3.1,15.1
C,20,Grant Hill,70,38.3,19.9,7.3,15.2,47.7,0.1,0.4,14.8,5.3,7.3,73.2,1.8,4.6,6.4,5.0,1.8,0.9,2.9,21.2
G,21,Reggie Miller,81,32.9,19.6,6.2,13.5,46.2,2.4,5.8,41.5,4.7,5.3,89.7,0.4,2.2,2.6,3.0,1.2,0.2,1.9,16.9
F,22,Detlef Schrempf,82,35.2,19.2,6.4,12.2,52.3,1.1,2.2,51.4,5.3,6.4,83.9,1.6,4.5,6.2,3.8,1.1,0.4,2.1,21.7
G,23,Larry Johnson,81,39.9,18.8,7.2,15.0,48.0,1.0,2.6,38.6,3.4,4.4,77.4,2.3,4.9,7.2,4.6,1.0,0.3,2.6,20.5
F,24,Shawn Kemp,82,32.7,18.7,6.6,12.2,54.7,0.0,0.1,28.6,5.3,7.1,74.9,3.9,7.0,10.9,1.8,1.2,1.5,3.2,23.6
G,25,Sean Elliott,81,35.3,18.1,6.2,13.2,46.8,1.7,4.1,40.8,4.0,5.0,80.7,0.8,2.8,3.5,2.5,1.0,0.5,1.9,15.8
G,26,Clar. Weatherspoon,76,39.4,18.1,7.1,16.3,43.9,0.1,0.3,19.0,3.7,5.0,75.1,1.9,5.0,6.9,2.8,1.5,0.9,2.5,17.3
F,27,Rik Smits,78,30.5,17.9,7.2,13.6,52.6,0.0,0.0,0.0,3.6,4.8,75.3,2.5,5.2,7.7,1.4,0.5,1.0,2.4,18.6
G,28,Dominique Wilkins,77,31.5,17.8,6.4,15.2,42.4,1.5,3.8,38.8,3.5,4.4,78.2,2.0,3.2,5.2,2.2,0.8,0.2,2.2,14.2
F,29,Vin Baker,82,41.0,17.7,7.2,15.0,48.3,0.1,0.3,29.2,3.1,5.3,59.3,3.5,6.8,10.3,3.6,1.0,1.4,2.7,21.5
C,30,Kenny Anderson,72,37.3,17.6,5.7,14.3,39.9,1.3,4.1,33.0,4.8,5.8,84.1,1.0,2.5,3.5,9.4,1.4,0.2,3.1,19.5
G,31,Loy Vaught,80,37.1,17.5,7.6,14.8,51.4,0.1,0.4,21.2,2.2,3.1,71.0,3.3,6.4,9.7,1.7,1.3,0.4,2.1,20.4
G,32,Mookie Blaylock,80,38.4,17.2,6.4,15.0,42.5,2.5,6.9,35.9,2.0,2.7,72.9,1.5,3.5,4.9,7.7,2.5,0.3,3.0,20.2
G-F,33,Nick Van Exel,80,36.8,16.9,5.8,13.8,42.0,2.3,6.4,35.8,2.9,3.8,78.3,0.3,2.5,2.8,8.3,1.2,0.1,2.8,17.6
F,34,Calbert Cheaney,78,34.0,16.6,6.6,14.5,45.3,1.2,3.6,33.9,2.2,2.7,81.2,1.3,2.8,4.1,2.3,1.0,0.3,1.9,13.9
F,35,Jeff Hornacek,81,33.3,16.5,6.0,11.6,51.4,1.1,2.7,40.6,3.5,4.0,88.2,0.7,1.9,2.6,4.3,1.6,0.2,1.8,17.3
C-F,36,Walt Williams,77,35.6,16.4,5.8,13.0,44.6,1.3,3.8,34.8,3.5,4.7,73.1,1.3,3.2,4.5,4.1,1.6,0.8,3.2,15.7
G,37,Christian Laettner,81,34.2,16.3,5.6,11.4,48.9,0.2,0.5,32.5,5.0,6.2,81.8,2.0,5.5,7.6,2.9,1.2,1.1,2.8,19.4
F-G,38,Steven Smith,80,33.3,16.3,5.4,12.6,42.6,1.7,5.2,32.9,3.9,4.6,84.1,1.3,2.2,3.5,3.4,0.8,0.4,1.9,14.5
G,39,Todd Day,82,33.1,16.0,5.4,12.8,42.4,2.0,5.1,39.0,3.1,4.2,75.4,1.2,2.8,3.9,1.6,1.3,0.8,1.9,13.3
C,40,Vlade Divac,80,35.1,16.0,6.1,12.0,50.7,0.1,0.7,18.9,3.7,4.8,77.7,3.3,7.1,10.4,4.1,1.4,2.2,2.6,24.5
G-F,41,Mahmoud Abdul-Rauf,73,28.5,16.0,6.5,13.8,47.0,1.1,2.9,38.6,1.9,2.1,88.5,0.4,1.4,1.9,3.6,1.1,0.1,1.6,13.4
G,42,Nick Anderson,76,34.1,15.8,5.8,12.1,47.6,2.4,5.7,41.5,1.9,2.7,70.4,1.1,3.3,4.4,4.1,1.6,0.3,1.9,17.3
C,43,Toni Kukoc,81,31.9,15.7,6.0,11.9,50.4,0.8,2.4,31.3,2.9,3.9,74.8,1.9,3.5,5.4,4.6,1.3,0.2,2.0,18.2
F-C,44,Dee Brown,79,35.3,15.6,5.5,12.4,44.7,1.6,4.1,38.5,3.0,3.5,85.2,0.8,2.4,3.2,3.8,1.4,0.6,1.8,15.4
F,45,Dan Majerle,82,37.7,15.6,5.3,12.6,42.5,2.4,6.7,36.3,2.5,3.4,73.0,1.3,3.3,4.6,4.1,1.2,0.5,1.3,16.5
F,46,Terry Mills,72,34.9,15.5,5.8,13.0,44.7,1.5,4.0,38.2,2.4,3.0,79.9,1.7,6.0,7.8,2.2,0.9,0.5,2.0,17.1
G,47,John Starks,80,34.1,15.3,5.2,13.3,39.5,2.7,7.6,35.5,2.1,2.9,73.7,0.4,2.3,2.7,5.1,1.2,0.1,2.0,13.6
F-G,48,Armen Gilliam,82,30.1,14.8,5.5,11.0,50.3,0.0,0.0,0.0,3.7,4.8,77.0,2.3,5.1,7.5,1.2,0.8,1.1,1.9,16.9
G-F,49,John Stockton,82,35.0,14.7,5.2,9.6,54.2,1.2,2.8,44.9,3.0,3.7,80.4,0.7,2.4,3.1,12.3,2.4,0.3,3.3,24.3
F-G,50,Allan Houston,76,26.3,14.5,5.2,11.3,46.3,2.1,4.9,42.4,1.9,2.3,86.0,0.4,1.8,2.2,2.2,0.8,0.2,1.5,12.0
G,51,Billy Owens,70,32.8,14.3,5.8,11.7,49.1,0.0,0.3,9.1,2.8,4.5,62.0,2.9,4.3,7.2,3.5,1.1,0.4,2.9,16.0
G,52,Hersey Hawkins,82,33.3,14.3,4.8,9.9,48.2,1.6,3.6,44.0,3.2,3.7,86.7,0.7,3.1,3.8,3.2,1.5,0.2,1.8,15.6
F,53,Lamond Murray,81,31.6,14.1,5.4,13.5,40.2,0.8,2.7,29.8,2.5,3.3,75.4,1.6,2.7,4.4,1.6,0.9,0.7,2.0,10.8
C,54,B.J. Armstrong,82,31.4,14.0,5.1,10.9,46.8,1.3,3.1,42.7,2.5,2.8,88.4,0.3,2.0,2.3,3.0,1.0,0.1,1.3,13.0
F,55,Stacey Augmon,76,31.1,13.9,5.2,11.5,45.3,0.1,0.3,26.9,3.3,4.6,72.8,2.1,2.8,4.8,2.6,1.3,0.6,2.0,13.7
G,56,Tyrone Hill,70,34.2,13.8,5.0,9.9,50.4,0.0,0.0,0.0,3.8,5.7,66.2,3.8,7.1,10.9,0.8,0.8,0.6,2.2,17.9
G-F,57,Kendall Gill,73,29.1,13.7,5.4,11.8,45.7,0.9,2.3,36.8,2.1,2.9,74.2,1.4,2.6,4.0,2.6,1.6,0.4,1.9,13.3
F,58,Avery Johnson,82,36.7,13.4,5.5,10.5,51.9,0.0,0.3,13.6,2.5,3.6,68.5,0.6,1.9,2.5,8.2,1.4,0.2,2.5,17.0
F,59,Reggie Williams,74,29.7,13.4,5.2,11.4,45.9,1.1,3.6,32.0,1.8,2.4,75.9,1.3,3.2,4.4,3.1,1.5,0.9,1.7,15.0
C,60,Otis Thorpe,70,29.9,13.4,5.5,9.7,56.5,0.0,0.1,0.0,2.4,4.0,59.4,2.9,5.1,8.0,1.6,0.6,0.4,1.9,16.2
F,61,Chris Morris,71,30.0,13.4,4.9,12.1,41.0,1.5,4.5,33.4,2.0,2.7,72.8,2.5,3.1,5.7,2.1,1.2,0.7,1.6,13.5
G,62,Derrick McKey,81,34.6,13.3,5.1,10.3,49.3,0.4,1.1,36.0,2.7,3.7,74.4,1.5,3.3,4.9,3.4,1.5,0.6,2.1,15.5
F,63,Brian Grant,80,28.6,13.2,5.2,10.1,51.1,0.0,0.1,25.0,2.9,4.5,63.6,2.6,4.9,7.5,1.2,0.6,1.5,2.0,15.4
F,64,Eric Murdock,75,28.8,13.0,4.5,10.9,41.5,1.2,3.2,37.5,2.8,3.6,79.0,0.6,2.2,2.9,6.4,1.5,0.2,2.6,14.3
C,65,Doug West,71,32.8,12.9,4.9,10.7,46.1,0.2,0.9,18.0,2.9,3.5,83.7,0.8,2.4,3.2,2.6,0.9,0.3,1.8,11.9
G,66,Horace Grant,74,36.4,12.8,5.4,9.6,56.7,0.0,0.1,0.0,2.0,2.9,69.2,3.0,6.6,9.7,2.3,1.0,1.2,1.1,20.9
F,67,Sam Perkins,82,28.7,12.7,4.2,9.0,46.6,1.7,4.2,39.7,2.6,3.3,79.9,1.2,3.7,4.9,1.6,0.9,0.5,0.9,14.2
C,68,Charles Smith,76,28.3,12.7,4.6,9.8,47.1,0.1,0.4,22.6,3.4,4.2,79.2,1.9,2.4,4.3,1.6,0.6,1.3,1.9,12.4
F,69,Ken Norman,74,25.4,12.7,5.2,11.6,45.3,1.3,3.9,34.4,0.9,1.9,45.7,1.4,3.5,4.9,1.3,0.5,0.3,1.3,10.9
C,70,Tom Gugliotta,77,33.4,12.7,4.8,10.9,44.3,0.8,2.4,32.3,2.3,3.3,69.0,2.1,5.3,7.4,3.6,1.7,0.8,2.5,16.7
G,71,Donyell Marshall,72,29.0,12.6,4.8,12.2,39.4,1.0,3.4,28.4,2.0,3.1,66.2,1.9,3.7,5.6,1.5,0.6,1.2,1.6,11.5
G,72,Hot Rod Williams,74,35.7,12.6,4.9,10.9,45.2,0.0,0.1,20.0,2.6,3.9,68.5,2.3,4.5,6.9,2.6,1.1,1.4,2.0,15.3
F,73,Elden Campbell,73,28.4,12.5,4.9,10.8,45.9,0.0,0.0,0.0,2.6,4.0,66.6,2.3,3.8,6.1,1.3,0.9,1.8,1.3,14.1
F,74,Vinny Del Negro,75,31.5,12.5,5.0,10.2,48.6,0.9,2.2,40.7,1.7,2.2,79.0,0.4,2.2,2.6,3.0,0.8,0.2,0.7,12.6
F,75,Chris Mills,80,35.2,12.3,4.5,10.7,42.0,1.2,3.0,39.2,2.2,2.7,81.7,1.2,3.3,4.6,1.9,0.7,0.4,1.5,11.8
G-F,76,Rodney Rogers,80,26.8,12.2,4.7,9.6,48.8,0.6,1.9,33.8,2.2,3.4,65.1,1.7,3.2,4.8,2.0,1.2,0.6,2.2,12.5
G-F,77,Jason Kidd,79,33.8,11.7,4.2,10.8,38.5,0.9,3.3,27.2,2.4,3.5,69.8,1.9,3.5,5.4,7.7,1.9,0.3,3.2,16.1
G,78,Grant Long,81,32.6,11.6,4.2,8.8,47.8,0.1,0.4,35.5,3.0,4.0,75.1,2.4,5.1,7.5,1.6,1.3,0.4,1.9,14.9
F,79,Spud Webb,76,32.3,11.6,4.0,9.1,43.8,0.6,1.9,33.1,3.0,3.2,93.4,0.4,1.9,2.3,6.2,1.0,0.1,2.4,13.4
C,80,Dikembe Mutombo,82,37.8,11.5,4.3,7.7,55.6,0.0,0.0,0.0,3.0,4.6,65.4,3.9,8.7,12.5,1.4,0.5,3.9,2.3,22.5
G,81,Derek Harper,80,34.0,11.5,4.2,9.5,44.6,1.3,3.7,36.3,1.7,2.4,72.4,0.4,2.0,2.4,5.7,1.0,0.1,1.9,13.0
F-C,82,Sharone Wright,79,25.9,11.4,4.6,9.8,46.5,0.0,0.1,0.0,2.3,3.6,64.5,2.4,3.6,6.0,0.6,0.5,1.3,1.9,11.4
G,83,Dale Ellis,81,24.6,11.3,4.3,9.6,45.3,1.3,3.2,40.3,1.4,1.6,86.6,0.7,2.0,2.7,0.7,0.5,0.1,1.0,8.9
F,84,Bryant Stith,81,28.8,11.2,3.9,8.2,47.2,0.2,0.8,29.4,3.3,4.0,82.4,1.2,2.1,3.3,1.9,1.1,0.2,1.4,11.4
C,85,A.C. Green,82,32.8,11.2,3.8,7.5,50.4,0.5,1.5,33.9,3.1,4.2,73.2,2.4,5.8,8.2,1.5,0.7,0.4,1.4,15.7
C,86,Muggsy Bogues,78,33.7,11.1,4.5,9.4,47.7,0.1,0.4,20.0,2.1,2.3,88.9,0.7,2.6,3.3,8.7,1.3,0.0,1.7,17.5
G-F,87,Bobby Phills,80,31.3,11.0,4.2,10.2,41.4,0.2,0.7,34.5,2.3,2.9,77.9,1.1,2.2,3.3,2.3,1.4,0.3,1.4,10.3
F,88,Pooh Richardson,80,35.8,10.9,4.4,11.2,39.4,1.1,3.1,35.7,1.0,1.6,64.8,0.5,2.8,3.3,7.9,1.6,0.2,2.1,14.4
G,89,Sean Rooks,80,30.1,10.9,3.6,7.7,47.0,0.0,0.1,0.0,3.6,4.8,76.1,2.1,4.0,6.1,1.2,0.4,0.9,1.8,12.4
C,90,Olden Polynice,81,31.3,10.8,4.6,8.5,54.4,0.0,0.0,100.0,1.5,2.4,63.9,3.4,5.5,9.0,0.8,0.6,0.6,1.4,15.6
G,91,Chuck Person,81,25.1,10.8,3.9,9.3,42.3,2.1,5.5,38.7,0.8,1.3,64.7,0.6,2.6,3.2,1.3,0.6,0.1,1.3,8.9
F-G,92,Dale Davis,74,31.7,10.6,4.4,7.8,56.3,0.0,0.0,0.0,1.9,3.5,53.3,3.5,5.9,9.4,0.8,1.0,1.6,1.7,16.6
G,93,Terry Dehere,80,22.2,10.4,3.5,8.6,40.7,0.6,2.0,29.4,2.9,3.7,78.4,0.4,1.5,1.9,2.8,0.6,0.1,2.0,8.0
F-C,94,Wesley Person,78,23.1,10.4,4.0,8.2,48.4,1.5,3.4,43.6,1.0,1.3,79.2,0.9,1.7,2.6,1.3,0.6,0.3,1.0,9.8
F,95,David Benoit,71,25.9,10.4,4.0,8.3,48.6,0.5,1.6,33.0,1.9,2.2,84.1,1.4,3.8,5.2,0.8,0.6,0.7,1.1,12.1
G,96,Kenny Smith,81,25.1,10.4,3.5,7.3,48.4,1.8,4.1,42.9,1.6,1.8,85.1,0.3,1.6,1.9,4.0,0.9,0.1,1.5,11.7
G-F,97,Anthony Peeler,73,21.4,10.4,3.9,9.0,43.2,1.2,3.0,38.9,1.4,1.8,79.7,0.8,1.5,2.3,1.7,0.7,0.2,1.1,8.6
C,98,Popeye Jones,80,29.8,10.3,4.7,10.5,44.3,0.0,0.2,8.3,1.0,1.6,64.5,4.1,6.4,10.6,2.0,0.4,0.3,1.6,15.7
G-F,99,Byron Scott,80,19.1,10.0,3.3,7.3,45.5,1.0,2.5,38.9,2.4,2.8,85.0,0.2,1.7,1.9,1.4,0.8,0.2,1.5,8.3
C-F,100,Eric Montross,78,29.7,10.0,3.9,7.4,53.4,0.0,0.0,0.0,2.1,3.4,63.5,2.5,4.7,7.3,0.5,0.4,0.8,1.4,12.8
G,101,Gheorghe Muresan,73,23.6,10.0,4.2,7.4,56.0,0.0,0.0,0.0,1.7,2.4,70.9,2.5,4.2,6.7,0.5,0.7,1.7,1.6,14.1
C,101,Hubert Davis,82,20.7,10.0,3.6,7.5,48.0,1.6,3.5,45.5,1.2,1.5,80.8,0.4,1.0,1.3,1.8,0.4,0.1,1.1,8.5
F,103,Marty Conlon,82,25.2,9.9,4.2,7.9,53.2,0.1,0.4,27.6,1.5,2.4,61.3,2.0,3.2,5.2,1.3,0.5,0.2,1.5,11.1
F,104,Anthony Mason,77,32.4,9.9,3.7,6.6,56.6,0.0,0.0,0.0,2.5,3.9,64.1,2.4,6.1,8.4,3.1,0.9,0.3,1.6,16.8
F-G,105,Vincent Askew,71,24.2,9.9,3.5,7.1,49.2,0.4,1.3,33.0,2.5,3.4,73.9,0.9,1.6,2.5,2.5,0.7,0.2,1.2,10.1
G,106,Elliot Perry,82,24.1,9.7,3.7,7.2,52.0,0.3,0.7,41.7,1.9,2.4,81.0,0.6,1.2,1.8,4.8,1.9,0.0,2.0,12.4
G,107,Andrew Lang,82,28.5,9.7,3.9,8.3,47.3,0.0,0.0,66.7,1.9,2.3,80.9,1.9,3.7,5.6,0.9,0.5,1.8,1.3,12.3
C-F,108,Antoine Carr,78,21.5,9.6,3.7,7.0,53.1,0.0,0.1,25.0,2.1,2.6,82.1,1.0,2.4,3.4,0.9,0.3,0.9,1.1,10.1
G,109,Sam Cassell,82,23.0,9.5,3.1,7.2,42.7,0.8,2.3,33.0,2.6,3.1,84.3,0.5,2.1,2.6,4.9,1.1,0.2,2.0,11.7
G,110,Lucious Harris,79,21.5,9.5,3.5,7.7,45.9,0.7,1.8,38.7,1.7,2.2,80.0,1.1,1.7,2.8,1.7,0.7,0.2,1.0,9.3
G-F,111,Shawn Bradley,82,28.8,9.5,3.8,8.5,45.5,0.0,0.0,0.0,1.8,2.8,63.8,3.0,5.1,8.0,0.6,0.7,3.3,1.7,14.8
F,112,Tony Massenburg,80,26.6,9.3,3.5,7.5,46.9,0.0,0.0,0.0,2.2,2.9,75.3,2.0,3.7,5.7,0.8,0.6,0.7,1.5,10.9
F-C,113,Buck Williams,82,29.5,9.2,3.8,7.4,51.2,0.0,0.0,50.0,1.7,2.5,67.3,3.1,5.1,8.2,1.0,0.8,0.8,1.5,14.1
F,114,James Robinson,71,21.7,9.2,3.6,8.8,40.9,1.1,3.1,34.1,0.9,1.5,59.1,0.6,1.3,1.9,2.5,0.7,0.2,1.8,6.8
G,115,Harvey Grant,75,23.6,9.1,3.8,8.3,46.1,0.1,0.3,30.8,1.4,1.9,70.5,1.4,2.4,3.8,1.1,0.7,0.7,0.8,9.6
G-F,116,Donald Royal,70,26.3,9.1,2.9,6.2,47.5,0.0,0.1,0.0,3.2,4.3,74.6,1.2,2.8,4.0,2.8,0.6,0.2,1.8,10.6
G,117,Mario Elie,81,23.4,8.8,3.0,6.0,49.9,1.0,2.5,39.8,1.8,2.1,84.2,0.6,1.8,2.4,2.3,0.8,0.1,1.3,9.8
F-C,118,Matt Geiger,74,23.1,8.3,3.5,6.6,53.6,0.1,0.1,40.0,1.3,1.9,65.0,2.0,3.6,5.6,0.7,0.6,0.7,1.5,10.7
F,119,Rafael Addison,79,22.5,8.3,3.5,7.4,47.6,0.3,1.1,28.9,0.9,1.3,74.7,0.8,2.2,3.1,1.4,0.7,0.3,1.0,8.6
F,120,Steve Kerr,82,22.4,8.2,3.2,6.0,52.7,1.1,2.1,52.4,0.8,1.0,77.8,0.2,1.2,1.5,1.8,0.5,0.0,0.6,8.4
F,121,Jalen Rose,81,22.2,8.2,2.8,6.2,45.4,0.4,1.4,31.6,2.1,2.9,73.9,0.7,2.0,2.7,4.8,0.8,0.3,2.0,10.6
G,122,P.J. Brown,80,30.8,8.1,3.2,7.1,44.6,0.1,0.3,16.7,1.7,2.6,67.1,2.2,3.9,6.1,1.7,0.9,1.7,1.0,12.7
F-C,123,Will Perdue,78,20.4,8.0,3.3,5.9,55.3,0.0,0.0,0.0,1.4,2.5,58.2,2.7,4.0,6.7,1.2,0.3,0.7,1.5,11.7
G,124,Mitchell Butler,76,20.4,7.9,2.8,6.7,42.1,0.6,1.9,32.6,1.6,2.4,66.5,0.6,1.7,2.2,1.2,0.8,0.1,1.4,6.1
F-G,125,Johnny Newman,82,23.1,7.7,2.8,6.0,46.3,0.5,1.6,35.2,1.7,2.1,80.1,0.9,1.2,2.1,1.1,0.8,0.2,1.0,7.3
F,126,Danny Ainge,74,18.6,7.7,2.6,5.7,46.0,1.1,2.9,36.4,1.4,1.8,80.8,0.3,1.1,1.5,2.8,0.6,0.1,1.1,8.3
F-G,127,Mark Jackson,82,29.3,7.6,2.9,6.9,42.2,0.3,1.1,31.0,1.5,1.9,77.8,0.9,2.8,3.7,7.5,1.3,0.2,2.6,13.4
F-C,128,Danny Ferry,82,15.7,7.5,2.7,6.1,44.6,1.1,2.8,40.3,0.9,1.0,88.1,0.4,1.4,1.7,1.2,0.3,0.3,0.7,6.8
G,129,Keith Jennings,80,21.5,7.4,2.4,5.3,44.7,0.9,2.6,36.8,1.7,1.9,87.6,0.3,1.5,1.9,4.7,1.2,0.0,1.5,10.4
G,130,Kevin Gamble,77,15.9,7.4,2.9,5.8,48.9,0.5,1.3,39.8,1.1,1.4,78.4,0.4,1.2,1.6,1.5,0.7,0.1,0.6,7.4
G,131,John Salley,75,26.1,7.3,2.6,5.3,49.9,0.0,0.0,0.0,2.0,2.8,73.9,1.5,3.0,4.5,1.6,0.6,1.1,1.3,10.5
F,132,Doug Overton,82,20.8,7.0,2.5,6.1,41.6,0.6,1.5,42.4,1.3,1.5,87.2,0.3,1.4,1.7,3.0,0.6,0.0,1.3,7.4
C,133,Eric Piatkowski,81,14.9,7.0,2.5,5.6,44.1,0.9,2.4,37.4,1.1,1.4,78.3,0.8,0.9,1.6,1.0,0.5,0.2,0.8,6.0
G,134,J.R. Reid,81,19.3,7.0,2.5,4.9,50.8,0.0,0.0,50.0,2.0,2.9,68.7,1.5,3.4,4.9,0.7,0.7,0.4,1.4,8.9
F,135,Michael Smith,82,21.2,6.9,2.7,5.0,54.2,0.0,0.0,0.0,1.5,3.2,48.5,2.1,3.8,5.9,0.8,0.7,0.6,1.3,9.8
G,136,Ron Harper,77,19.9,6.9,2.7,6.4,42.6,0.4,1.4,28.2,1.1,1.7,61.8,0.7,1.7,2.3,2.0,1.3,0.4,1.3,7.3
F-G,137,Terry Cummings,76,16.8,6.8,2.9,6.1,48.3,0.0,0.0,0.0,0.9,1.6,58.5,1.8,3.2,5.0,0.8,0.5,0.3,1.3,8.2
C,138,Rex Walters,80,17.9,6.5,2.6,5.9,43.9,0.9,2.5,36.2,0.5,0.7,76.9,0.2,0.9,1.2,1.5,0.5,0.2,0.9,5.6
F,139,Sam Mitchell,81,17.0,6.5,2.5,5.1,48.7,0.0,0.1,10.0,1.6,2.1,72.4,1.2,1.8,3.0,0.8,0.5,0.2,0.7,7.2
F,140,Brian Shaw,78,23.5,6.4,2.5,6.3,38.9,0.6,2.4,26.1,0.9,1.2,73.7,0.7,2.4,3.1,5.2,0.9,0.2,2.4,9.3
F-G,141,Scott Williams,77,23.1,6.4,2.7,5.6,47.5,0.0,0.1,0.0,1.0,1.4,73.8,2.2,4.1,6.3,0.8,0.9,0.5,1.1,10.5
F,142,Derek Strong,70,19.2,6.3,2.1,4.7,45.3,0.0,0.1,28.6,2.0,2.5,82.0,1.9,3.4,5.4,0.6,0.3,0.2,1.1,8.7
F,143,Tom Chambers,81,15.3,6.2,2.4,5.3,45.7,0.0,0.3,16.7,1.3,1.7,80.7,0.8,1.8,2.6,0.9,0.3,0.4,0.6,6.6
F,144,Tyrone Corbin,81,17.1,6.2,2.5,5.7,44.2,0.2,0.7,25.0,1.0,1.4,68.4,1.2,2.0,3.2,0.8,0.7,0.2,0.9,6.6
G,145,Adam Keefe,75,16.9,6.1,2.3,4.0,57.7,0.0,0.0,0.0,1.6,2.3,67.6,1.8,2.6,4.4,0.4,0.5,0.3,0.8,8.5
G,146,Winston Garland,73,26.5,6.1,2.3,5.6,41.5,0.3,1.0,25.3,1.2,1.5,79.5,0.7,1.6,2.3,4.4,1.0,0.2,1.4,8.9
F,147,Tony Campbell,78,14.5,6.0,2.1,5.0,41.1,0.2,0.5,35.7,1.7,2.0,83.0,0.8,1.2,2.0,0.9,0.4,0.1,0.8,5.2
G,148,Tom Hammonds,70,13.7,5.9,2.0,3.7,53.5,0.0,0.0,0.0,1.9,2.5,74.6,0.8,2.4,3.2,0.5,0.2,0.2,0.8,6.7
G,149,Lee Mayberry,82,21.3,5.8,2.1,5.0,42.2,0.9,2.2,40.7,0.7,1.0,69.9,0.3,0.7,1.0,3.4,0.6,0.0,1.3,6.3
C,150,Anthony Bowie,77,16.4,5.5,2.3,4.8,48.0,0.2,0.5,30.0,0.8,0.9,83.6,0.7,1.1,1.8,2.1,0.6,0.3,1.1,6.5
F,151,David Wood,78,17.1,5.5,2.0,4.2,46.9,0.4,1.2,34.1,1.2,1.5,77.8,1.1,2.0,3.1,0.8,0.4,0.2,0.7,6.7
F,152,Chris Dudley,82,27.4,5.5,2.2,5.4,40.6,0.0,0.0,0.0,1.0,2.2,46.4,4.0,5.4,9.3,0.4,0.5,1.5,1.0,11.8
F,153,Nate McMillan,80,25.9,5.2,2.1,5.0,41.8,0.7,1.9,34.2,0.4,0.7,58.6,0.8,3.0,3.8,5.3,2.1,0.7,1.6,12.2
F-C,154,Bo Outlaw,81,20.4,5.2,2.1,4.0,52.3,0.0,0.1,0.0,1.0,2.3,44.1,1.5,2.4,3.9,1.0,1.1,1.9,1.0,8.9
G,155,Bill Wennington,73,13.1,5.0,2.1,4.3,49.2,0.0,0.1,0.0,0.7,0.9,81.0,0.9,1.7,2.6,0.5,0.3,0.2,0.5,5.8
G,156,Michael Cage,82,24.9,5.0,2.2,4.1,52.1,0.0,0.0,0.0,0.6,1.1,60.2,2.5,4.4,6.9,0.7,0.7,0.8,0.7,11.0
F,157,Greg Foster,78,14.7,4.9,1.9,4.1,47.2,0.1,0.3,30.4,1.0,1.4,70.3,1.1,2.2,3.3,0.5,0.2,0.4,0.9,5.8
G,158,Jayson Williams,75,13.1,4.8,2.0,4.3,46.1,0.0,0.1,0.0,0.9,1.6,53.3,2.4,3.3,5.7,0.5,0.3,0.4,0.8,7.9
G-F,159,Robert Parish,81,16.7,4.8,2.0,4.6,42.7,0.0,0.0,0.0,0.9,1.2,70.3,1.1,3.2,4.3,0.5,0.3,0.4,0.8,6.6
C,160,Pete Myers,71,17.9,4.5,1.7,4.0,41.5,0.1,0.5,25.6,1.0,1.6,61.4,0.8,1.2,2.0,2.1,0.8,0.2,1.2,5.3
C-F,161,Lorenzo Williams,82,29.1,4.0,1.8,3.7,47.7,0.0,0.0,0.0,0.5,1.2,37.6,3.5,4.9,8.4,1.5,0.6,1.8,1.3,12.4
G,162,Joe Kleine,75,12.9,3.7,1.6,3.5,44.9,0.0,0.0,0.0,0.6,0.7,85.7,1.1,2.4,3.5,0.5,0.2,0.2,0.5,5.6
F-G,163,John Crotty,80,12.7,3.7,1.2,2.9,40.3,0.1,0.5,30.6,1.2,1.5,81.0,0.3,0.9,1.2,2.6,0.5,0.1,0.9,5.1
C,164,Anthony Avent,71,15.0,3.6,1.5,3.4,43.0,0.0,0.0,0.0,0.7,1.1,64.0,1.4,2.8,4.1,0.6,0.4,0.7,0.7,6.4
