pos,#,player,gp,min,pts,fgm,fga,fg%,3pm,3pa,3p%,ftm,fta,ft%,oreb,dreb,reb,ast,stl,blk,tov,eff
G,1,Michael Jordan,82,37.7,30.4,11.2,22.6,49.5,1.4,3.2,42.7,6.7,8.0,83.4,1.8,4.8,6.6,4.3,2.2,0.5,2.4,28.9
F-C,2,Hakeem Olajuwon,72,38.8,26.9,10.7,20.8,51.4,0.0,0.2,21.4,5.5,7.6,72.4,2.4,8.4,10.9,3.6,1.6,2.9,3.4,30.2
F-G,3,Shaquille O'Neal,54,36.0,26.6,11.0,19.1,57.3,0.0,0.0,50.0,4.6,9.5,48.7,3.4,7.7,11.0,2.9,0.6,2.1,2.9,27.3
F,4,Karl Malone,82,38.0,25.7,9.6,18.5,51.9,0.2,0.5,40.0,6.2,8.6,72.3,2.1,7.7,9.8,4.2,1.7,0.7,2.4,28.3
G,5,David Robinson,82,36.8,25.0,8.7,16.8,51.6,0.0,0.1,33.3,7.6,10.0,76.1,3.9,8.3,12.2,3.0,1.4,3.3,2.3,32.0
F,6,Charles Barkley,71,37.1,23.2,8.2,16.3,50.0,0.7,2.5,28.0,6.2,8.0,77.7,3.4,8.1,11.6,3.7,1.6,0.8,3.1,27.9
G,7,Alonzo Mourning,70,38.2,23.2,8.0,15.4,52.3,0.1,0.4,30.0,7.0,10.2,68.5,3.1,7.3,10.4,2.3,1.0,2.7,3.7,25.3
G,8,Mitch Richmond,81,36.4,23.1,7.5,16.9,44.7,2.8,6.4,43.7,5.2,6.1,86.6,0.7,2.7,3.3,3.1,1.5,0.2,2.7,18.5
F,9,Patrick Ewing,76,36.6,22.5,8.9,19.2,46.6,0.1,0.4,14.3,4.6,6.1,76.1,2.1,8.5,10.6,2.1,0.9,2.4,2.9,23.9
G,10,Juwan Howard,81,40.7,22.1,9.0,18.5,48.9,0.0,0.2,30.8,3.9,5.3,74.9,2.3,5.8,8.1,4.4,0.8,0.5,3.7,21.5
G,11,Anfernee Hardaway,82,36.8,21.7,7.6,14.8,51.3,1.1,3.5,31.4,5.4,7.1,76.7,1.6,2.7,4.3,7.1,2.0,0.5,2.8,24.0
C,12,Glen Rice,79,39.8,21.6,7.7,16.4,47.1,2.2,5.1,42.4,4.0,4.8,83.7,1.1,3.7,4.8,2.9,1.2,0.2,2.1,19.2
G,13,Cedric Ceballos,78,33.7,21.2,8.2,15.4,53.0,0.7,2.4,27.7,4.2,5.2,80.4,2.8,4.1,6.9,1.5,1.2,0.3,2.1,20.7
G,14,Reggie Miller,76,34.5,21.1,6.6,14.0,47.3,2.2,5.4,41.0,5.7,6.6,86.3,0.5,2.3,2.8,3.3,1.0,0.2,2.5,17.7
G,15,Vin Baker,82,40.5,21.1,8.5,17.4,48.9,0.1,0.6,20.8,3.9,5.8,67.0,3.2,6.6,9.9,2.6,0.8,1.1,2.6,22.0
G,16,Clifford Robinson,78,38.2,21.1,7.1,16.7,42.3,2.3,6.0,37.8,4.6,6.9,66.4,1.6,4.1,5.7,2.4,1.1,0.9,2.5,16.7
F,17,Larry Johnson,81,40.4,20.5,7.2,15.1,47.6,0.8,2.3,36.6,5.3,7.0,75.7,3.1,5.4,8.4,4.4,0.7,0.5,2.2,22.7
F,18,Glenn Robinson,82,39.6,20.2,7.6,16.9,45.4,1.1,3.2,34.2,3.9,4.7,81.2,1.7,4.5,6.1,3.6,1.2,0.5,3.4,18.1
G,19,Grant Hill,80,40.8,20.2,7.1,15.3,46.2,0.1,0.3,19.2,6.1,8.1,75.1,1.6,8.2,9.8,6.9,1.3,0.6,3.3,25.2
C,20,Sean Elliott,77,37.7,20.0,6.8,14.6,46.6,2.1,5.1,41.1,4.2,5.5,77.1,0.9,4.2,5.1,2.7,0.9,0.4,2.6,17.5
G,21,Allan Houston,82,37.5,19.7,6.9,15.2,45.3,2.3,5.5,42.7,3.6,4.4,82.3,0.7,3.0,3.7,3.0,0.7,0.2,2.8,15.5
F,22,Shawn Kemp,79,33.3,19.6,6.7,11.9,56.1,0.1,0.2,41.7,6.2,8.4,74.2,3.5,7.9,11.4,2.2,1.2,1.6,4.0,24.7
G,23,Isaiah Rider,75,34.6,19.6,7.5,16.1,46.4,1.4,3.7,37.1,3.3,3.9,83.8,1.3,2.8,4.1,2.8,0.6,0.3,2.7,15.6
F,24,Jim Jackson,82,34.4,19.6,6.9,16.0,43.5,1.5,4.1,36.3,4.2,5.1,82.5,2.1,2.9,5.0,2.9,0.6,0.3,2.3,16.0
G,25,Scottie Pippen,77,36.7,19.4,7.3,15.8,46.3,1.9,5.2,37.4,2.9,4.2,67.9,2.0,4.5,6.4,5.9,1.7,0.7,2.7,21.7
G,26,Terrell Brandon,75,34.3,19.3,6.8,14.6,46.5,1.2,3.1,38.7,4.5,5.1,88.7,0.6,2.7,3.3,6.5,1.8,0.4,1.9,21.0
F,27,Gary Payton,81,39.0,19.3,7.6,15.8,48.4,1.2,3.7,32.8,2.8,3.8,74.8,1.3,2.9,4.2,7.5,2.9,0.2,3.2,21.8
G,28,Jerry Stackhouse,72,37.5,19.2,6.3,15.2,41.4,1.3,4.1,31.8,5.4,7.2,74.7,1.3,2.4,3.7,3.9,1.1,1.1,3.5,14.7
F,29,Damon Stoudamire,70,40.9,19.0,6.9,16.1,42.6,1.9,4.8,39.5,3.4,4.2,79.7,0.8,3.2,4.0,9.3,1.4,0.3,3.8,20.1
C,30,George McCloud,79,36.0,18.9,6.7,16.2,41.4,3.3,8.6,37.9,2.3,2.8,80.4,1.5,3.3,4.8,2.7,1.4,0.5,2.1,16.2
G,31,Latrell Sprewell,78,39.3,18.9,6.6,15.4,42.8,1.2,3.6,32.3,4.5,5.7,78.9,1.6,3.3,4.9,4.2,1.6,0.6,2.8,17.3
G,32,Armen Gilliam,78,36.6,18.3,7.4,15.6,47.4,0.0,0.0,0.0,3.6,4.5,79.1,3.1,6.1,9.1,1.8,0.9,0.7,2.3,19.5
G-F,33,Steven Smith,80,35.7,18.1,6.2,14.3,43.2,1.8,5.3,33.1,4.0,4.8,82.6,1.6,2.5,4.1,2.8,0.9,0.2,1.9,15.2
F,34,Dennis Scott,82,37.1,17.5,6.0,13.6,44.0,3.3,7.7,42.5,2.2,2.7,82.0,0.8,3.0,3.8,3.0,1.1,0.4,1.5,16.0
F,35,Clar. Weatherspoon,78,39.7,16.7,6.3,13.0,48.4,0.0,0.0,0.0,4.1,5.5,74.6,3.0,6.6,9.7,2.0,1.4,1.4,2.3,20.8
C-F,36,Jason Kidd,81,37.5,16.6,6.1,16.0,38.1,1.6,4.9,33.6,2.8,4.1,69.2,2.5,4.3,6.8,9.7,2.2,0.3,4.0,20.4
G,37,Christian Laettner,74,33.7,16.4,6.0,12.3,48.7,0.1,0.5,23.1,4.4,5.4,81.8,2.5,4.8,7.3,2.7,1.0,1.0,2.5,18.5
F-G,38,Vernon Maxwell,75,32.9,16.2,5.5,14.0,39.0,1.9,6.1,31.7,3.3,4.4,75.6,0.5,2.5,3.1,4.4,1.3,0.2,2.9,12.6
G,39,Loy Vaught,80,37.1,16.2,7.1,13.6,52.5,0.1,0.2,36.8,1.9,2.6,72.7,2.6,7.6,10.1,1.4,1.1,0.5,2.0,20.2
C,40,Tom Gugliotta,78,36.3,16.2,6.1,12.9,47.1,0.3,1.1,30.2,3.7,4.8,77.3,2.3,6.6,8.8,3.1,1.8,1.2,3.0,20.2
G-F,41,Tracy Murray,82,30.0,16.2,6.0,13.3,45.4,1.8,4.4,42.2,2.2,2.7,83.1,1.4,2.9,4.3,1.6,1.1,0.5,1.6,14.3
G,42,Mookie Blaylock,81,35.7,15.7,5.6,13.9,40.5,2.9,7.7,37.1,1.6,2.1,74.7,1.4,2.7,4.1,5.9,2.6,0.2,2.3,17.4
C,43,Hersey Hawkins,82,34.4,15.6,5.4,11.4,47.3,1.8,4.6,38.4,3.0,3.5,87.4,1.0,2.6,3.6,2.7,1.8,0.2,2.0,15.4
F-C,44,Joe Smith,82,34.4,15.3,5.7,12.5,45.8,0.1,0.3,35.7,3.7,4.8,77.3,3.7,5.1,8.7,1.0,1.0,1.6,1.7,18.1
F,45,Tim Hardaway,80,31.7,15.2,5.2,12.4,42.2,1.7,4.7,36.4,3.0,3.8,79.0,0.4,2.4,2.9,8.0,1.7,0.2,2.9,17.0
F,46,Jeff Hornacek,82,31.6,15.2,5.4,10.7,50.2,1.3,2.7,46.6,3.2,3.5,89.3,0.8,1.8,2.5,4.1,1.3,0.2,1.5,16.2
G,47,Calbert Cheaney,70,33.2,15.1,6.1,12.9,47.1,0.7,2.2,33.8,2.2,3.1,70.6,1.0,2.5,3.4,2.2,1.0,0.3,1.8,12.3
F-G,48,Chris Mills,80,38.3,15.1,5.7,12.1,46.8,1.0,2.6,37.6,2.7,3.3,82.9,1.4,4.1,5.5,2.4,0.9,0.7,1.5,16.0
G-F,49,Michael Finley,82,39.2,15.0,5.7,11.9,47.6,0.7,2.3,32.8,3.0,3.9,74.9,1.7,2.9,4.6,3.5,1.0,0.4,1.6,15.7
F-G,50,Dale Ellis,81,32.4,14.9,5.7,11.8,47.9,1.9,4.5,41.2,1.7,2.2,76.0,1.1,2.8,3.9,1.7,0.7,0.1,1.2,13.3
G,51,Nick Van Exel,74,34.0,14.9,5.4,12.8,41.7,1.9,5.4,35.7,2.2,2.8,79.9,0.4,2.1,2.4,6.9,0.9,0.1,2.1,15.1
G,52,John Stockton,82,35.5,14.7,5.4,10.0,53.8,1.2,2.7,42.2,2.9,3.4,83.0,0.7,2.1,2.8,11.2,1.7,0.2,3.0,22.4
F,53,Nick Anderson,77,35.3,14.7,5.2,11.7,44.2,2.2,5.6,39.1,2.2,3.1,69.2,1.2,4.2,5.4,3.6,1.6,0.6,1.8,16.6
C,54,Bobby Phills,72,35.1,14.6,5.4,11.5,46.7,1.3,2.9,44.1,2.6,3.3,77.5,0.9,2.8,3.6,3.8,1.4,0.4,1.8,15.2
F,55,Anthony Mason,82,42.2,14.6,5.5,9.7,56.3,0.0,0.0,0.0,3.6,5.0,72.0,2.7,6.6,9.3,4.4,0.8,0.4,2.6,21.3
G,56,Dell Curry,82,28.9,14.5,5.4,11.9,45.3,2.0,5.0,40.4,1.8,2.1,85.4,0.8,2.4,3.2,2.1,1.3,0.3,1.6,13.1
G-F,57,Gheorghe Muresan,76,29.5,14.5,6.1,10.5,58.4,0.0,0.0,0.0,2.3,3.7,61.9,3.3,6.3,9.6,0.7,0.7,2.3,1.9,20.1
F,58,Vinny Del Negro,82,33.7,14.5,5.8,11.7,49.7,0.7,1.8,38.0,2.2,2.6,83.2,0.4,2.9,3.3,3.8,1.0,0.1,1.2,15.2
F,59,Arvydas Sabonis,73,23.8,14.5,5.4,9.9,54.5,0.5,1.4,37.5,3.2,4.2,75.7,2.0,6.0,8.1,1.8,0.9,1.1,2.1,18.6
C,60,Brian Grant,78,30.7,14.4,5.5,10.8,50.7,0.1,0.2,23.5,3.4,4.6,73.2,2.2,4.7,7.0,1.6,0.5,1.3,2.4,15.9
F,61,Otis Thorpe,82,34.6,14.2,5.5,10.4,53.0,0.0,0.0,0.0,3.1,4.4,71.0,2.6,5.8,8.4,1.9,0.6,0.5,2.4,17.0
G,62,Rick Fox,81,32.0,14.0,5.2,11.5,45.4,1.2,3.4,36.4,2.4,3.1,77.2,2.0,3.6,5.6,4.6,1.4,0.5,2.7,16.4
F,63,Derek Harper,82,35.3,14.0,5.3,11.5,46.4,1.5,4.0,37.2,1.9,2.5,75.7,0.4,2.1,2.5,4.3,1.6,0.1,2.2,13.5
F,64,Elden Campbell,82,32.9,13.9,5.5,10.8,50.3,0.0,0.1,0.0,3.0,4.3,71.3,2.0,5.6,7.6,2.2,1.1,2.6,1.7,19.1
C,65,Bryant Stith,82,34.3,13.6,4.6,11.1,41.6,0.5,1.8,27.7,3.9,4.6,84.4,1.5,3.4,4.9,2.9,1.4,0.2,1.9,13.9
G,66,Walt Williams,73,29.7,13.6,4.9,11.1,44.4,1.6,4.0,38.9,2.2,3.2,70.3,1.4,3.0,4.4,3.2,1.2,0.8,2.1,13.9
F,67,Antonio McDyess,76,30.0,13.4,5.6,11.6,48.5,0.0,0.1,0.0,2.2,3.2,68.3,3.0,4.5,7.5,1.0,0.7,1.5,2.0,15.1
C,68,Danny Ferry,82,32.7,13.3,5.1,11.2,45.9,1.7,4.4,39.4,1.3,1.6,76.9,0.9,2.9,3.8,2.3,0.7,0.5,1.5,12.6
F,69,Bryant Reeves,77,31.9,13.3,5.2,11.4,45.7,0.0,0.0,0.0,2.8,3.9,73.2,2.3,5.1,7.4,1.4,0.6,0.7,2.0,14.1
C,70,Toni Kukoc,81,26.0,13.1,4.8,9.7,49.0,1.1,2.7,40.3,2.5,3.3,77.2,1.4,2.6,4.0,3.5,0.8,0.3,1.4,14.7
G,71,Grant Long,82,36.7,13.1,4.8,10.2,47.1,0.4,1.0,36.0,3.1,4.1,76.3,3.0,6.6,9.6,2.2,1.3,0.4,1.9,18.4
G,72,Avery Johnson,82,37.6,13.1,5.3,10.8,49.4,0.1,0.4,19.4,2.3,3.2,72.1,0.5,2.1,2.5,9.6,1.5,0.3,2.4,18.2
F,73,Dana Barros,80,29.1,13.0,4.7,10.1,47.0,1.9,4.6,40.8,1.6,1.8,88.4,0.3,2.1,2.4,3.8,0.7,0.0,1.5,12.9
F,74,Oliver Miller,76,33.1,12.9,5.5,10.5,52.6,0.0,0.1,0.0,1.9,2.9,66.1,2.3,5.1,7.4,2.9,1.4,1.9,2.7,17.9
F,75,Vlade Divac,79,31.3,12.9,5.2,10.2,51.3,0.0,0.2,16.7,2.4,3.7,64.1,2.5,6.1,8.6,3.3,1.0,1.7,2.5,18.6
G-F,76,Chris Childs,78,30.9,12.8,4.2,10.0,41.6,1.2,3.3,36.7,3.3,3.9,85.2,0.7,2.5,3.1,7.0,1.4,0.1,2.9,15.2
G-F,77,Eddie Jones,70,31.2,12.8,4.8,9.8,49.2,1.2,3.2,36.6,1.9,2.6,73.9,0.6,2.7,3.3,3.5,1.8,0.6,1.4,15.0
G,78,Wesley Person,82,31.8,12.7,4.8,10.7,44.5,1.4,3.8,37.4,1.8,2.3,77.1,0.7,3.2,3.9,1.7,0.7,0.3,1.1,11.7
F,79,Blue Edwards,82,33.8,12.7,4.9,11.7,41.9,1.0,3.0,34.3,1.9,2.5,75.5,1.2,3.0,4.2,2.6,1.4,0.6,2.1,12.1
C,80,Stacey Augmon,77,29.8,12.7,4.7,9.6,49.1,0.0,0.1,25.0,3.3,4.1,79.2,1.8,2.2,3.9,1.8,1.4,0.4,1.8,12.6
G,81,John Starks,81,30.8,12.6,4.6,10.4,44.3,1.8,4.9,36.1,1.6,2.1,75.3,0.4,2.5,2.9,3.9,1.3,0.1,1.9,12.6
F-C,82,Terry Dehere,82,24.6,12.4,3.8,8.4,45.9,1.7,3.9,44.0,3.0,4.0,75.5,0.5,1.2,1.7,4.3,0.7,0.2,2.3,11.4
G,83,B.J. Armstrong,82,27.6,12.3,4.1,8.9,46.8,1.2,2.5,47.3,2.9,3.4,83.9,0.3,2.0,2.2,4.9,0.8,0.1,1.6,13.5
F,84,David Wesley,82,25.7,12.3,4.1,9.0,45.9,1.4,3.3,42.6,2.6,3.5,75.3,0.8,2.4,3.2,4.8,1.2,0.1,1.9,14.0
C,85,Olden Polynice,81,30.1,12.2,5.3,10.1,52.7,0.0,0.0,33.3,1.5,2.5,60.1,3.2,6.3,9.4,0.7,0.6,0.8,1.6,16.4
C,86,Robert Horry,71,37.1,12.0,4.2,10.3,41.0,2.0,5.5,36.6,1.6,2.0,77.6,1.4,4.4,5.8,4.0,1.6,1.5,2.3,16.2
G-F,87,Shawn Bradley,79,29.5,11.9,4.9,11.1,44.3,0.0,0.1,25.0,2.1,3.1,68.7,2.8,5.3,8.1,0.8,0.6,3.6,2.3,15.7
F,88,Sam Perkins,82,26.5,11.8,4.0,9.7,40.8,1.6,4.4,35.5,2.3,2.9,79.3,1.2,3.2,4.5,1.5,1.0,0.6,1.0,12.0
G,89,Derrick McKey,75,32.5,11.7,4.6,9.5,48.6,0.2,0.9,25.0,2.3,2.9,76.9,1.6,3.2,4.8,3.5,1.1,0.6,1.9,14.3
C,90,Andrew Lang,71,33.3,11.7,5.0,11.1,44.7,0.0,0.1,20.0,1.8,2.2,80.1,2.2,4.3,6.4,0.9,0.6,1.8,1.7,13.1
G,91,Todd Day,79,22.9,11.7,3.8,10.3,36.6,1.3,3.8,33.1,2.8,3.6,78.0,0.9,1.9,2.8,1.4,1.0,0.6,1.4,8.8
F-G,92,P.J. Brown,81,36.3,11.3,4.4,9.9,44.4,0.0,0.2,20.0,2.5,3.3,77.0,2.7,4.3,6.9,2.0,1.0,1.2,1.6,14.6
G,93,Sherman Douglas,79,29.6,11.3,4.4,8.7,50.4,0.5,1.4,36.4,2.0,2.8,73.1,0.7,1.6,2.3,5.5,0.8,0.1,2.5,12.4
F-C,94,Matt Geiger,77,30.5,11.2,4.6,8.6,53.6,0.0,0.1,37.5,1.9,2.7,72.7,2.6,5.8,8.4,0.8,0.6,0.8,1.8,15.4
F,95,Chris Gatling,71,20.1,11.1,4.6,8.0,57.5,0.0,0.0,0.0,2.0,2.9,67.1,1.8,4.1,5.9,0.6,0.5,0.6,1.3,13.0
G,96,Bimbo Coles,81,32.3,11.0,3.9,9.6,40.9,1.1,3.1,34.6,2.1,2.6,79.6,0.6,2.6,3.2,5.2,1.2,0.2,2.1,12.5
G-F,97,Dikembe Mutombo,74,36.7,11.0,3.8,7.7,49.9,0.0,0.0,0.0,3.3,4.8,69.5,3.4,8.4,11.8,1.5,0.5,4.5,2.0,21.9
C,98,Chuck Person,80,26.6,10.9,3.9,8.8,43.7,2.4,5.8,41.0,0.8,1.3,64.4,1.0,4.2,5.2,1.3,0.6,0.3,1.1,11.7
G-F,99,Johnny Newman,82,32.8,10.8,3.9,7.9,49.5,0.7,2.0,37.7,2.3,2.8,80.2,0.8,1.6,2.4,1.9,1.1,0.2,1.3,10.6
C-F,100,Sam Mitchell,78,27.5,10.8,3.9,7.9,49.0,0.0,0.2,5.6,3.0,3.7,81.4,1.4,3.0,4.3,0.9,0.6,0.3,1.1,11.2
G,101,Tyus Edney,80,31.0,10.8,3.8,9.3,41.2,0.7,1.8,36.8,2.5,3.2,78.2,0.8,1.7,2.5,6.1,1.1,0.0,2.4,12.0
C,102,Aaron McKie,81,27.9,10.7,4.2,8.9,46.7,0.5,1.4,32.5,1.9,2.5,76.4,1.1,2.7,3.8,2.5,1.1,0.3,1.7,11.3
F,103,Hubert Davis,74,24.0,10.7,3.7,7.6,48.6,1.7,3.6,47.6,1.5,1.7,86.8,0.5,1.2,1.7,1.4,0.4,0.1,0.9,9.2
F,104,Dan Majerle,82,28.9,10.6,3.7,9.1,40.5,1.8,5.0,35.3,1.5,2.1,71.0,0.9,2.9,3.7,2.6,1.0,0.4,1.1,11.2
F-G,105,Kevin Willis,75,28.5,10.6,4.3,9.5,45.6,0.0,0.1,11.1,1.9,2.7,70.8,2.8,5.7,8.5,0.7,0.4,0.5,2.1,12.7
G,106,Kevin Garnett,80,28.7,10.4,4.5,9.2,49.1,0.1,0.4,28.6,1.3,1.9,70.5,2.2,4.1,6.3,1.8,1.1,1.6,1.4,14.6
G,107,Dale Davis,78,33.6,10.3,4.3,7.7,55.8,0.0,0.0,0.0,1.7,3.7,46.7,3.2,5.9,9.1,1.0,0.7,1.4,1.5,15.6
C-F,108,Byron Scott,80,23.7,10.2,3.4,8.5,40.1,0.9,2.8,33.5,2.5,3.0,83.5,0.5,1.9,2.4,1.5,0.8,0.3,1.3,8.4
G,109,Brent Barry,79,24.0,10.1,3.6,7.6,47.4,1.6,3.7,41.6,1.4,1.7,81.0,0.5,1.6,2.1,2.9,1.2,0.3,1.5,10.8
G,110,Jalen Rose,80,26.7,10.0,3.6,7.6,48.0,0.4,1.4,29.6,2.4,3.5,69.0,0.6,2.7,3.3,6.2,0.7,0.5,2.9,12.7
G-F,111,Brent Price,81,25.2,10.0,3.1,6.6,47.2,1.7,3.7,46.2,2.1,2.4,87.4,0.5,2.3,2.8,5.1,1.0,0.0,1.9,13.3
F,112,Mark Jackson,81,32.6,10.0,3.7,7.7,47.3,0.8,1.8,43.0,1.9,2.4,78.5,0.8,3.0,3.8,7.8,1.2,0.1,2.5,15.8
F-C,113,Willie Anderson,76,27.1,9.8,3.8,8.7,43.6,0.4,1.6,28.3,1.7,2.1,81.0,0.6,2.6,3.2,2.6,1.0,0.8,1.9,10.2
F,114,Anthony Peeler,73,22.0,9.7,3.7,8.2,45.2,1.4,3.5,41.3,0.8,1.2,70.9,0.6,1.3,1.9,1.6,0.8,0.1,0.8,8.5
G,115,Ricky Pierce,76,18.5,9.7,3.5,7.8,44.7,0.5,1.4,33.7,2.3,2.7,84.9,0.5,1.3,1.8,1.3,0.8,0.1,1.2,7.7
G-F,116,Greg Minor,78,22.6,9.6,4.1,8.2,50.0,0.1,0.3,25.9,1.3,1.7,76.2,1.2,2.1,3.3,1.9,0.5,0.1,1.0,9.8
G,117,Tim Legler,77,23.1,9.4,3.0,6.0,50.7,1.7,3.2,52.2,1.7,2.0,86.3,0.4,1.4,1.8,1.8,0.6,0.2,0.6,9.9
F-C,118,Terry Porter,82,25.3,9.4,3.3,7.4,44.2,0.9,2.8,31.4,2.0,2.5,78.5,0.4,2.1,2.6,5.5,1.1,0.2,2.1,12.0
F,119,Terry Mills,82,20.2,9.4,3.5,8.2,41.9,1.0,2.5,39.6,1.5,1.9,77.1,1.3,3.0,4.3,1.2,0.5,0.2,1.2,9.2
F,120,Harvey Grant,76,31.5,9.3,4.1,8.9,46.2,0.3,0.9,31.3,0.8,1.4,54.5,1.5,3.2,4.8,1.5,0.8,0.6,1.1,10.4
F,121,Alvin Robertson,77,32.2,9.3,3.7,7.9,47.0,0.5,2.0,27.2,1.4,2.1,67.7,1.4,3.0,4.4,4.2,2.2,0.5,2.4,13.4
G,122,Jayson Williams,80,23.2,9.0,3.5,8.3,42.3,0.0,0.1,28.6,2.0,3.4,59.2,4.3,5.8,10.0,0.6,0.4,0.7,1.3,13.3
F-C,123,Kurt Thomas,74,22.4,9.0,3.7,7.4,50.1,0.0,0.0,0.0,1.6,2.4,66.3,1.6,4.3,5.9,0.6,0.6,0.5,1.3,10.9
G,124,Eric Murdock,73,22.9,8.9,3.3,8.0,41.6,0.6,2.0,31.0,1.6,2.0,79.7,0.4,2.0,2.3,4.5,1.8,0.1,1.8,10.7
F-G,125,Benoit Benjamin,83,22.8,8.8,3.5,7.1,49.8,0.0,0.0,0.0,1.7,2.3,72.2,1.7,4.8,6.5,0.8,0.5,1.0,1.7,11.7
F,126,Antonio Davis,82,25.5,8.8,2.9,5.9,49.0,0.0,0.0,50.0,3.0,4.2,71.3,2.3,3.8,6.1,0.5,0.4,0.8,1.1,11.3
F-G,127,Mark Bryant,71,22.4,8.6,3.4,6.3,54.3,0.0,0.0,0.0,1.8,2.5,71.8,1.8,3.1,4.9,0.7,0.4,0.3,1.2,10.2
F-C,128,Elliot Perry,81,20.6,8.6,3.2,6.8,47.5,0.3,0.7,40.7,1.9,2.4,77.8,0.4,1.3,1.7,4.4,1.1,0.1,1.8,9.9
G,129,Chucky Brown,82,24.6,8.6,3.7,6.8,54.1,0.0,0.1,12.5,1.3,1.8,69.3,1.6,3.7,5.4,1.1,0.6,0.5,1.1,11.3
G,130,James Robinson,76,21.4,8.5,3.0,7.6,39.9,1.3,3.7,35.9,1.2,1.8,65.9,0.6,1.5,2.1,2.0,0.4,0.2,1.5,6.6
G,131,Lindsey Hunter,80,26.7,8.5,3.0,7.9,38.1,1.5,3.6,40.5,1.1,1.5,70.0,0.6,1.9,2.4,2.4,1.1,0.2,1.0,8.2
F,132,Craig Ehlo,79,22.3,8.5,3.2,7.5,42.8,1.0,2.8,37.1,1.0,1.3,78.6,0.8,2.4,3.2,1.7,1.1,0.1,1.3,8.8
C,133,Lamond Murray,77,23.6,8.4,3.3,7.5,44.7,0.5,1.5,31.9,1.3,1.7,75.0,1.2,2.0,3.2,1.1,0.8,0.3,1.4,7.9
G,134,Steve Kerr,82,23.4,8.4,3.0,5.9,50.6,1.5,2.9,51.5,1.0,1.0,92.9,0.3,1.0,1.3,2.3,0.8,0.0,0.5,9.4
F,135,Charles Smith,73,23.5,8.3,3.3,7.9,42.2,0.0,0.2,13.3,1.6,2.2,73.0,1.8,3.1,5.0,0.9,0.7,1.1,1.5,9.3
G,136,David Benoit,81,24.2,8.2,3.1,7.2,43.9,0.8,2.4,33.3,1.1,1.4,77.7,1.1,3.6,4.7,1.0,0.5,0.6,0.9,9.8
F-G,137,Terry Cummings,81,21.9,8.0,3.3,7.2,46.2,0.0,0.1,14.3,1.3,2.0,65.0,2.0,3.5,5.5,1.1,0.7,0.4,0.9,10.2
C,138,Chris King,80,24.1,7.9,3.1,7.3,42.7,0.6,1.4,38.9,1.1,1.7,66.2,1.3,2.3,3.6,1.3,0.9,0.4,1.3,8.0
F,139,Vern Fleming,77,22.7,7.7,2.9,6.8,43.3,0.0,0.4,10.7,1.7,2.3,75.1,0.6,1.6,2.2,3.3,0.5,0.1,1.6,7.8
F,140,A.C. Green,82,25.8,7.5,2.6,5.4,48.4,0.2,0.6,26.9,2.0,2.9,70.9,2.0,4.7,6.8,0.9,0.5,0.3,1.0,11.3
F-G,141,Ron Harper,80,23.6,7.4,2.9,6.3,46.7,0.4,1.3,26.9,1.2,1.7,70.5,0.9,1.7,2.7,2.6,1.3,0.4,0.9,9.6
F,142,Buck Williams,70,23.9,7.3,2.7,5.5,50.0,0.0,0.0,66.7,1.8,2.7,66.8,2.3,3.5,5.8,0.6,0.6,0.7,1.3,10.0
F,143,Sedale Threatt,82,20.6,7.3,2.9,6.4,45.8,0.7,2.1,35.5,0.7,0.9,76.1,0.2,0.9,1.2,3.3,0.8,0.1,0.9,8.1
F,144,Antoine Carr,80,19.2,7.3,2.9,6.4,45.7,0.0,0.0,0.0,1.4,1.8,79.2,0.9,1.6,2.5,0.9,0.4,0.8,1.0,7.0
G,145,Spud Webb,77,19.0,7.1,2.4,5.6,43.3,0.6,1.7,36.4,1.6,1.9,86.2,0.3,1.0,1.3,3.8,0.7,0.1,1.4,8.1
G,146,Jerome Kersey,76,21.3,6.7,2.7,6.6,41.0,0.0,0.2,17.6,1.3,1.9,66.0,2.0,2.8,4.8,1.5,1.2,0.6,1.0,9.3
F,147,Brian Shaw,75,22.4,6.6,2.4,6.5,37.4,0.5,1.9,28.5,1.2,1.5,79.8,0.8,2.2,3.0,4.5,0.8,0.1,2.3,8.3
G,148,Ed Pinckney,74,23.1,6.5,2.3,4.5,51.0,0.0,0.0,0.0,1.8,2.4,76.0,2.6,3.6,6.2,1.0,0.9,0.4,1.0,11.0
G,149,Doug West,73,22.5,6.4,2.4,5.4,44.5,0.0,0.2,7.7,1.6,2.0,79.2,0.7,1.5,2.2,1.6,0.4,0.2,1.1,6.3
C,150,Alan Henderson,79,17.9,6.4,2.4,5.5,44.2,0.0,0.0,0.0,1.5,2.5,59.5,2.1,2.4,4.5,0.6,0.6,0.5,1.1,7.4
F,151,Derrick Alston,73,22.1,6.2,2.7,5.3,51.2,0.0,0.0,33.3,0.8,1.5,49.1,1.7,2.4,4.1,0.8,0.8,0.7,0.8,8.5
F,152,Keith Askins,75,25.3,6.1,2.1,5.2,40.2,1.3,3.2,41.8,0.6,0.8,78.9,1.5,2.8,4.3,1.6,0.6,0.8,1.1,9.1
F,153,Adam Keefe,82,20.8,6.1,2.2,4.2,52.0,0.0,0.0,0.0,1.7,2.5,69.2,2.1,3.4,5.5,0.8,0.6,0.5,1.1,9.7
F-C,154,Michael Cage,82,32.1,6.0,2.7,4.8,55.6,0.0,0.0,0.0,0.6,1.1,54.3,3.5,5.4,8.9,0.6,1.1,1.0,0.7,14.2
G,155,Anthony Avent,71,22.3,5.8,2.5,6.6,38.4,0.0,0.0,0.0,0.8,1.1,74.0,1.5,3.5,5.0,1.0,0.4,0.6,1.5,7.0
G,156,Tyrone Corbin,71,18.1,5.8,2.2,4.9,44.2,0.0,0.3,16.7,1.4,1.7,83.3,1.1,2.3,3.4,1.2,0.9,0.3,0.9,7.6
F,157,Felton Spencer,71,17.8,5.6,2.1,4.0,52.0,0.0,0.0,0.0,1.5,2.1,68.9,1.4,2.9,4.3,0.2,0.3,0.8,1.1,7.4
G,158,Ervin Johnson,81,18.8,5.5,2.2,4.3,51.1,0.0,0.0,33.3,1.0,1.6,66.9,1.6,3.8,5.3,0.6,0.5,1.6,1.2,9.7
G-F,159,Bob Sura,79,14.6,5.3,1.9,4.6,41.1,0.3,1.0,34.6,1.3,1.8,70.2,0.4,1.3,1.7,2.9,0.7,0.3,1.5,6.3
C,160,Marty Conlon,74,12.9,5.3,2.1,4.4,46.8,0.1,0.4,16.7,1.1,1.5,76.4,0.8,1.6,2.4,0.9,0.3,0.1,1.1,5.3
C-F,161,Bill Wennington,71,15.0,5.3,2.4,4.8,49.3,0.0,0.0,100.0,0.5,0.6,86.0,0.8,1.6,2.5,0.6,0.3,0.2,0.5,5.9
G,162,Will Perdue,80,17.5,5.2,2.2,4.1,52.3,0.0,0.0,0.0,0.8,1.6,53.6,2.2,3.9,6.1,0.4,0.4,0.9,1.1,9.2
F-G,163,Lee Mayberry,82,20.8,5.1,1.9,4.4,42.0,0.9,2.3,39.7,0.5,0.8,60.3,0.3,0.8,1.1,3.7,0.8,0.1,1.1,6.8
C,164,Chris Dudley,80,24.1,5.1,2.0,4.5,45.3,0.0,0.0,0.0,1.0,2.0,51.0,3.0,6.0,9.0,0.5,0.5,1.3,1.0,11.9
G-F,165,Loren Meyer,72,17.6,5.0,2.0,4.6,43.9,0.0,0.2,27.3,1.0,1.4,68.6,1.6,2.8,4.4,0.8,0.3,0.4,0.9,7.0
F,166,Tom Hammonds,71,14.7,4.8,1.8,3.8,47.4,0.0,0.0,0.0,1.2,1.6,76.5,1.2,1.9,3.1,0.3,0.3,0.2,0.7,5.7
G,167,Theo Ratliff,75,17.4,4.5,1.7,3.1,55.7,0.0,0.0,0.0,1.1,1.6,70.8,1.5,2.5,4.0,0.2,0.2,1.5,0.7,7.9
F-G,168,Anthony Bowie,74,14.6,4.2,1.7,3.7,47.1,0.2,0.4,38.7,0.5,0.6,87.0,0.5,1.1,1.7,1.4,0.5,0.1,0.7,5.1
C,169,Doc Rivers,78,15.8,4.0,1.4,3.7,37.2,0.6,1.8,34.3,0.6,0.8,75.0,0.4,1.4,1.8,1.6,0.9,0.3,0.7,5.3
G,170,George Zidek,71,12.5,4.0,1.5,3.5,42.3,0.0,0.0,0.0,1.0,1.3,76.3,1.0,1.6,2.6,0.2,0.1,0.1,0.5,4.1
G,171,Robert Parish,74,14.7,3.9,1.6,3.3,49.8,0.0,0.0,0.0,0.7,1.0,70.4,1.2,2.9,4.1,0.4,0.3,0.7,0.7,6.8
G,172,Pete Myers,71,15.4,3.9,1.3,3.5,36.8,0.2,0.8,24.1,1.1,1.7,65.6,0.5,1.5,2.0,2.0,0.5,0.2,1.1,4.7
G,173,George Lynch,76,13.3,3.8,1.5,3.6,43.0,0.1,0.2,30.8,0.7,1.1,66.3,1.1,1.7,2.8,0.7,0.6,0.1,0.5,5.1
F,174,Greg Foster,73,11.0,3.8,1.5,3.3,43.9,0.0,0.1,12.5,0.8,1.0,84.7,0.7,1.7,2.4,0.3,0.1,0.3,0.8,4.1
F,175,Jud Buechler,74,10.0,3.8,1.5,3.3,46.3,0.5,1.2,44.4,0.2,0.3,63.6,0.6,0.9,1.5,0.8,0.5,0.1,0.5,4.2
G,176,Haywoode Workman,77,15.1,3.6,1.3,3.4,39.0,0.3,0.9,32.4,0.7,0.9,74.0,0.4,1.3,1.6,2.8,0.8,0.1,1.2,5.4
F,177,Bo Outlaw,80,12.3,3.6,1.3,2.3,57.5,0.0,0.0,0.0,0.9,2.0,44.4,1.1,1.4,2.5,0.6,0.6,1.1,0.6,5.7
F,178,Duane Causwell,73,14.3,3.4,1.2,3.0,41.7,0.0,0.0,0.0,1.0,1.3,72.9,1.2,2.2,3.4,0.3,0.4,1.1,0.7,5.7
F,179,Bobby Hurley,72,14.7,3.1,0.9,3.2,28.3,0.3,1.1,28.9,0.9,1.2,80.0,0.2,0.9,1.0,3.0,0.4,0.0,1.2,3.8
F,180,Pete Chilcutt,74,8.8,2.7,1.0,2.4,40.8,0.5,1.3,37.8,0.2,0.4,65.4,0.7,1.4,2.1,0.4,0.3,0.2,0.3,3.8
F,181,Jim McIlvaine,80,14.9,2.3,0.8,1.8,42.8,0.0,0.0,0.0,0.7,1.3,55.2,0.8,2.1,2.9,0.1,0.3,2.1,0.5,5.6
