pos,#,player,gp,min,pts,fgm,fga,fg%,3pm,3pa,3p%,ftm,fta,ft%,oreb,dreb,reb,ast,stl,blk,tov,eff
G,1,Michael Jordan,82,37.9,29.6,11.2,23.1,48.6,1.4,3.6,37.4,5.9,7.0,83.3,1.4,4.5,5.9,4.3,1.7,0.5,2.0,27.0
F-C,2,Karl Malone,82,36.6,27.4,10.5,19.2,55.0,0.0,0.2,0.0,6.4,8.4,75.5,2.4,7.5,9.9,4.5,1.4,0.6,2.8,30.2
F-G,3,Glen Rice,79,42.6,26.8,9.1,19.2,47.7,2.6,5.6,47.0,5.9,6.8,86.7,0.8,3.2,4.0,2.0,0.9,0.3,2.2,20.9
F,4,Mitch Richmond,81,38.6,25.9,8.9,19.5,45.4,2.5,5.9,42.8,5.6,6.6,86.1,0.7,3.2,3.9,4.2,1.5,0.3,2.9,21.3
G,5,Latrell Sprewell,80,41.9,24.2,8.1,18.1,44.9,1.8,5.2,35.4,6.2,7.3,84.3,0.7,3.9,4.6,6.3,1.7,0.6,4.0,22.2
F,6,Allen Iverson,76,40.1,23.5,8.2,19.8,41.6,2.0,6.0,34.1,5.0,7.2,70.2,1.5,2.6,4.1,7.5,2.1,0.3,4.4,19.3
G,7,Hakeem Olajuwon,78,36.6,23.2,9.3,18.3,51.0,0.1,0.2,31.3,4.5,5.7,78.7,2.2,7.0,9.2,3.0,1.5,2.2,3.6,25.3
G,8,Patrick Ewing,78,37.0,22.4,8.4,17.2,48.8,0.0,0.1,22.2,5.6,7.5,75.4,2.2,8.4,10.7,2.0,0.9,2.4,3.4,24.4
F,9,Kendall Gill,82,39.0,21.8,7.9,17.7,44.3,0.9,2.7,33.6,5.2,6.5,79.7,2.2,3.9,6.1,4.0,1.9,0.6,2.7,20.5
G,10,Gary Payton,82,39.2,21.8,8.6,18.1,47.6,1.5,4.6,31.3,3.1,4.3,71.5,1.3,3.3,4.6,7.1,2.4,0.2,2.6,22.7
G,11,Reggie Miller,81,36.6,21.6,6.8,15.4,44.4,2.8,6.6,42.7,5.2,5.9,88.0,0.7,2.9,3.5,3.4,0.9,0.3,2.0,18.5
C,12,Grant Hill,80,39.3,21.4,7.8,15.7,49.6,0.1,0.4,30.3,5.6,7.9,71.1,1.5,7.5,9.0,7.3,1.8,0.6,3.2,26.6
G,13,Glenn Robinson,80,38.9,21.1,8.4,18.0,46.5,0.8,2.3,35.0,3.6,4.6,79.1,1.6,4.7,6.3,3.1,1.3,0.9,3.4,18.7
G,14,Vin Baker,78,40.5,21.0,8.1,16.0,50.5,0.2,0.7,27.8,4.6,6.7,68.7,3.4,6.9,10.3,2.7,1.0,1.4,3.1,23.3
G,15,Jerry Stackhouse,81,39.1,20.7,6.6,16.1,40.7,1.3,4.2,29.8,6.3,8.2,76.6,1.9,2.2,4.2,3.1,1.1,0.8,3.9,14.6
G,16,Tom Gugliotta,81,38.7,20.6,7.3,16.5,44.2,0.3,1.1,25.8,5.7,7.0,82.0,2.3,6.4,8.7,4.1,1.6,1.1,3.6,22.0
F,17,Tim Hardaway,81,38.7,20.3,7.1,17.1,41.5,2.5,7.3,34.4,3.6,4.5,79.9,0.6,2.8,3.4,8.6,1.9,0.1,2.8,20.5
F,18,Scottie Pippen,82,37.7,20.2,7.9,16.7,47.4,1.9,5.2,36.8,2.5,3.5,70.1,2.0,4.5,6.5,5.7,1.9,0.5,2.6,22.4
G,19,Damon Stoudamire,81,40.9,20.2,7.0,17.4,40.1,2.2,6.1,35.5,4.1,5.0,82.3,1.1,3.0,4.1,8.8,1.5,0.2,3.6,19.8
C,20,Kevin Johnson,70,38.0,20.1,6.3,12.7,49.6,1.3,2.9,44.1,6.3,7.4,85.2,0.8,2.8,3.6,9.3,1.5,0.2,3.1,24.1
G,21,Chris Webber,72,39.0,20.1,8.4,16.2,51.8,0.8,2.1,39.7,2.5,4.3,56.5,3.3,7.0,10.3,4.6,1.7,1.9,3.2,25.7
F,21,Steven Smith,72,39.1,20.1,6.8,15.9,42.9,1.8,5.4,33.5,4.6,5.5,84.7,1.3,2.1,3.3,4.2,0.9,0.3,2.4,16.4
G,23,Terrell Brandon,78,36.8,19.5,7.4,16.8,43.8,1.3,3.5,37.3,3.4,3.8,90.2,0.6,3.2,3.9,6.3,1.8,0.4,2.3,19.7
F,24,Juwan Howard,82,40.5,19.1,7.8,16.0,48.6,0.0,0.0,0.0,3.6,4.7,75.6,2.5,5.5,8.0,3.8,1.1,0.3,3.0,19.9
G,25,Shawn Kemp,81,34.0,18.7,6.5,12.7,51.0,0.1,0.4,36.4,5.6,7.5,74.2,3.4,6.6,10.0,1.9,1.5,1.0,3.5,21.5
G,26,Shareef Abdur-Rahim,80,35.0,18.7,6.9,15.2,45.3,0.1,0.3,25.9,4.8,6.5,74.6,2.7,4.2,6.9,2.2,1.0,1.0,2.8,17.0
F,27,Joe Smith,80,38.6,18.7,7.3,16.2,45.4,0.2,0.6,26.1,3.8,4.7,81.4,3.3,5.2,8.5,1.6,0.9,1.1,2.4,18.6
G,28,Antonio McDyess,74,34.7,18.3,7.2,15.6,46.3,0.1,0.5,17.1,3.7,5.2,70.8,2.1,5.2,7.3,1.4,0.8,1.7,2.7,16.9
F,29,Christian Laettner,82,38.3,18.1,6.7,13.8,48.6,0.4,1.1,35.2,4.4,5.4,81.6,2.6,6.2,8.8,2.7,1.2,0.8,2.7,20.9
C,30,Kenny Anderson,82,37.6,17.5,5.9,13.9,42.7,1.6,4.5,36.1,4.1,5.3,76.8,1.1,3.3,4.4,7.1,2.0,0.2,2.4,19.7
G,31,Antoine Walker,82,36.2,17.5,7.0,16.5,42.5,0.6,1.9,32.7,2.8,4.5,63.1,3.5,5.5,9.0,3.2,1.3,0.6,2.8,17.7
G,32,Mookie Blaylock,78,39.2,17.4,6.4,14.9,43.2,2.8,7.7,36.6,1.7,2.2,75.3,1.5,3.8,5.3,5.9,2.7,0.3,2.4,20.2
G-F,33,Rony Seikaly,74,35.3,17.3,6.2,12.3,50.7,0.0,0.0,0.0,4.8,6.8,71.4,3.7,5.8,9.5,1.2,0.7,1.4,2.9,19.2
F,34,Rod Strickland,82,36.5,17.2,6.3,13.5,46.6,0.2,0.9,16.9,4.5,6.1,73.8,1.2,2.9,4.1,8.9,1.7,0.2,3.3,20.0
F,35,Eddie Jones,80,37.5,17.2,5.9,13.5,43.8,1.9,4.9,39.1,3.5,4.2,81.9,1.1,3.0,4.1,3.4,2.4,0.6,2.1,17.1
C-F,36,Kevin Garnett,77,38.9,17.0,7.1,14.3,49.9,0.1,0.3,28.6,2.7,3.5,75.4,2.5,5.6,8.0,3.1,1.4,2.1,2.3,21.3
G,37,David Wesley,74,40.4,16.8,6.2,13.2,46.8,1.4,3.9,36.0,3.0,3.9,78.1,0.9,2.7,3.6,7.3,2.2,0.2,2.9,19.2
F-G,38,Dale Ellis,82,35.9,16.6,5.8,14.0,41.4,2.3,6.4,36.4,2.6,3.2,81.7,1.2,2.4,3.6,2.0,0.7,0.1,1.8,12.4
G,39,Kerry Kittles,82,36.7,16.4,6.2,14.5,42.6,1.9,5.1,37.7,2.1,2.8,77.1,1.3,2.6,3.9,3.0,1.9,0.4,1.5,15.2
C,40,Walt Williams,73,36.3,16.4,5.7,13.5,42.7,2.4,6.0,40.0,2.5,3.3,76.5,1.4,3.6,5.0,2.7,1.3,0.8,2.4,15.5
G-F,41,Anthony Mason,73,43.1,16.2,5.9,11.3,52.5,0.0,0.0,33.3,4.4,5.9,74.5,2.5,8.8,11.4,5.7,1.0,0.5,2.3,25.6
G,42,Bryant Reeves,75,37.0,16.2,6.6,13.7,48.6,0.0,0.1,9.1,2.9,4.1,70.4,2.3,5.8,8.1,2.1,0.4,0.9,2.3,17.1
C,43,Isaiah Rider,76,33.7,16.1,6.0,12.9,46.4,1.3,3.4,38.5,2.8,3.4,81.2,1.2,2.8,4.0,2.6,0.6,0.3,2.8,13.2
F-C,44,Jim Jackson,77,36.8,15.9,5.8,13.4,43.1,1.1,3.2,34.8,3.3,4.0,81.3,1.7,3.6,5.3,4.1,1.1,0.4,2.7,15.8
F,45,Rick Fox,76,34.9,15.4,5.7,12.5,45.6,1.3,3.7,36.3,2.7,3.5,78.7,1.5,3.7,5.2,3.8,2.2,0.5,2.3,17.2
F,46,Nick Van Exel,79,37.2,15.3,5.5,13.6,40.2,2.2,5.9,37.8,2.1,2.5,82.5,0.6,2.3,2.9,8.5,0.9,0.1,2.7,16.4
G,47,Clifford Robinson,81,38.0,15.1,5.5,12.9,42.6,1.5,4.3,34.6,2.7,3.8,69.6,1.1,2.9,4.0,3.2,1.2,0.8,2.1,13.7
F-G,48,Michael Finley,83,33.6,15.0,5.7,12.9,44.4,1.2,3.4,36.1,2.4,3.0,80.8,1.1,3.4,4.5,2.7,0.8,0.3,2.0,13.6
G-F,49,Eric Williams,72,33.8,15.0,5.2,11.4,45.6,0.0,0.1,25.0,4.6,6.1,75.2,1.8,2.8,4.6,1.8,1.0,0.2,1.9,12.9
F-G,50,Elden Campbell,77,32.7,14.9,5.7,12.2,46.9,0.0,0.1,25.0,3.4,4.8,71.1,2.7,5.3,8.0,1.6,0.6,1.5,1.7,17.1
G,51,Loy Vaught,82,34.6,14.9,6.6,13.2,50.0,0.0,0.1,16.7,1.6,2.3,70.2,2.7,7.3,10.0,1.3,1.0,0.3,1.7,18.5
G,52,Allan Houston,81,33.1,14.8,5.4,12.7,42.3,1.8,4.7,38.5,2.2,2.7,80.3,0.5,2.4,3.0,2.2,0.5,0.2,2.1,10.7
F,53,Joe Dumars,79,37.0,14.7,4.9,11.1,44.0,2.1,4.9,43.2,2.8,3.2,86.7,0.5,1.9,2.4,4.0,0.7,0.0,1.6,13.6
C,54,Todd Day,81,28.1,14.5,4.9,12.3,39.8,1.6,4.3,36.2,3.2,4.1,77.3,1.3,2.7,4.1,1.4,1.3,0.6,1.6,12.1
F,55,Jeff Hornacek,82,31.6,14.5,5.0,10.4,48.2,0.9,2.4,36.9,3.6,4.0,89.9,0.7,2.2,2.9,4.4,1.5,0.3,1.6,16.3
G,56,Doug Christie,81,38.6,14.5,4.9,11.7,41.7,1.8,4.7,38.4,2.9,3.8,77.5,1.0,4.3,5.3,3.9,2.5,0.6,2.5,16.6
G-F,57,Chris Mullin,79,34.6,14.5,5.5,10.0,55.3,1.1,2.6,41.1,2.3,2.7,86.4,0.9,3.1,4.0,4.1,1.6,0.4,2.4,17.3
F,58,Anthony Peeler,72,31.8,14.5,5.6,14.0,39.8,1.8,4.8,37.3,1.5,1.8,82.0,0.8,2.7,3.4,3.6,1.5,0.2,2.2,12.2
F,59,John Stockton,82,35.3,14.4,5.1,9.3,54.8,0.9,2.2,42.2,3.4,4.0,84.6,0.5,2.2,2.8,10.5,2.0,0.2,3.0,22.1
C,60,Lindsey Hunter,82,36.9,14.2,5.1,12.7,40.4,2.0,5.7,35.5,1.9,2.5,77.8,0.7,2.1,2.8,1.9,1.6,0.3,1.2,11.5
F,61,Hersey Hawkins,82,33.6,13.9,4.5,9.7,46.4,1.7,4.3,40.3,3.1,3.6,87.5,1.1,2.8,3.9,3.0,1.9,0.1,1.6,15.7
G,62,John Starks,77,26.5,13.8,4.8,11.1,43.1,1.9,5.3,36.9,2.2,2.9,76.9,0.5,2.2,2.7,2.8,1.2,0.1,2.1,11.5
F,63,Mahmoud Abdul-Rauf,75,28.4,13.7,5.5,12.3,44.5,1.3,3.3,38.2,1.5,1.8,84.6,0.2,1.4,1.6,2.5,0.7,0.1,1.6,10.0
F,64,Danny Manning,77,27.7,13.5,5.5,10.3,53.6,0.1,0.5,19.4,2.4,3.3,72.1,1.8,4.3,6.1,2.2,1.1,1.0,2.1,16.1
C,65,Wesley Person,80,29.1,13.5,5.1,11.3,45.3,2.1,5.2,41.3,1.1,1.4,79.8,0.9,2.8,3.7,1.5,1.1,0.3,1.0,12.6
G,66,Malik Sealy,80,30.7,13.5,4.7,11.8,39.6,1.0,2.8,35.6,3.2,3.6,87.6,0.7,2.2,3.0,2.1,1.6,0.6,1.9,11.2
F,67,Ray Allen,82,30.9,13.4,4.8,11.1,43.0,1.4,3.6,39.3,2.5,3.0,82.3,1.2,2.8,4.0,2.6,0.9,0.1,1.8,12.3
C,68,Chris Mills,80,39.6,13.4,5.1,11.2,45.3,1.1,2.8,39.1,2.2,2.6,84.2,1.5,4.7,6.2,2.5,1.1,0.5,1.5,15.7
F,69,Dikembe Mutombo,80,37.2,13.3,4.8,9.0,52.7,0.0,0.0,0.0,3.8,5.4,70.5,3.4,8.3,11.6,1.4,0.6,3.3,2.3,22.0
C,70,Rodney Rogers,81,30.6,13.2,5.0,10.9,46.2,0.8,2.2,36.1,2.4,3.6,66.3,1.7,3.4,5.1,2.7,1.1,0.8,2.7,13.1
G,71,Shawn Bradley,73,31.3,13.2,5.6,12.4,44.9,0.0,0.1,0.0,2.0,3.1,65.4,3.0,5.3,8.4,0.7,0.5,3.4,1.8,16.4
G,72,Otis Thorpe,79,33.7,13.1,5.3,10.0,53.2,0.0,0.0,0.0,2.5,3.8,65.3,2.9,5.0,7.9,1.7,0.7,0.2,1.8,15.8
F,73,Tyrone Hill,74,34.9,12.9,4.8,8.0,60.0,0.0,0.0,0.0,3.3,5.1,63.3,3.5,6.4,9.9,1.2,0.9,0.4,2.0,18.3
F,74,Vernon Maxwell,72,28.7,12.9,4.7,12.6,37.5,1.6,5.2,30.9,1.9,2.5,74.4,0.4,1.8,2.2,2.1,1.2,0.3,1.7,8.5
F,75,Larry Johnson,76,34.4,12.8,4.9,9.7,51.2,0.4,1.4,32.4,2.5,3.6,69.3,2.2,3.0,5.2,2.3,0.8,0.5,1.8,14.0
G-F,76,Vlade Divac,81,35.1,12.6,5.2,10.5,49.4,0.1,0.6,23.4,2.2,3.2,68.3,3.0,6.0,9.0,3.7,1.3,2.2,2.4,20.1
G-F,77,Olden Polynice,82,35.3,12.5,5.4,11.8,45.7,0.0,0.1,0.0,1.7,3.1,56.2,3.3,6.1,9.4,2.2,0.6,1.0,2.0,15.9
G,78,Vinny Del Negro,72,31.2,12.3,5.1,10.8,46.7,0.6,1.9,31.4,1.6,1.8,86.8,0.5,2.4,2.9,3.2,0.8,0.1,1.3,12.1
F,79,Voshon Lenard,73,28.9,12.3,4.3,9.4,45.9,2.5,6.1,41.4,1.2,1.4,81.9,0.5,2.5,3.0,2.2,0.7,0.2,1.5,11.6
C,80,Clar. Weatherspoon,82,36.0,12.2,4.9,9.9,49.1,0.0,0.1,16.7,2.5,3.4,73.8,2.7,5.6,8.3,1.7,0.9,1.0,1.7,16.6
G,81,Mario Elie,78,34.4,11.7,3.7,7.5,49.7,1.5,3.7,42.0,2.7,3.0,89.6,0.8,2.2,3.0,4.0,1.2,0.2,1.7,14.2
F-C,82,Corliss Williamson,79,25.2,11.6,4.7,9.4,49.8,0.0,0.0,0.0,2.2,3.2,68.9,1.8,2.4,4.1,1.6,0.8,0.6,2.0,10.9
G,83,Mark Price,70,26.8,11.3,3.8,8.4,44.7,1.6,4.0,39.6,2.2,2.4,90.6,0.5,2.0,2.6,4.9,1.0,0.0,2.3,12.6
F,84,Kevin Willis,75,26.2,11.2,4.7,9.7,48.1,0.0,0.2,14.3,1.9,2.7,69.3,1.9,5.5,7.5,0.9,0.6,0.4,1.6,13.2
C,85,Sam Perkins,81,24.4,11.0,3.6,8.2,43.9,1.5,3.8,39.5,2.3,2.8,81.7,0.9,2.8,3.7,1.3,0.9,0.6,1.0,11.4
C,86,Darrick Martin,82,22.2,10.9,3.6,8.8,40.7,1.1,2.9,38.9,2.7,3.0,87.2,0.3,1.1,1.4,4.1,0.7,0.0,1.5,10.0
G-F,87,Terry Mills,79,25.3,10.8,3.9,8.9,44.4,2.2,5.3,42.2,0.7,0.9,82.9,0.9,3.9,4.8,1.3,0.4,0.3,1.1,11.5
F,88,Charles Oakley,80,35.9,10.8,4.2,8.7,48.8,0.1,0.2,26.3,2.3,2.8,80.8,3.1,6.7,9.8,2.8,1.4,0.3,2.1,17.9
G,89,Bryon Russell,81,31.2,10.8,3.7,7.7,47.9,1.3,3.3,40.9,2.1,3.0,70.1,1.0,3.1,4.1,1.5,1.6,0.3,1.2,12.3
C,90,Gary Trent,82,23.4,10.8,4.4,8.2,53.6,0.0,0.1,0.0,2.0,2.8,69.9,1.9,3.3,5.2,1.1,0.6,0.4,1.6,11.8
G,91,Gheorghe Muresan,73,25.3,10.6,4.5,7.4,60.4,0.0,0.0,0.0,1.7,2.7,61.8,1.9,4.7,6.6,0.4,0.6,1.3,1.6,14.0
F-G,92,Danny Ferry,82,32.1,10.6,4.2,9.7,42.9,1.4,3.5,40.1,0.9,1.1,85.1,1.0,3.1,4.1,1.8,0.7,0.4,1.1,10.8
G,93,Gerald Wilkins,80,27.5,10.6,4.0,9.5,42.6,0.8,2.5,32.5,1.7,2.4,71.6,0.7,1.4,2.2,2.2,0.7,0.2,1.5,8.1
F-C,94,Calbert Cheaney,79,30.5,10.6,4.7,9.2,50.5,0.1,0.4,13.3,1.2,1.7,69.3,0.9,2.5,3.4,1.4,1.0,0.2,1.2,10.3
F,95,Avery Johnson,76,32.5,10.5,4.3,9.0,47.7,0.1,0.3,23.1,1.8,2.7,69.0,0.4,1.5,1.9,6.8,1.3,0.2,1.9,13.2
G,96,Antonio Davis,82,28.5,10.5,3.8,7.8,48.0,0.0,0.2,7.1,2.9,4.4,66.6,2.3,5.0,7.3,0.8,0.5,1.0,1.7,12.8
G-F,97,Dale Davis,80,32.4,10.4,4.6,8.6,53.8,0.0,0.0,0.0,1.2,2.7,42.8,3.8,5.9,9.7,0.7,0.8,1.0,1.4,15.6
C,98,Derek Harper,75,29.5,10.0,4.0,9.0,44.4,0.8,2.3,34.1,1.3,1.7,74.2,0.4,1.4,1.8,4.3,1.2,0.2,1.8,10.3
G-F,99,Tracy Murray,82,22.1,10.0,3.5,8.3,42.5,1.3,3.7,35.3,1.6,2.0,83.9,1.0,2.1,3.1,1.0,0.8,0.2,1.0,9.0
C-F,100,Travis Best,76,27.2,9.9,3.6,8.2,44.2,0.8,2.0,36.8,2.0,2.6,75.6,0.5,1.7,2.2,4.2,1.3,0.1,2.0,10.4
G,101,Mark Jackson,82,37.2,9.9,3.5,8.3,42.6,0.8,2.2,37.1,2.0,2.6,78.9,1.1,3.7,4.8,11.4,1.2,0.1,3.3,18.8
C,102,Sherman Douglas,79,29.3,9.7,3.9,7.7,50.2,0.5,1.4,33.3,1.4,2.2,66.7,0.7,1.7,2.4,5.4,1.0,0.1,1.9,12.1
F,103,Ike Austin,82,22.9,9.7,3.9,7.8,50.2,0.0,0.0,0.0,1.8,2.8,66.4,1.7,4.2,5.8,1.2,0.5,0.5,2.0,11.0
F,104,Tyrone Corbin,70,32.9,9.5,3.6,8.6,42.2,1.1,3.0,35.6,1.2,1.5,79.6,1.1,3.1,4.2,1.8,1.3,0.1,1.2,10.4
F-G,105,P.J. Brown,80,32.4,9.5,3.8,8.2,45.7,0.0,0.0,0.0,2.0,2.8,73.2,3.0,5.4,8.4,1.2,1.1,1.2,1.4,14.7
G,106,Matt Maloney,82,29.1,9.4,3.3,7.5,44.1,1.9,4.6,40.4,0.9,1.1,76.3,0.2,1.7,2.0,3.7,1.0,0.0,1.5,10.1
G,107,Sam Mitchell,82,24.9,9.3,3.3,7.4,44.6,0.0,0.3,16.0,2.7,3.6,75.9,1.4,2.6,4.0,1.0,0.6,0.2,1.1,9.1
C-F,108,Bob Sura,82,27.7,9.2,3.1,7.2,43.1,0.6,2.0,32.3,2.4,3.9,61.4,0.9,2.8,3.8,4.8,1.1,0.4,2.2,11.4
G,109,Johnny Newman,82,25.1,8.7,3.0,6.7,45.0,0.4,1.2,34.7,2.3,3.0,76.5,0.8,1.5,2.3,1.4,0.9,0.2,1.4,7.7
G,110,Armen Gilliam,80,25.6,8.6,3.1,6.5,47.1,0.0,0.0,0.0,2.5,3.2,76.8,1.7,4.5,6.2,0.7,0.8,0.5,1.3,11.3
G-F,111,Derek Strong,82,24.4,8.5,3.2,7.1,44.7,0.0,0.2,0.0,2.1,2.7,80.3,2.1,4.2,6.3,0.9,0.6,0.2,1.2,10.8
F,112,Mark Davis,75,22.7,8.5,3.3,7.1,46.9,0.3,1.2,25.8,1.5,2.2,67.3,1.8,2.5,4.3,1.8,1.1,0.4,1.6,10.1
F-C,113,Steve Kerr,82,22.7,8.1,3.0,5.7,53.3,1.3,2.9,46.4,0.7,0.8,80.6,0.4,1.2,1.6,2.1,0.8,0.0,0.5,9.3
F,114,Carl Herrera,75,24.5,8.0,3.4,7.9,43.3,0.0,0.1,33.3,1.1,1.6,68.6,1.6,3.0,4.5,0.7,0.8,0.7,1.3,8.5
G,115,Popeye Jones,79,30.6,7.8,3.3,6.8,48.0,0.0,0.2,7.7,1.3,1.5,81.8,3.4,5.2,8.6,1.1,0.7,0.5,1.5,13.4
G-F,116,Marty Conlon,74,21.8,7.8,2.9,6.1,47.1,0.0,0.1,20.0,1.9,2.3,84.2,1.7,2.6,4.4,1.4,0.6,0.2,1.5,9.3
G,117,Bo Outlaw,82,26.8,7.6,3.1,5.1,60.9,0.0,0.1,0.0,1.4,2.8,50.4,2.1,3.4,5.5,1.9,1.1,1.7,1.3,13.3
F-C,118,Kobe Bryant,71,15.5,7.6,2.5,5.9,41.7,0.7,1.9,37.5,1.9,2.3,81.9,0.7,1.2,1.9,1.3,0.7,0.3,1.6,6.3
F,119,Lamond Murray,74,17.5,7.4,2.4,5.9,41.6,0.4,1.2,34.1,2.1,2.9,73.9,1.1,2.0,3.1,0.8,0.7,0.4,1.2,7.1
F,120,Antoine Carr,82,17.8,7.4,3.1,6.4,48.3,0.0,0.0,0.0,1.2,1.5,78.0,0.7,1.6,2.4,0.9,0.3,0.8,0.9,7.1
F,121,Jason Caffey,75,18.7,7.3,2.7,5.1,53.2,0.0,0.0,0.0,1.9,2.8,65.9,1.8,2.2,4.0,1.2,0.3,0.1,1.3,8.3
G,122,Lorenzen Wright,77,25.1,7.3,3.1,6.4,48.1,0.0,0.1,25.0,1.1,1.9,58.7,2.7,3.4,6.1,0.6,0.6,0.8,1.0,10.3
F-C,123,Greg Ostertag,77,23.6,7.3,2.7,5.3,51.5,0.0,0.1,0.0,1.8,2.7,67.8,2.3,5.0,7.3,0.4,0.3,2.0,1.0,12.8
G,124,Cory Alexander,80,18.2,7.2,2.4,6.1,39.6,1.2,3.2,37.3,1.2,1.6,73.6,0.4,1.2,1.5,3.2,1.0,0.2,1.8,7.2
F-G,125,A.C. Green,83,30.0,7.2,2.8,5.8,48.3,0.0,0.2,5.0,1.5,2.4,65.0,2.7,5.2,7.9,0.8,0.8,0.2,0.9,12.2
F,126,Tony Massenburg,79,24.7,7.2,2.8,5.7,48.5,0.0,0.0,0.0,1.6,2.6,63.1,2.8,3.7,6.5,0.3,0.5,0.6,1.2,10.1
F-G,127,Brian Shaw,77,24.2,7.2,2.5,6.7,36.6,0.8,2.5,32.5,1.4,1.8,79.3,0.6,1.9,2.5,4.1,0.9,0.3,2.2,8.2
F-C,128,Ervin Johnson,82,31.7,7.1,3.0,5.7,52.0,0.0,0.0,0.0,1.2,1.9,61.5,2.8,8.3,11.1,0.9,0.8,2.8,1.4,17.8
G,129,Tyus Edney,70,19.7,6.9,2.1,5.6,38.4,0.1,0.6,19.0,2.5,3.1,82.3,0.5,1.1,1.6,3.2,0.9,0.0,1.6,7.1
G,130,Terry Porter,82,19.1,6.9,2.3,5.5,41.6,0.8,2.4,33.5,1.5,2.0,76.5,0.4,1.8,2.1,3.6,0.7,0.1,1.6,8.2
G,131,Elliot Perry,82,19.5,6.9,2.6,5.6,47.4,0.6,1.7,35.8,1.0,1.3,74.5,0.3,1.2,1.5,3.0,1.2,0.0,1.4,8.0
F,132,Jerome Kersey,70,25.2,6.8,2.8,6.4,43.2,0.2,0.9,26.2,1.0,1.7,60.2,1.6,3.6,5.2,1.3,1.7,0.7,1.1,10.3
C,133,Byron Scott,79,18.2,6.7,2.1,4.8,43.0,0.9,2.4,38.8,1.6,1.9,84.1,0.3,1.2,1.5,1.3,0.6,0.2,0.7,6.5
G,135,Michael Smith,81,31.2,6.6,2.5,4.6,53.9,0.0,0.0,0.0,1.6,3.2,49.6,3.2,6.3,9.5,2.4,1.0,0.7,1.6,14.8
F,136,Terry Dehere,73,14.4,6.4,2.0,5.2,38.6,0.7,2.2,32.5,1.7,2.0,82.4,0.2,1.1,1.3,2.2,0.4,0.0,1.3,5.4
G,137,Ron Harper,76,22.9,6.3,2.3,5.3,43.6,0.9,2.5,36.2,0.8,1.1,70.7,0.6,1.9,2.5,2.5,1.1,0.5,0.7,9.0
F-G,138,Buck Williams,74,20.2,6.3,2.4,4.4,53.7,0.0,0.0,0.0,1.6,2.4,64.2,2.2,3.1,5.4,0.7,0.5,0.5,1.1,9.4
C,139,Tom Hammonds,81,21.7,6.2,2.4,4.9,48.0,0.0,0.0,0.0,1.5,2.1,72.1,1.7,3.3,5.0,0.8,0.2,0.3,1.1,8.2
F,140,Vitaly Potapenko,80,15.5,5.8,2.3,5.3,44.0,0.0,0.0,50.0,1.2,1.6,73.6,1.3,1.4,2.7,0.5,0.3,0.4,1.4,5.0
F,141,Theo Ratliff,76,17.0,5.8,2.4,4.4,53.1,0.0,0.0,0.0,1.1,1.5,69.8,1.4,1.9,3.4,0.2,0.4,1.5,0.7,7.9
F-G,142,Eldridge Recasner,71,17.0,5.7,2.1,4.9,42.3,0.8,2.0,41.4,0.7,0.8,87.9,0.5,1.1,1.6,1.3,0.5,0.1,0.9,5.4
F,143,Andrew DeClercq,71,15.0,5.3,2.0,3.8,52.0,0.0,0.0,0.0,1.3,2.1,60.3,1.7,2.5,4.2,0.5,0.5,0.4,1.1,7.0
F,144,Chris Whitney,82,13.6,5.2,1.7,4.0,42.1,0.7,2.0,35.6,1.1,1.4,83.2,0.2,1.1,1.3,2.2,0.6,0.0,0.8,6.0
F,145,Aaron McKie,83,19.6,5.2,1.8,4.4,41.1,0.5,1.2,39.8,1.1,1.3,83.6,0.5,2.2,2.7,1.9,0.9,0.3,1.1,7.1
G,146,Charlie Ward,79,22.3,5.2,1.7,4.3,39.5,0.6,1.9,31.2,1.2,1.6,76.0,0.6,2.2,2.8,4.1,1.1,0.2,1.9,8.5
G,147,Erick Dampier,72,14.6,5.1,1.8,4.7,39.0,0.0,0.0,100.0,1.5,2.3,63.7,1.3,2.8,4.1,0.6,0.3,1.0,1.2,6.2
F,148,Lee Mayberry,80,24.4,5.1,1.9,4.6,40.3,1.0,2.8,37.6,0.4,0.6,63.0,0.4,1.3,1.7,4.1,0.8,0.1,1.1,7.7
G,149,Felton Spencer,73,21.3,5.1,1.9,3.9,48.9,0.0,0.0,0.0,1.3,2.2,58.4,2.2,3.5,5.7,0.3,0.5,0.7,1.2,8.1
G,150,Jaren Jackson,75,15.1,5.0,1.8,4.4,40.7,0.7,2.1,33.5,0.7,0.9,76.8,0.4,1.3,1.8,0.9,0.6,0.2,0.8,4.8
C,151,Keith Askins,78,22.7,4.9,1.8,4.1,43.3,0.9,2.2,40.1,0.5,0.7,67.2,1.1,2.4,3.5,1.0,0.7,0.2,0.8,7.0
F,152,Travis Knight,71,16.3,4.8,2.0,3.9,50.9,0.0,0.0,0.0,0.9,1.4,62.0,1.8,2.7,4.5,0.5,0.4,0.8,0.7,8.0
F,153,Randy Brown,72,14.7,4.7,1.9,4.6,42.0,0.1,0.3,18.2,0.8,1.2,67.9,0.5,1.1,1.5,1.8,1.1,0.2,0.8,5.6
F,154,Matt Bullard,71,14.4,4.5,1.6,4.0,40.1,0.9,2.6,36.6,0.4,0.5,73.5,0.2,1.5,1.6,0.9,0.3,0.3,0.5,4.6
F-C,155,Howard Eisley,82,13.2,4.5,1.7,3.8,45.1,0.2,0.9,27.8,0.9,1.1,78.7,0.2,0.8,1.0,2.4,0.5,0.1,1.3,5.0
G,156,Eric Montross,78,23.4,4.3,2.0,4.5,45.6,0.0,0.0,0.0,0.3,0.8,33.9,2.3,4.3,6.6,0.8,0.3,0.9,1.0,9.0
G,157,Chris Morris,73,13.4,4.3,1.7,4.1,40.8,0.4,1.5,27.4,0.5,0.7,72.2,0.5,1.7,2.2,0.6,0.4,0.3,0.6,4.6
F,158,Larry Stewart,70,14.0,4.3,1.6,3.6,44.4,0.1,0.5,24.3,1.0,1.3,72.0,1.1,1.4,2.4,0.7,0.4,0.3,0.9,5.0
G,159,Todd Fuller,75,12.7,4.1,1.5,3.5,42.9,0.0,0.0,0.0,1.0,1.5,69.1,1.4,1.9,3.3,0.3,0.1,0.3,0.7,4.9
G-F,160,Harvey Grant,78,20.6,4.1,1.7,4.0,41.1,0.4,1.1,31.5,0.4,0.5,76.9,0.8,2.5,3.3,0.9,0.6,0.6,0.4,6.5
C,161,Greg Anderson,82,20.2,3.9,1.6,3.2,49.6,0.0,0.0,0.0,0.8,1.1,66.7,1.9,3.5,5.5,0.4,0.8,0.8,0.9,8.5
C-F,162,Michael Curry,81,15.0,3.9,1.2,2.7,44.8,0.3,1.0,29.9,1.2,1.3,89.8,0.3,1.2,1.5,0.5,0.4,0.1,0.3,4.5
G,163,Chris Dudley,81,22.7,3.9,1.6,3.6,43.0,0.0,0.0,0.0,0.8,1.7,47.4,2.5,4.8,7.3,0.5,0.5,1.2,1.0,9.5
F-G,164,Derek Fisher,80,11.5,3.9,1.3,3.3,39.7,0.3,0.9,30.1,1.0,1.5,65.8,0.3,0.9,1.2,1.5,0.5,0.1,0.9,3.8
C,165,Jim McIlvaine,82,18.0,3.8,1.6,3.4,47.1,0.0,0.1,14.3,0.6,1.3,49.5,1.6,2.4,4.0,0.3,0.5,2.0,0.8,7.4
G-F,166,Greg Foster,79,11.6,3.5,1.4,3.1,45.3,0.0,0.0,66.7,0.7,0.8,83.1,0.7,1.7,2.4,0.4,0.1,0.3,0.7,4.1
F,167,Cherokee Parks,76,12.6,3.3,1.4,2.7,51.0,0.0,0.0,0.0,0.6,1.0,60.5,1.1,1.5,2.6,0.4,0.5,0.6,0.4,5.4
G,168,Mark West,70,13.7,3.2,1.4,2.6,55.6,0.0,0.0,0.0,0.4,0.8,48.2,1.0,1.7,2.7,0.3,0.2,0.8,0.7,4.8
F-G,169,Jerome Allen,76,12.4,3.0,1.0,2.9,35.3,0.4,1.2,32.3,0.6,0.9,58.3,0.3,1.0,1.3,2.0,0.4,0.1,0.9,3.6
C,170,Chucky Brown,70,10.8,2.9,1.1,2.2,50.6,0.0,0.1,16.7,0.7,1.0,67.1,0.6,1.5,2.1,0.4,0.1,0.3,0.3,4.2
G,171,Brett Szabo,70,9.5,2.2,0.8,1.7,44.6,0.0,0.0,0.0,0.6,0.9,73.8,0.8,1.6,2.4,0.2,0.2,0.5,0.6,3.7
G,172,Michael Cage,82,15.2,1.8,0.8,1.7,46.8,0.0,0.0,0.0,0.2,0.5,46.3,1.4,2.5,3.9,0.5,0.6,0.5,0.2,6.0
G,173,Jud Buechler,76,9.3,1.8,0.8,2.1,36.7,0.2,0.7,33.3,0.1,0.2,35.7,0.6,1.1,1.7,0.8,0.3,0.3,0.4,3.1
G,174,Ivano Newbill,72,11.8,1.4,0.6,1.3,44.0,0.0,0.0,0.0,0.3,0.7,38.5,1.1,1.8,2.8,0.3,0.4,0.2,0.6,3.4
