pos,#,player,gp,min,pts,fgm,fga,fg%,3pm,3pa,3p%,ftm,fta,ft%,oreb,dreb,reb,ast,stl,blk,tov,eff
G,1,Michael Jordan,82,38.8,28.7,10.7,23.1,46.5,0.4,1.5,23.8,6.9,8.8,78.4,1.6,4.2,5.8,3.5,1.7,0.5,2.3,23.8
F-C,2,Shaquille O'Neal,60,36.3,28.3,11.2,19.1,58.4,0.0,0.0,0.0,6.0,11.4,52.7,3.5,7.9,11.4,2.4,0.7,2.4,2.9,28.9
F-G,3,Karl Malone,81,37.4,27.0,9.6,18.2,53.0,0.0,0.1,33.3,7.8,10.2,76.1,2.3,8.0,10.3,3.9,1.2,0.9,3.0,29.3
F,4,Mitch Richmond,70,36.7,23.2,7.8,17.4,44.5,1.9,4.8,38.9,5.8,6.7,86.4,0.7,2.6,3.3,4.0,1.3,0.2,2.6,18.7
G,5,Antoine Walker,82,39.9,22.4,8.8,20.8,42.3,1.1,3.6,31.2,3.7,5.8,64.5,3.3,6.9,10.2,3.3,1.7,0.7,3.6,20.8
F,6,Shareef Abdur-Rahim,82,36.0,22.3,8.0,16.4,48.5,0.3,0.6,41.2,6.1,7.8,78.4,2.8,4.3,7.1,2.6,1.1,0.9,3.1,20.7
G,7,Glen Rice,82,40.2,22.3,7.7,16.9,45.7,1.6,3.7,43.3,5.2,6.1,84.9,1.1,3.2,4.3,2.2,0.9,0.3,2.2,17.7
G,8,Allen Iverson,80,39.4,22.0,8.1,17.6,46.1,0.9,2.9,29.8,4.9,6.7,72.9,1.1,2.6,3.7,6.2,2.2,0.3,3.1,20.0
F,9,Chris Webber,71,39.6,21.9,9.1,18.9,48.2,0.9,2.9,31.7,2.8,4.7,58.9,2.5,7.0,9.5,3.8,1.6,1.7,2.6,24.2
G,10,David Robinson,73,33.7,21.6,7.5,14.6,51.1,0.0,0.1,25.0,6.6,9.0,73.5,3.3,7.3,10.6,2.7,0.9,2.6,2.8,26.1
G,11,Michael Finley,82,41.4,21.5,8.2,18.4,44.9,1.1,3.0,35.7,4.0,5.1,78.4,1.8,3.5,5.3,4.9,1.6,0.4,2.7,19.9
C,12,Grant Hill,81,40.7,21.1,7.6,16.8,45.2,0.0,0.3,14.3,5.9,8.0,74.0,1.1,6.5,7.7,6.8,1.8,0.7,3.5,23.2
G,13,Tim Duncan,82,39.1,21.1,8.6,15.7,54.9,0.0,0.1,0.0,3.9,5.9,66.2,3.3,8.6,11.9,2.7,0.7,2.5,3.4,26.5
G,14,Steven Smith,73,39.1,20.1,6.7,15.1,44.4,1.3,3.8,35.1,5.3,6.2,85.5,1.8,2.4,4.2,4.0,1.0,0.4,2.4,18.0
G,15,Isaiah Rider,74,37.6,19.7,7.4,17.6,42.3,1.8,5.7,32.1,3.0,3.6,82.8,1.3,3.3,4.7,3.1,0.7,0.3,2.5,15.2
G,16,Sam Cassell,75,34.7,19.6,6.8,15.4,44.1,0.2,1.1,18.8,5.8,6.8,86.0,1.0,2.1,3.0,8.0,1.6,0.3,3.6,19.4
F,17,Ray Allen,82,40.1,19.5,6.9,16.0,42.8,1.6,4.5,36.4,4.2,4.8,87.5,1.5,3.4,4.9,4.3,1.4,0.1,3.2,17.3
F,18,Reggie Miller,81,34.5,19.5,6.4,13.3,47.7,2.0,4.7,42.9,4.7,5.4,86.8,0.6,2.3,2.9,2.1,1.0,0.1,1.6,16.3
G,19,Vin Baker,82,35.9,19.2,7.7,14.2,54.2,0.0,0.1,14.3,3.8,6.4,59.1,3.5,4.5,8.0,1.9,1.1,1.0,2.1,20.0
C,20,Gary Payton,82,38.4,19.2,7.1,15.6,45.3,1.6,4.8,33.8,3.4,4.6,74.4,0.9,3.6,4.6,8.3,2.3,0.2,2.8,22.0
G,21,Tim Hardaway,81,37.4,18.9,6.9,16.0,43.1,1.9,5.5,35.1,3.2,4.1,78.1,0.6,3.1,3.7,8.3,1.7,0.2,2.8,20.0
F,22,Kevin Garnett,82,39.3,18.5,7.7,15.8,49.1,0.0,0.2,18.8,3.0,4.0,73.8,2.7,6.9,9.6,4.2,1.7,1.8,2.3,24.4
G,23,Allan Houston,82,34.7,18.4,7.0,15.6,44.7,1.0,2.6,38.5,3.5,4.1,85.1,0.5,2.8,3.3,2.6,0.8,0.3,2.4,13.7
F,24,Clyde Drexler,70,35.3,18.4,6.5,15.1,42.7,1.5,4.8,31.7,4.0,4.9,80.1,1.5,3.4,4.9,5.5,1.8,0.6,2.7,18.8
G,25,Shawn Kemp,80,34.6,18.0,6.5,14.6,44.5,0.0,0.1,25.0,5.1,7.0,72.7,2.7,6.6,9.3,2.5,1.4,1.1,3.4,18.9
G,26,Rod Strickland,76,39.7,17.8,6.4,14.9,43.4,0.2,0.6,25.0,4.7,6.5,72.6,1.5,3.9,5.3,10.5,1.7,0.3,3.5,21.9
F,27,Corliss Williamson,79,35.7,17.7,7.1,14.4,49.5,0.0,0.1,0.0,3.5,5.6,63.0,2.1,3.6,5.6,2.9,1.0,0.6,2.5,16.0
G,28,Stephon Marbury,82,38.0,17.7,6.3,15.1,41.5,1.2,3.7,31.3,4.0,5.5,73.1,0.7,2.1,2.8,8.6,1.3,0.1,3.1,17.0
F,29,Damon Stoudamire,71,40.0,17.3,6.3,15.4,41.1,1.3,4.3,29.9,3.4,4.0,82.9,1.2,3.0,4.2,8.2,1.6,0.1,3.1,18.4
C,30,Kerry Kittles,77,36.5,17.2,6.6,15.0,44.0,1.4,3.4,41.8,2.6,3.2,80.8,1.7,3.0,4.7,2.3,1.7,0.5,1.4,16.0
G,31,Eddie Jones,80,36.4,16.9,6.1,12.6,48.4,1.8,4.6,38.9,2.9,3.8,76.5,1.1,2.7,3.8,3.1,2.0,0.7,1.8,17.2
G,32,Rik Smits,73,28.6,16.7,7.0,14.2,49.5,0.0,0.0,0.0,2.6,3.3,78.3,1.7,5.2,6.9,1.4,0.5,1.2,1.8,17.0
G-F,33,Doug Christie,78,37.7,16.5,5.9,13.7,42.8,1.3,3.9,32.6,3.5,4.2,82.9,1.2,4.0,5.2,3.6,2.4,0.7,2.9,17.0
F,34,Bryant Reeves,74,34.1,16.3,6.6,12.7,52.3,0.0,0.1,0.0,3.0,4.3,70.6,2.6,5.3,7.9,2.1,0.5,1.1,2.1,18.5
F,35,Bison Dele,78,33.6,16.2,6.8,13.3,51.1,0.0,0.0,33.3,2.5,3.6,70.7,2.9,6.1,8.9,1.2,0.9,0.7,2.3,17.9
C-F,36,Kevin Willis,81,31.2,16.1,6.6,12.9,51.0,0.0,0.1,14.3,3.0,3.8,79.3,2.9,5.5,8.4,1.0,0.7,0.5,2.1,17.4
G,37,Arvydas Sabonis,73,32.0,16.0,5.6,11.3,49.3,0.4,1.6,26.1,4.4,5.5,79.8,2.0,7.9,10.0,3.0,0.9,1.1,2.6,21.5
F-G,38,Jerry Stackhouse,79,32.2,15.8,5.4,12.3,43.5,0.6,2.5,24.1,4.5,5.7,78.7,1.3,2.0,3.4,3.1,1.1,0.7,2.8,13.1
G,39,Detlef Schrempf,78,35.2,15.8,5.6,11.5,48.7,0.8,1.9,41.5,3.8,4.5,84.4,1.7,5.4,7.1,4.4,0.8,0.2,2.2,19.5
C,40,Jim Jackson,79,38.6,15.7,6.0,14.0,43.0,0.8,2.4,31.9,2.9,3.6,81.2,1.6,3.4,5.1,4.8,1.0,0.1,3.3,14.7
G-F,41,Larry Johnson,70,34.5,15.5,6.1,12.6,48.5,0.2,0.9,23.8,3.1,4.0,75.6,2.5,3.2,5.7,2.1,0.6,0.2,1.8,14.9
G,42,Kobe Bryant,79,26.0,15.4,4.9,11.6,42.8,0.9,2.8,34.1,4.6,5.8,79.4,1.0,2.1,3.1,2.5,0.9,0.5,2.0,12.7
C,42,Lamond Murray,79,32.6,15.4,6.0,12.5,48.1,0.7,1.9,35.3,2.8,3.7,74.8,2.2,3.9,6.1,1.8,1.5,0.7,2.2,16.0
F-C,44,Donyell Marshall,73,35.8,15.4,6.2,14.9,41.4,0.9,2.8,31.3,2.2,3.0,73.1,2.9,5.7,8.6,2.2,1.3,1.0,2.0,16.9
F,45,Ron Mercer,80,33.3,15.3,6.4,14.3,45.0,0.0,0.4,10.7,2.4,2.8,83.9,1.4,2.1,3.5,2.2,1.6,0.2,1.7,12.8
F,46,Antonio McDyess,81,30.1,15.1,6.1,11.4,53.6,0.0,0.0,0.0,2.9,4.1,70.2,2.5,5.0,7.6,1.3,1.2,1.7,1.8,18.6
G,47,Rodney Rogers,76,32.9,15.1,5.6,12.3,45.6,0.9,2.8,34.0,3.0,4.3,68.6,2.0,3.5,5.6,2.7,1.2,0.5,2.5,14.5
F-G,48,Tracy Murray,82,27.2,15.1,5.5,12.3,44.6,1.9,4.9,39.2,2.2,2.5,87.1,0.9,2.5,3.4,1.0,0.8,0.3,1.2,12.2
G-F,49,Johnny Newman,74,29.4,14.7,4.6,10.8,43.1,0.5,1.4,34.3,4.9,6.0,82.0,0.7,1.2,1.9,1.9,1.0,0.3,2.0,10.6
F-G,50,Wesley Person,82,39.0,14.7,5.4,11.7,46.0,2.3,5.5,43.0,1.6,2.1,77.6,0.8,3.6,4.4,2.3,1.6,0.6,1.3,15.5
G,51,Joe Smith,79,29.7,14.6,5.9,13.5,43.4,0.0,0.1,0.0,2.9,3.7,77.5,2.5,3.4,6.0,1.2,0.8,0.6,2.0,12.7
G,52,Rasheed Wallace,77,37.6,14.6,6.1,11.4,53.3,0.1,0.5,20.5,2.4,3.6,66.2,1.7,4.5,6.2,2.5,1.0,1.1,2.2,16.8
F,53,LaPhonso Ellis,76,33.9,14.3,5.4,13.3,40.7,0.8,2.6,28.4,2.7,3.4,80.5,1.9,5.2,7.2,2.8,0.9,0.6,2.3,14.9
C,54,Jeff Hornacek,80,30.8,14.2,5.0,10.4,48.2,0.7,1.6,44.1,3.6,4.0,88.5,0.8,2.6,3.4,4.4,1.4,0.2,1.7,16.1
F,55,Clifford Robinson,80,29.5,14.2,5.4,11.2,47.9,0.3,1.1,32.1,3.1,4.5,68.9,1.9,3.2,5.1,2.1,1.2,1.1,1.8,14.7
G,56,John Wallace,82,28.8,14.0,5.7,11.9,47.8,0.0,0.0,50.0,2.6,3.6,71.7,1.4,3.1,4.5,1.3,0.8,1.2,2.1,12.5
G-F,57,Zydrunas Ilgauskas,82,29.0,13.9,5.5,10.7,51.8,0.0,0.0,25.0,2.8,3.7,76.2,3.4,5.4,8.8,0.9,0.6,1.6,1.8,18.0
F,58,Christian Laettner,74,30.8,13.8,4.8,9.9,48.5,0.1,0.4,22.2,4.1,4.8,86.4,1.9,4.7,6.6,2.6,1.0,1.0,2.5,16.7
F,59,Danny Manning,70,25.6,13.5,5.6,10.8,51.6,0.0,0.1,0.0,2.4,3.2,73.9,1.6,4.0,5.6,2.0,1.0,0.7,1.4,15.3
C,60,Ike Austin,78,29.1,13.5,5.2,11.2,46.6,0.0,0.1,0.0,3.1,4.7,66.9,2.6,4.6,7.1,2.2,0.8,0.7,2.6,14.3
F,61,Dikembe Mutombo,82,35.6,13.4,4.9,9.1,53.7,0.0,0.0,0.0,3.7,5.5,67.0,3.4,8.0,11.4,1.0,0.4,3.4,2.0,21.5
G,62,Kendall Gill,81,33.7,13.4,5.2,12.0,42.9,0.3,1.2,25.7,2.8,4.0,68.8,1.4,3.4,4.8,2.5,1.9,0.8,1.5,13.8
F,63,Toni Kukoc,74,30.2,13.3,5.2,11.4,45.5,0.9,2.4,36.2,2.1,3.0,70.8,1.6,2.8,4.4,4.2,1.0,0.5,2.1,14.4
F,64,Mookie Blaylock,70,38.6,13.2,5.3,13.4,39.2,1.3,4.8,26.9,1.4,1.9,70.9,1.2,3.7,4.9,6.7,2.6,0.3,2.5,16.4
C,65,Joe Dumars,72,32.3,13.1,4.6,11.0,41.6,2.2,5.9,37.1,1.8,2.1,82.5,0.2,1.3,1.4,3.5,0.6,0.0,1.2,10.7
G,66,David Wesley,81,35.1,13.0,4.7,10.7,44.3,0.7,2.1,34.7,2.8,3.6,79.5,0.6,2.0,2.6,6.5,1.7,0.4,2.8,14.8
F,67,John Starks,82,26.7,12.9,4.5,11.5,39.3,1.6,4.9,32.7,2.3,2.9,78.7,0.6,2.2,2.8,2.7,1.0,0.1,1.7,10.0
C,68,Anthony Mason,81,38.9,12.8,4.8,9.4,50.9,0.0,0.0,0.0,3.2,5.0,64.9,2.2,8.0,10.2,4.2,0.8,0.2,1.8,20.1
F,69,Calbert Cheaney,82,34.6,12.8,5.5,12.0,45.7,0.2,0.6,28.3,1.7,2.6,64.7,1.0,3.0,4.0,2.1,1.2,0.4,1.3,11.8
C,70,Voshon Lenard,81,32.4,12.6,4.5,10.5,42.5,1.9,4.7,40.5,1.7,2.2,78.8,0.9,2.7,3.6,2.2,0.7,0.2,1.2,11.6
G,71,Sam Mitchell,81,27.6,12.3,4.6,9.9,46.4,0.2,0.5,34.9,3.0,3.6,83.2,1.5,3.3,4.8,1.3,0.8,0.3,0.8,12.8
G,72,Lindsey Hunter,71,35.3,12.1,4.5,11.6,38.3,1.2,3.7,32.1,2.0,2.8,74.0,0.9,2.6,3.5,3.2,1.7,0.1,1.5,11.2
F,73,Horace Grant,76,36.9,12.1,5.2,11.3,45.9,0.0,0.1,0.0,1.8,2.6,67.8,3.0,5.1,8.1,2.3,1.1,1.0,1.2,16.5
F,74,Rick Fox,82,33.0,12.0,4.4,9.4,47.1,1.0,3.2,32.5,2.1,2.8,74.3,1.0,3.4,4.4,3.4,1.2,0.6,2.5,13.4
F,75,Erick Dampier,82,32.4,11.8,4.3,9.6,44.5,0.0,0.0,0.0,3.3,4.9,66.9,3.3,5.4,8.7,1.1,0.5,1.7,2.1,14.8
G-F,76,Dale Ellis,79,24.5,11.8,4.4,8.9,49.7,1.6,3.5,46.4,1.4,1.8,78.2,0.6,1.7,2.3,1.1,0.8,0.1,0.9,10.3
G-F,77,Jason Kidd,82,38.0,11.6,4.4,10.5,41.6,0.9,2.8,31.3,2.0,2.5,79.9,1.3,4.9,6.2,9.1,2.0,0.3,3.2,19.4
G,78,Maurice Taylor,71,21.3,11.5,4.5,9.5,47.6,0.0,0.0,0.0,2.4,3.4,70.9,1.7,2.5,4.2,0.7,0.5,0.6,1.5,9.9
F,79,Matt Geiger,78,23.6,11.3,4.6,9.1,50.5,0.0,0.1,9.1,2.2,3.0,71.2,2.5,4.2,6.7,1.0,0.9,1.1,1.4,14.2
C,80,Chris Mullin,82,26.5,11.3,4.1,8.4,48.1,1.3,3.0,44.0,1.9,2.0,93.9,0.5,2.6,3.0,2.3,1.2,0.5,1.4,12.3
G,81,Armen Gilliam,82,25.8,11.2,4.0,8.2,48.4,0.0,0.0,0.0,3.3,4.1,80.2,1.8,3.6,5.4,1.3,0.8,0.5,1.8,12.2
F-C,82,Chauncey Billups,80,27.7,11.2,3.5,9.4,37.4,1.3,4.1,32.9,2.8,3.3,85.0,0.8,1.6,2.4,3.9,1.3,0.1,2.2,10.3
G,83,Hubert Davis,81,29.4,11.1,4.3,9.5,45.6,1.2,2.8,43.9,1.2,1.4,83.6,0.4,1.7,2.1,1.9,0.5,0.1,1.1,9.2
F,84,Tim Thomas,77,23.1,11.0,4.0,8.9,44.7,0.8,2.2,36.3,2.2,3.0,74.0,1.4,2.4,3.7,1.2,0.7,0.2,1.5,9.6
C,85,Dennis Scott,81,28.3,11.0,4.1,10.2,39.7,1.5,4.2,36.5,1.3,1.6,80.8,0.6,2.5,3.0,1.9,0.7,0.5,1.3,9.3
C,86,Blue Edwards,81,24.3,10.8,4.0,9.2,43.9,0.5,1.5,33.3,2.2,2.7,83.7,0.8,1.9,2.7,2.5,1.1,0.3,1.7,10.1
G-F,87,Hersey Hawkins,82,31.7,10.5,3.4,7.8,44.0,1.5,3.7,41.5,2.2,2.5,86.8,0.9,3.2,4.1,2.7,1.8,0.2,1.2,13.4
F,88,Billy Owens,78,30.1,10.5,4.3,9.3,46.4,0.3,0.9,37.1,1.5,2.5,58.9,2.2,5.3,7.5,2.8,1.2,0.5,2.0,14.4
G,89,Darrick Martin,82,28.0,10.3,3.4,8.9,37.7,1.3,3.6,36.5,2.2,2.6,84.8,0.2,1.8,2.0,4.0,1.0,0.1,1.9,9.6
C,90,Avery Johnson,75,35.7,10.2,4.3,8.9,47.8,0.0,0.2,15.4,1.6,2.2,72.6,0.4,1.6,2.0,7.9,1.1,0.2,2.2,14.0
G,91,Tyrone Corbin,79,34.2,10.2,4.2,9.5,43.9,0.6,1.8,34.8,1.3,1.6,78.9,1.0,3.6,4.6,2.2,1.3,0.1,1.1,11.7
F-G,92,Danny Fortson,80,22.6,10.2,3.5,7.6,45.2,0.0,0.0,33.3,3.3,4.2,77.6,2.3,3.3,5.6,1.0,0.6,0.4,2.0,10.6
G,93,Otis Thorpe,74,29.7,10.2,4.0,8.4,47.1,0.0,0.1,0.0,2.2,3.2,68.3,2.0,5.2,7.3,3.0,0.6,0.4,2.1,13.9
F-C,94,Cedric Henderson,82,30.8,10.1,4.2,8.8,48.0,0.0,0.0,0.0,1.7,2.3,71.6,0.9,3.1,4.0,2.0,1.2,0.5,2.0,10.6
F,95,Tony Delk,77,21.8,10.1,4.1,10.4,39.3,0.5,2.0,26.8,1.4,2.0,73.5,0.5,1.7,2.2,2.2,0.9,0.2,1.4,7.5
G,96,Elden Campbell,81,22.0,10.1,3.6,7.7,46.3,0.0,0.0,50.0,2.9,4.2,69.3,1.8,3.9,5.6,1.0,0.4,1.3,1.4,11.5
G-F,97,Theo Ratliff,82,29.8,9.9,3.7,7.3,51.3,0.0,0.0,0.0,2.4,3.4,70.1,2.7,4.0,6.7,0.7,0.6,3.1,1.4,15.0
C,98,Dana Barros,80,21.1,9.8,3.5,7.6,46.1,1.3,3.1,40.7,1.5,1.8,84.7,0.4,1.6,1.9,3.6,1.0,0.1,1.3,10.7
G-F,99,Chris Mills,80,27.3,9.7,3.7,8.4,43.3,0.5,1.7,29.2,1.9,2.4,80.4,1.5,3.6,5.1,1.7,0.6,0.4,1.3,10.8
C-F,100,Walter McCarty,82,28.5,9.6,3.6,8.9,40.4,0.7,2.1,30.9,1.8,2.4,74.2,1.7,2.7,4.4,2.2,1.3,0.5,1.7,10.5
G,101,Antonio Davis,82,26.7,9.6,3.1,6.4,48.1,0.0,0.0,0.0,3.4,4.9,69.6,2.3,4.5,6.8,0.7,0.5,0.9,1.3,12.5
C,102,P.J. Brown,74,31.9,9.6,3.8,8.0,47.1,0.0,0.0,0.0,2.0,2.7,76.6,3.2,5.4,8.6,1.4,0.9,1.3,1.3,15.6
F,103,Bo Outlaw,82,36.0,9.5,3.7,6.6,55.4,0.0,0.0,25.0,2.2,3.8,57.5,3.1,4.7,7.8,2.6,1.3,2.2,2.1,16.8
F,104,Terry Porter,82,21.8,9.5,3.2,7.0,44.9,1.1,2.8,39.5,2.0,2.4,85.6,0.5,1.6,2.0,3.3,0.8,0.2,1.3,10.3
F-G,105,Jalen Rose,82,20.8,9.4,3.5,7.4,47.8,0.3,0.9,34.2,2.0,2.8,72.8,0.3,2.0,2.4,1.9,0.7,0.2,1.6,8.3
G,106,Ron Harper,82,27.9,9.3,3.6,8.1,44.1,0.2,1.0,19.0,2.0,2.6,75.0,1.3,2.2,3.5,2.9,1.3,0.6,1.1,11.4
G,107,Clar. Weatherspoon,79,29.4,9.3,3.4,7.7,44.1,0.0,0.0,0.0,2.5,3.5,72.2,2.5,5.0,7.5,1.1,1.1,0.9,1.5,13.2
C-F,108,Anthony Goldwire,82,27.0,9.2,3.3,7.8,42.3,0.8,2.0,38.4,1.8,2.3,80.6,0.5,1.3,1.8,3.4,1.0,0.1,1.0,9.5
G,109,Dee Brown,72,23.9,9.1,3.4,7.8,43.8,1.5,3.8,39.9,0.8,1.0,81.7,0.3,1.8,2.1,2.1,1.1,0.3,1.0,9.3
G,110,Steve Nash,76,21.9,9.1,3.5,7.7,45.9,1.1,2.6,41.5,1.0,1.1,86.0,0.4,1.7,2.1,3.4,0.8,0.1,1.3,9.9
G-F,111,Brevin Knight,80,31.0,9.0,3.3,7.4,44.1,0.0,0.1,0.0,2.5,3.1,80.1,0.8,2.3,3.2,8.2,2.5,0.2,2.4,15.9
F,112,Bryon Russell,82,27.1,9.0,2.8,6.4,43.0,0.9,2.6,34.1,2.6,3.4,76.6,1.0,3.0,4.0,1.2,1.1,0.4,1.0,10.3
F-C,112,Charles Oakley,79,34.6,9.0,3.9,8.8,44.0,0.0,0.1,0.0,1.2,1.4,85.1,2.8,6.4,9.2,2.5,1.6,0.3,1.6,15.8
F,114,Jaren Jackson,82,27.1,8.8,3.1,8.0,39.4,1.4,3.6,37.7,1.1,1.4,79.7,0.7,1.9,2.6,1.9,0.7,0.1,1.3,7.7
G,115,Khalid Reeves,82,23.8,8.7,3.0,7.2,41.8,0.7,1.9,36.8,2.0,2.6,77.5,0.7,1.6,2.3,2.8,1.0,0.1,1.6,8.5
G-F,116,Matt Maloney,78,28.4,8.6,3.1,7.5,40.8,1.6,4.4,36.4,0.8,1.0,83.3,0.2,1.6,1.8,2.8,0.8,0.1,1.4,8.1
G,117,Eddie Johnson,75,19.9,8.4,3.0,7.3,41.7,0.9,2.6,33.3,1.5,1.8,83.1,0.7,1.4,2.0,1.2,0.4,0.0,0.8,6.8
F-C,118,Mario Elie,73,27.2,8.4,2.8,6.2,45.2,0.8,2.6,29.1,2.0,2.4,83.3,0.5,1.6,2.1,3.0,1.1,0.1,1.4,9.6
F,119,Shandon Anderson,82,19.5,8.3,3.3,6.1,53.8,0.1,0.4,21.9,1.7,2.3,73.5,1.0,1.7,2.8,1.1,0.8,0.2,1.1,8.7
F,120,Mark Jackson,82,29.4,8.3,3.0,7.3,41.6,0.5,1.7,31.4,1.7,2.2,76.1,0.8,3.1,3.9,8.7,1.0,0.0,2.1,15.0
F,121,Dale Davis,78,27.9,8.0,3.5,6.4,54.8,0.0,0.0,0.0,1.0,2.2,46.5,3.0,4.8,7.8,0.9,0.7,1.1,0.9,13.5
G,122,Reggie Slater,78,21.3,8.0,2.7,5.9,46.0,0.0,0.0,0.0,2.6,4.1,63.0,1.7,2.2,3.9,0.9,0.6,0.4,1.3,7.8
F-C,123,Ervin Johnson,81,27.9,8.0,3.1,5.8,53.7,0.0,0.0,0.0,1.8,2.9,60.1,3.0,5.5,8.5,0.7,1.0,2.0,1.4,14.8
G,124,Sherman Douglas,80,21.2,8.0,3.2,6.4,49.5,0.2,0.6,30.4,1.4,2.2,66.9,0.7,1.0,1.7,4.0,0.7,0.1,1.4,9.1
F-G,125,Olden Polynice,70,20.8,7.9,3.6,7.7,45.9,0.0,0.0,0.0,0.7,1.6,45.2,2.5,3.8,6.3,1.5,0.5,0.6,1.4,10.3
F,126,Charlie Ward,82,28.3,7.8,2.9,6.3,45.5,1.0,2.6,37.7,1.1,1.4,80.5,0.4,3.0,3.3,5.7,1.8,0.5,2.1,13.2
F-G,127,Antonio Daniels,74,26.4,7.8,3.1,7.4,41.6,0.1,0.7,21.2,1.5,2.3,65.9,0.3,1.6,1.9,4.5,0.7,0.1,2.2,7.8
F-C,128,Adam Keefe,80,25.6,7.8,2.9,5.3,54.0,0.0,0.0,0.0,2.0,2.5,81.0,2.2,3.2,5.5,1.1,0.7,0.3,0.9,11.5
G,129,James Robinson,70,17.6,7.7,2.8,7.2,38.9,1.1,3.2,32.9,1.1,1.5,72.0,0.5,1.1,1.6,1.9,0.5,0.1,1.4,5.7
G,130,Howard Eisley,82,21.0,7.7,2.8,6.3,44.1,0.6,1.4,40.7,1.5,1.8,85.2,0.3,1.7,2.0,4.2,0.7,0.2,2.0,9.0
G,131,Malik Sealy,77,21.3,7.7,2.8,6.6,42.8,0.1,0.5,22.0,1.9,2.4,82.4,0.6,2.2,2.8,1.3,0.8,0.3,1.0,7.7
F,132,George Lynch,82,18.2,7.5,3.0,6.3,48.1,0.1,0.4,30.0,1.4,1.9,70.3,1.8,2.6,4.4,1.5,0.8,0.5,1.3,9.6
C,133,Anthony Johnson,77,29.4,7.5,2.9,7.9,37.1,0.5,1.7,32.8,1.0,1.4,72.7,0.7,1.6,2.2,4.3,0.8,0.1,1.6,7.9
G,134,Robert Horry,72,30.4,7.4,2.8,5.8,47.6,0.3,1.3,20.4,1.6,2.3,69.2,2.6,4.9,7.5,2.3,1.6,1.3,1.4,14.9
F,135,A.C. Green,82,32.3,7.3,3.0,6.5,45.3,0.0,0.0,0.0,1.4,2.0,71.6,2.7,5.5,8.1,1.5,1.0,0.3,0.8,13.3
G,136,Elliot Perry,81,21.6,7.3,3.0,6.9,43.0,0.2,0.6,34.0,1.1,1.3,84.4,0.3,1.1,1.3,2.8,1.1,0.0,1.6,6.9
F-G,137,Dean Garrett,82,32.1,7.3,3.0,6.9,42.8,0.0,0.0,0.0,1.4,2.1,64.8,2.8,5.1,7.9,1.1,0.7,1.6,1.0,12.8
C,138,Jason Caffey,80,17.8,7.3,2.8,5.8,48.5,0.0,0.0,0.0,1.6,2.5,65.5,2.0,2.3,4.3,0.8,0.3,0.3,1.3,7.8
F,139,Dan Majerle,72,26.8,7.2,2.6,6.1,41.9,1.5,4.1,37.6,0.6,0.7,78.4,0.7,3.1,3.7,2.2,0.9,0.2,0.9,9.7
F,140,Sam Perkins,81,20.7,7.2,2.4,5.8,41.6,1.1,2.7,39.2,1.2,1.6,78.9,0.7,2.5,3.1,1.4,0.8,0.4,0.8,8.3
F-G,141,Vitaly Potapenko,80,17.7,7.1,2.9,6.1,48.0,0.0,0.0,0.0,1.3,1.8,70.8,1.4,2.5,3.9,0.7,0.3,0.4,1.7,7.1
F,142,Cherokee Parks,79,21.6,7.1,2.8,5.7,49.9,0.0,0.0,0.0,1.4,2.1,65.1,1.8,3.8,5.5,0.7,0.5,1.1,0.8,10.4
F,143,Michael Curry,82,24.1,6.6,2.4,5.1,46.9,0.0,0.1,44.4,1.8,2.1,83.5,0.3,0.9,1.2,1.7,0.7,0.2,0.9,6.3
F,144,Travis Best,82,18.9,6.5,2.5,5.9,41.9,0.3,0.9,30.0,1.4,1.6,85.5,0.3,1.1,1.5,3.4,1.0,0.1,1.4,7.5
G,145,Travis Knight,74,20.3,6.5,2.6,5.9,44.1,0.2,0.7,27.3,1.1,1.4,78.6,2.0,3.0,4.9,1.4,0.7,1.1,1.2,9.9
G,146,Terry Dehere,77,18.3,6.4,2.3,5.9,39.9,0.6,1.7,37.9,1.0,1.3,79.8,0.3,1.1,1.4,2.5,0.7,0.1,1.2,6.0
F,147,Terry Cummings,74,16.0,6.3,2.7,5.8,46.7,0.0,0.0,0.0,0.9,1.3,68.4,1.3,2.5,3.8,0.6,0.5,0.1,0.7,7.2
G,148,Monty Williams,72,18.3,6.3,2.3,5.1,44.8,0.0,0.0,50.0,1.7,2.5,67.0,0.9,1.6,2.5,1.2,0.5,0.3,1.1,6.0
G,149,Eric Murdock,82,17.0,6.2,2.2,5.1,42.2,0.3,1.1,30.8,1.5,1.9,80.1,0.5,1.4,1.9,2.7,1.3,0.2,1.3,7.6
C,150,Stanley Roberts,74,17.9,6.2,2.6,5.2,49.5,0.0,0.0,0.0,1.0,2.1,48.1,1.5,3.4,4.9,0.4,0.3,1.0,0.9,8.1
F,151,Derek Fisher,82,21.5,5.8,2.0,4.6,43.4,0.4,1.0,38.3,1.4,1.9,75.7,0.5,1.9,2.4,4.1,0.9,0.1,1.5,8.7
F,152,Stacey Augmon,71,20.4,5.7,2.2,5.2,41.4,0.0,0.1,14.3,1.3,2.2,60.3,1.5,1.8,3.3,1.2,0.8,0.5,1.1,6.4
F,153,Greg Foster,78,18.5,5.7,2.4,5.4,44.5,0.0,0.1,22.2,0.9,1.1,77.0,1.1,2.4,3.5,0.7,0.2,0.4,0.9,6.3
F-C,154,Brent Price,72,18.5,5.6,1.8,4.3,41.3,1.0,2.6,39.0,1.1,1.4,78.6,0.5,1.0,1.5,2.7,0.7,0.1,1.5,6.2
G,155,Dan Schayes,74,17.2,5.5,2.1,5.0,41.8,0.0,0.0,0.0,1.3,1.6,80.7,1.3,2.0,3.3,0.6,0.5,0.4,0.8,6.2
G,156,David Benoit,77,14.6,5.5,2.0,5.3,37.3,0.7,2.2,32.4,0.8,1.0,82.4,0.8,1.9,2.6,0.3,0.5,0.3,0.7,5.0
F,157,Andrew DeClercq,81,18.8,5.4,2.1,4.2,49.7,0.0,0.0,0.0,1.2,2.1,60.1,2.2,2.6,4.8,0.7,1.0,0.6,1.0,8.7
G,158,Jerome Williams,77,16.9,5.3,2.0,3.7,52.4,0.0,0.0,0.0,1.4,2.2,65.1,2.2,2.7,4.9,0.6,0.7,0.1,0.8,8.4
G-F,159,Gerald Wilkins,72,17.4,5.3,2.0,6.0,32.5,0.4,1.5,26.6,1.0,1.4,70.4,0.2,1.0,1.3,1.1,0.5,0.1,1.1,2.6
C,160,Greg Anthony,80,12.8,5.2,1.9,4.4,43.0,0.8,2.0,41.5,0.7,1.0,66.3,0.2,1.2,1.4,2.6,0.8,0.0,1.1,6.1
C-F,161,Scott Burrell,80,13.7,5.2,2.0,4.7,42.4,0.6,1.8,35.4,0.6,0.8,73.4,1.0,1.5,2.5,0.8,0.8,0.5,0.6,6.2
G,162,Chris Whitney,82,13.1,5.1,1.5,4.3,35.5,0.6,2.1,30.8,1.4,1.6,91.5,0.2,1.2,1.4,2.4,0.4,0.1,0.8,5.7
F-G,163,Chucky Brown,77,15.6,5.0,2.1,4.8,43.3,0.0,0.1,25.0,0.8,1.1,72.4,0.7,1.6,2.4,0.7,0.3,0.2,0.7,4.9
C,164,Will Perdue,79,18.9,5.0,2.1,3.7,54.9,0.0,0.0,0.0,0.9,1.7,52.6,2.2,4.5,6.8,0.7,0.3,0.6,1.0,9.9
G-F,165,Pete Chilcutt,82,17.3,4.9,1.9,4.4,43.5,0.7,1.6,41.5,0.5,0.7,66.1,0.9,2.8,3.7,1.3,0.6,0.5,0.8,7.6
F,166,J.R. Reid,79,14.0,4.9,1.8,4.0,45.9,0.0,0.1,37.5,1.1,1.5,73.0,0.9,1.7,2.7,0.6,0.4,0.2,0.8,5.4
G,167,Dennis Rodman,80,35.7,4.7,1.9,4.5,43.1,0.1,0.3,17.4,0.8,1.4,55.0,5.3,9.8,15.0,2.9,0.6,0.2,1.8,18.4
F-G,168,Michael Stewart,81,21.7,4.6,1.9,4.0,48.0,0.0,0.0,0.0,0.8,1.8,45.8,2.4,4.2,6.6,0.8,0.4,2.4,1.0,10.7
C,169,Lee Mayberry,79,23.2,4.6,1.7,4.4,37.5,0.8,2.3,35.0,0.5,0.6,74.5,0.2,1.2,1.4,4.4,0.8,0.1,1.4,7.1
G,170,Brian Evans,72,12.4,4.5,1.7,4.3,39.4,0.4,1.2,33.3,0.6,0.8,80.7,0.7,1.2,1.9,0.8,0.4,0.2,0.5,4.4
G,171,Terry Davis,74,23.0,4.4,1.7,3.5,49.6,0.0,0.0,0.0,0.9,1.6,58.0,2.8,3.7,6.5,0.4,0.6,0.3,0.8,9.0
G,172,Mark Bryant,70,15.9,4.2,1.6,3.2,48.4,0.0,0.0,0.0,1.0,1.4,76.8,1.3,2.2,3.5,0.7,0.5,0.2,0.8,6.2
G,173,Aaron McKie,81,22.4,4.1,1.7,4.7,36.5,0.1,0.8,19.0,0.5,0.7,76.4,0.7,2.1,2.9,2.2,1.2,0.2,0.9,6.4
F,174,Randy Brown,71,16.2,4.1,1.6,4.3,38.4,0.0,0.1,0.0,0.8,1.1,71.8,0.5,0.8,1.3,2.1,1.0,0.2,0.9,4.9
F,175,Mark Davis,71,12.8,4.0,1.5,3.4,44.7,0.0,0.1,0.0,0.9,1.4,63.4,0.9,1.3,2.2,1.0,0.7,0.3,1.3,4.5
G,176,Kelvin Cato,74,13.6,3.8,1.3,3.1,42.8,0.0,0.0,0.0,1.2,1.7,68.8,1.2,2.2,3.4,0.3,0.4,1.3,0.6,6.3
F,177,Corie Blount,70,14.7,3.6,1.5,2.7,57.2,0.0,0.1,0.0,0.6,1.1,50.0,1.6,2.6,4.3,0.5,0.4,0.4,0.7,6.7
F,178,Hot Rod Williams,71,18.8,3.6,1.3,2.8,47.0,0.0,0.0,0.0,0.9,1.3,69.9,1.5,2.9,4.4,0.7,0.5,0.8,0.4,7.7
F,179,Jim McIlvaine,78,15.5,3.2,1.3,2.9,45.3,0.0,0.0,0.0,0.6,1.0,55.6,1.2,2.1,3.3,0.2,0.3,1.8,0.7,6.1
F,180,Jud Buechler,74,8.2,2.7,1.1,2.4,48.3,0.3,0.9,38.5,0.0,0.1,50.0,0.3,0.7,1.0,0.7,0.3,0.2,0.3,3.3
F,181,Darvin Ham,71,8.9,2.0,0.8,1.5,52.9,0.0,0.0,0.0,0.5,1.0,47.3,1.0,0.8,1.8,0.2,0.3,0.4,0.5,3.0
G,182,Michael Cage,79,15.2,1.3,0.5,1.1,51.2,0.0,0.0,0.0,0.3,0.5,55.6,1.5,2.4,3.9,0.4,0.6,0.6,0.3,5.8
