pos,#,player,gp,min,pts,fgm,fga,fg%,3pm,3pa,3p%,ftm,fta,ft%,oreb,dreb,reb,ast,stl,blk,tov,eff
G,1,Allen Iverson,71,42.0,31.1,10.7,25.5,42.0,1.4,4.3,32.0,8.2,10.1,81.4,0.7,3.1,3.8,4.6,2.5,0.3,3.3,22.3
F-C,2,Jerry Stackhouse,80,40.2,29.8,9.7,24.1,40.2,2.1,5.9,35.1,8.3,10.1,82.2,1.2,2.7,3.9,5.1,1.2,0.7,4.1,20.4
F-G,3,Shaquille O'Neal,74,39.5,28.7,11.0,19.2,57.2,0.0,0.0,0.0,6.7,13.1,51.3,3.9,8.8,12.7,3.7,0.6,2.8,2.9,31.0
F,4,Kobe Bryant,68,40.9,28.5,10.3,22.2,46.4,0.9,2.9,30.5,7.0,8.2,85.3,1.5,4.3,5.9,5.0,1.7,0.6,3.2,25.3
G,5,Vince Carter,75,39.7,27.6,10.2,22.1,46.0,2.2,5.3,40.8,5.1,6.7,76.5,2.3,3.2,5.5,3.9,1.5,1.1,2.2,23.9
F,6,Chris Webber,70,40.5,27.1,11.2,23.4,48.1,0.0,0.4,7.1,4.6,6.6,70.3,2.6,8.5,11.1,4.2,1.3,1.7,2.8,28.6
G,7,Tracy McGrady,77,40.1,26.8,10.2,22.4,45.7,0.8,2.2,35.5,5.6,7.6,73.3,2.5,5.0,7.5,4.6,1.5,1.5,2.6,25.2
G,8,Paul Pierce,82,38.0,25.3,8.4,18.5,45.4,1.8,4.7,38.3,6.7,9.0,74.5,1.1,5.2,6.4,3.1,1.7,0.8,3.2,21.7
F,9,Antawn Jamison,82,41.4,24.9,9.8,22.1,44.2,0.8,2.5,30.2,4.7,6.5,71.5,3.4,5.3,8.7,2.0,1.4,0.3,2.4,20.8
G,10,Stephon Marbury,67,38.2,23.9,8.4,19.1,44.1,1.6,5.0,32.8,5.4,6.8,79.0,0.8,2.3,3.1,7.6,1.2,0.1,2.9,20.7
G,11,Antoine Walker,81,41.9,23.4,8.8,21.2,41.3,2.7,7.4,36.7,3.1,4.3,71.6,1.9,7.0,8.9,5.5,1.7,0.6,3.7,22.6
C,12,Karl Malone,81,35.7,23.2,8.3,16.6,49.8,0.0,0.1,40.0,6.6,8.3,79.3,1.4,6.9,8.3,4.5,1.1,0.8,3.0,24.7
G,13,Gary Payton,79,41.1,23.1,9.2,20.1,45.6,1.3,3.4,37.5,3.4,4.5,76.6,0.9,3.6,4.6,8.1,1.6,0.3,2.6,23.1
G,14,Tim Duncan,82,38.7,22.2,8.6,17.1,49.9,0.1,0.3,25.9,5.0,8.1,61.8,3.2,9.0,12.2,3.0,0.9,2.3,3.0,25.9
G,15,Glenn Robinson,76,37.0,22.0,9.0,19.2,46.8,0.7,2.4,29.9,3.3,4.0,82.0,1.6,5.3,6.9,3.3,1.1,0.8,2.9,20.4
G,16,Kevin Garnett,81,39.5,22.0,8.7,18.2,47.7,0.2,0.8,28.8,4.4,5.8,76.4,2.7,8.7,11.4,5.0,1.4,1.8,2.8,27.8
F,17,Ray Allen,82,38.2,22.0,7.7,16.0,48.0,2.5,5.7,43.3,4.2,4.8,88.8,1.2,4.0,5.2,4.6,1.5,0.2,2.5,22.2
F,18,Dirk Nowitzki,82,38.1,21.8,7.2,15.2,47.4,1.8,4.8,38.7,5.5,6.6,83.8,1.5,7.7,9.2,2.1,1.0,1.2,1.9,24.3
G,19,Michael Finley,82,42.0,21.5,8.7,18.9,45.8,1.1,3.2,34.6,3.1,4.0,77.5,1.3,3.9,5.2,4.4,1.4,0.4,2.3,19.5
C,20,Antonio McDyess,70,36.5,20.8,8.2,16.6,49.5,0.0,0.0,0.0,4.3,6.2,70.0,3.4,8.6,12.1,2.1,0.6,1.5,2.3,24.5
G,21,Shareef Abdur-Rahim,81,40.0,20.5,7.5,15.8,47.2,0.1,0.8,18.8,5.5,6.6,83.4,2.2,6.9,9.1,3.1,1.1,1.0,2.9,22.5
F,22,Jalen Rose,72,40.9,20.5,7.9,17.3,45.7,0.8,2.4,33.9,4.0,4.8,82.8,0.5,4.5,5.0,6.0,0.9,0.6,2.9,19.9
G,23,Peja Stojakovic,75,38.7,20.4,7.5,15.9,47.0,1.9,4.8,40.0,3.6,4.2,85.6,1.2,4.5,5.8,2.2,1.2,0.2,1.9,18.8
F,24,Elton Brand,74,39.3,20.1,7.8,16.4,47.6,0.0,0.0,0.0,4.5,6.4,70.8,3.9,6.2,10.1,3.2,1.0,1.6,3.0,22.6
G,25,Jamal Mashburn,76,39.3,20.1,7.5,18.3,41.3,1.4,3.8,35.6,3.7,4.8,76.6,1.2,6.4,7.6,5.4,1.1,0.2,2.8,19.8
G,26,Steve Francis,80,39.9,19.9,6.9,15.2,45.1,1.7,4.2,39.6,4.5,5.5,81.7,2.4,4.5,6.9,6.5,1.8,0.4,3.3,22.7
F,27,Jason Terry,82,37.7,19.7,7.3,16.7,43.6,1.5,3.8,39.5,3.7,4.4,84.6,0.5,2.8,3.3,4.9,1.3,0.1,2.9,16.4
G,28,Cuttino Mobley,79,38.0,19.5,6.7,15.4,43.4,1.1,3.2,35.7,5.0,6.0,83.1,1.1,4.0,5.0,2.5,1.1,0.3,2.1,16.6
F,29,Rasheed Wallace,77,38.2,19.2,7.7,15.3,50.1,0.7,2.1,32.1,3.2,4.2,76.6,1.9,5.9,7.8,2.8,1.2,1.8,2.1,22.0
C,30,Reggie Miller,81,39.3,18.9,6.4,14.5,44.0,2.1,5.7,36.6,4.0,4.3,92.8,0.5,3.0,3.5,3.2,1.0,0.2,1.6,16.7
G,31,Allan Houston,78,36.6,18.7,6.9,15.5,44.9,1.2,3.2,38.1,3.6,3.9,90.9,0.3,3.4,3.6,2.2,0.7,0.1,2.1,14.4
G,32,Sam Cassell,76,35.6,18.2,7.1,14.9,47.4,0.4,1.3,30.6,3.6,4.3,85.8,0.6,3.2,3.8,7.6,1.2,0.1,2.9,19.6
G-F,33,Richard Hamilton,78,32.3,18.1,7.0,16.0,43.8,0.5,1.9,27.4,3.6,4.1,86.8,1.0,2.1,3.1,2.9,1.0,0.1,2.6,13.0
F,34,Juwan Howard,81,36.7,18.0,7.2,15.0,47.9,0.0,0.0,0.0,3.7,4.7,77.3,2.1,5.0,7.1,2.8,0.9,0.5,3.0,17.4
F,35,Nick Van Exel,71,37.9,17.7,6.5,15.7,41.4,1.9,5.0,37.7,2.9,3.5,81.9,0.6,2.8,3.4,8.5,0.9,0.3,2.3,18.5
C-F,36,Latrell Sprewell,77,39.2,17.7,6.8,15.8,43.0,0.5,1.8,30.4,3.6,4.6,78.3,0.6,3.9,4.5,3.5,1.4,0.4,2.8,14.6
G,37,Shawn Marion,79,36.2,17.3,7.1,14.7,48.0,0.3,1.0,25.6,3.0,3.7,81.0,2.8,7.9,10.7,2.0,1.7,1.4,1.6,23.2
F-G,38,David Wesley,82,37.9,17.2,6.4,15.1,42.2,1.2,3.1,37.6,3.3,4.1,79.9,0.8,2.0,2.7,4.4,1.6,0.2,2.1,14.5
G,39,Lamar Odom,76,37.3,17.2,6.3,13.8,46.0,1.1,3.3,31.6,3.4,5.1,67.9,1.4,6.3,7.8,5.2,1.0,1.6,3.5,20.1
C,40,Jason Kidd,77,39.8,16.9,5.9,14.2,41.1,0.9,3.0,29.7,4.3,5.2,81.4,1.2,5.2,6.4,9.8,2.2,0.3,3.7,22.4
G-F,41,Clifford Robinson,82,33.5,16.4,6.1,14.5,42.2,1.1,3.0,36.1,3.1,4.4,70.9,1.3,2.8,4.1,2.9,1.1,1.0,2.3,13.5
G,42,Michael Dickerson,70,37.4,16.3,6.1,14.6,41.7,1.2,3.3,37.4,2.9,3.9,76.3,1.0,2.3,3.3,3.3,0.9,0.4,2.3,12.5
C,43,Anthony Mason,80,40.7,16.1,5.8,11.9,48.2,0.0,0.0,0.0,4.6,5.9,78.1,2.1,7.5,9.6,3.1,1.0,0.3,2.2,20.5
F-C,44,Terrell Brandon,78,36.2,16.0,6.6,14.5,45.1,0.4,1.2,36.3,2.5,2.9,87.1,0.8,3.1,3.8,7.5,2.1,0.3,2.0,19.3
F,45,Mike Bibby,82,38.9,15.9,6.4,14.1,45.4,1.3,3.5,37.9,1.7,2.3,76.1,0.6,3.1,3.7,8.4,1.3,0.1,3.0,18.1
F,46,Darrell Armstrong,75,36.9,15.9,5.5,13.4,41.2,1.9,5.4,35.5,2.9,3.3,88.4,1.3,3.3,4.6,7.0,1.8,0.2,2.7,18.5
G,47,Andre Miller,82,34.7,15.8,5.5,12.2,45.2,0.2,0.8,26.6,4.6,5.5,83.3,1.1,3.2,4.4,8.0,1.5,0.3,3.2,19.2
F-G,48,Steve Nash,70,34.1,15.6,5.5,11.3,48.7,1.3,3.1,40.6,3.3,3.7,89.5,0.7,2.5,3.2,7.3,1.0,0.1,2.9,18.0
G-F,49,Derek Anderson,82,34.9,15.5,5.0,12.1,41.6,1.2,3.1,39.9,4.2,4.9,85.1,0.9,3.5,4.4,3.7,1.5,0.2,2.0,15.4
F-G,50,Brian Grant,82,33.8,15.2,5.9,12.3,47.9,0.0,0.0,0.0,3.4,4.3,79.7,2.6,6.1,8.8,1.2,0.7,0.9,2.1,17.5
G,51,Tim Hardaway,77,33.9,14.9,5.3,13.5,39.2,2.5,6.7,36.6,1.9,2.4,80.1,0.3,2.3,2.6,6.3,1.2,0.1,2.5,13.9
G,52,Rashard Lewis,78,34.9,14.8,5.5,11.4,48.0,1.6,3.7,43.2,2.3,2.7,82.6,1.8,5.1,6.9,1.6,1.2,0.6,1.7,17.0
F,53,David Robinson,80,29.6,14.4,5.0,10.3,48.6,0.0,0.0,0.0,4.4,5.9,74.7,2.6,6.0,8.6,1.5,1.0,2.5,1.5,19.6
C,54,Wally Szczerbiak,82,34.8,14.0,5.7,11.2,51.0,0.3,0.9,33.8,2.2,2.5,87.0,1.6,3.8,5.5,3.2,0.7,0.4,1.7,16.2
F,55,Baron Davis,82,38.9,13.8,5.0,11.7,42.7,1.0,3.3,31.0,2.8,4.1,67.7,1.6,3.4,5.0,7.3,2.1,0.4,2.8,17.8
G,56,Antonio Davis,78,35.0,13.7,4.8,11.1,43.3,0.0,0.0,0.0,4.1,5.4,75.4,3.5,6.6,10.1,1.4,0.3,1.9,1.7,18.0
G-F,57,Steven Smith,81,31.4,13.6,4.4,9.7,45.6,1.0,2.8,33.9,3.8,4.3,89.0,1.1,2.3,3.4,2.6,0.6,0.3,1.7,13.1
F,58,Donyell Marshall,81,28.7,13.6,5.3,10.5,50.3,0.5,1.6,32.0,2.5,3.4,75.1,2.1,4.9,7.0,1.6,1.0,1.0,1.6,16.6
F,59,Elden Campbell,78,30.0,13.1,4.7,10.7,44.0,0.0,0.1,0.0,3.7,5.2,70.9,2.0,5.8,7.8,1.3,0.8,1.8,1.8,15.4
C,60,Damon Stoudamire,82,32.4,13.0,5.0,11.4,43.4,1.0,2.7,37.4,2.1,2.5,83.1,0.8,2.9,3.7,5.7,1.3,0.1,2.3,14.6
F,60,Ruben Patterson,76,27.1,13.0,4.9,9.9,49.4,0.0,0.5,5.6,3.2,4.8,68.1,2.4,2.6,5.0,2.1,1.4,0.6,2.0,13.6
G,62,Raef LaFrentz,78,31.5,12.9,5.0,10.4,47.7,0.7,1.8,36.7,2.3,3.4,69.8,2.2,5.6,7.8,1.4,0.5,2.6,1.2,17.5
F,63,Jeff McInnis,81,35.0,12.9,5.3,11.5,46.3,0.6,1.8,36.1,1.6,2.0,80.7,0.5,2.2,2.7,5.5,0.9,0.1,1.4,14.2
F,64,Jermaine O'Neal,81,32.6,12.9,5.0,10.7,46.5,0.0,0.1,0.0,2.9,4.8,60.1,3.1,6.7,9.8,1.2,0.6,2.8,2.0,17.7
C,65,Lamond Murray,78,28.5,12.8,5.0,11.9,42.3,0.8,2.1,37.0,2.0,2.7,73.5,1.3,3.0,4.4,1.6,1.1,0.3,1.8,10.8
G,66,Bonzi Wells,75,26.6,12.7,5.2,9.7,53.3,0.2,0.7,34.0,2.1,3.2,66.3,1.6,3.3,4.9,2.8,1.3,0.3,2.3,14.0
F,67,Tim Thomas,76,27.4,12.6,4.3,10.0,43.0,1.4,3.4,41.2,2.6,3.3,77.1,1.0,3.1,4.1,1.8,1.0,0.6,1.5,12.2
C,68,Lorenzen Wright,71,28.0,12.4,5.1,11.4,44.8,0.0,0.0,0.0,2.2,3.0,71.8,2.5,5.0,7.5,1.2,0.6,0.9,1.8,13.7
F,69,Doug Christie,81,36.3,12.3,3.8,9.7,39.5,1.2,3.1,37.6,3.5,3.9,89.7,1.2,3.2,4.4,3.6,2.3,0.6,1.9,14.9
C,70,Tony Delk,82,27.9,12.3,4.7,11.3,41.5,0.7,2.0,32.1,2.3,2.9,78.7,0.9,2.3,3.2,2.0,0.9,0.2,1.2,10.1
G,71,Vin Baker,76,28.0,12.2,4.6,10.8,42.2,0.0,0.2,6.3,3.1,4.2,72.3,2.4,3.3,5.7,1.2,0.5,1.0,2.1,11.0
G,72,Rodney Rogers,82,26.6,12.2,4.6,10.7,43.0,0.7,2.3,29.6,2.3,3.0,76.1,1.1,3.2,4.4,2.2,1.2,0.6,1.9,11.8
F,73,Voshon Lenard,80,29.1,12.2,4.2,10.6,39.7,1.8,4.8,38.5,1.9,2.4,79.7,0.6,2.3,2.9,2.4,0.8,0.2,1.3,10.3
F,74,Vlade Divac,81,29.9,12.0,4.5,9.3,48.2,0.0,0.2,28.6,3.0,4.3,69.1,2.6,5.8,8.3,2.9,1.1,1.1,2.4,16.9
F,75,Chucky Atkins,81,29.2,12.0,4.7,11.8,39.9,1.5,4.2,35.7,1.1,1.6,69.2,0.3,1.8,2.1,4.1,0.8,0.1,1.8,9.7
G-F,76,Glen Rice,75,29.5,12.0,4.4,10.0,44.0,1.1,2.8,38.9,2.1,2.4,85.2,0.8,3.3,4.1,1.2,0.5,0.2,1.3,10.7
G-F,77,Bryon Russell,78,31.7,12.0,3.9,9.0,44.0,1.2,2.9,41.3,2.8,3.7,77.9,1.2,3.0,4.2,2.1,1.2,0.3,1.4,12.4
G,78,Metta World Peace,76,31.1,11.9,4.3,10.7,40.1,0.6,1.9,29.1,2.8,3.7,75.0,0.8,3.1,3.9,3.0,2.0,0.6,2.1,12.0
F,79,Travis Best,77,31.9,11.9,4.5,10.2,44.0,0.5,1.3,38.1,2.4,2.9,82.7,0.5,2.4,2.9,6.1,1.4,0.1,1.6,14.6
C,80,Mike Miller,82,29.1,11.9,4.5,10.3,43.6,1.8,4.4,40.7,1.1,1.6,71.1,0.8,3.2,4.0,1.7,0.6,0.2,1.2,11.0
G,81,Aaron McKie,76,31.5,11.6,4.4,9.4,47.3,0.7,2.2,31.2,2.0,2.6,76.8,0.4,3.7,4.1,5.0,1.4,0.1,2.7,13.9
F-C,82,John Stockton,82,29.2,11.5,4.0,7.9,50.4,0.7,1.6,46.2,2.8,3.4,81.7,0.7,2.1,2.8,8.7,1.6,0.3,2.5,17.8
G,83,Chris Gatling,74,22.6,11.4,4.4,9.9,44.9,0.4,1.2,30.4,2.1,3.1,68.4,1.3,3.9,5.3,0.8,0.7,0.4,1.6,10.5
F,84,Clar. Weatherspoon,82,33.8,11.3,4.2,8.4,50.1,0.0,0.0,0.0,2.8,3.5,79.0,2.7,7.0,9.7,1.3,1.0,1.3,1.4,18.2
C,85,Johnny Newman,82,25.0,10.9,3.5,8.5,41.9,0.7,2.1,33.5,3.1,3.6,85.5,0.4,1.7,2.1,1.4,0.8,0.1,1.3,8.6
C,86,Eric Piatkowski,81,26.5,10.6,3.6,8.3,43.3,1.5,3.7,40.4,2.0,2.2,87.3,0.7,2.3,3.0,1.2,0.6,0.2,0.9,9.7
G-F,87,Anthony Peeler,75,28.3,10.5,4.1,9.8,42.1,1.3,3.4,39.1,1.0,1.2,86.2,0.6,2.0,2.6,2.6,1.2,0.2,1.4,9.9
F,88,Alan Henderson,73,24.8,10.5,4.1,9.2,44.4,0.0,0.0,0.0,2.4,3.7,63.8,2.5,3.1,5.6,0.7,0.7,0.4,1.7,9.7
G,89,Kurt Thomas,77,27.6,10.4,4.1,8.0,51.1,0.0,0.0,33.3,2.2,2.7,81.4,2.2,4.5,6.7,0.8,0.8,0.9,1.3,13.9
C,90,Aaron Williams,82,28.5,10.2,3.6,7.9,45.7,0.0,0.0,0.0,3.0,3.8,78.7,2.6,4.6,7.2,1.1,0.7,1.4,1.6,13.9
G,91,Austin Croshere,81,23.1,10.1,3.4,8.7,39.4,0.9,2.6,33.8,2.5,2.9,86.6,1.5,3.3,4.8,1.1,0.4,0.6,1.7,9.8
F-G,92,Lindsey Hunter,82,24.4,10.1,3.6,9.5,38.1,1.9,5.0,37.3,0.9,1.2,80.2,0.4,1.7,2.1,2.7,1.2,0.1,0.8,9.2
G,93,Dikembe Mutombo,75,34.5,10.0,3.6,7.4,48.4,0.0,0.0,0.0,2.8,3.9,72.5,4.1,9.4,13.5,1.0,0.4,2.7,1.9,20.8
F-C,94,Alvin Williams,82,29.2,9.8,4.0,9.4,43.0,0.4,1.3,30.6,1.3,1.8,75.2,0.6,2.0,2.6,5.0,1.5,0.3,1.3,12.1
F,95,Bryant Stith,78,32.1,9.7,3.1,7.8,40.1,1.2,3.1,37.6,2.2,2.7,84.5,0.8,2.8,3.6,2.2,1.2,0.2,1.2,10.6
G,96,Patrick Ewing,79,26.7,9.6,3.7,8.7,43.0,0.0,0.0,0.0,2.2,3.2,68.5,1.6,5.8,7.4,1.2,0.7,1.2,1.9,12.2
G-F,97,Rick Fox,82,27.9,9.6,3.5,7.9,44.4,1.4,3.7,39.3,1.2,1.5,77.9,1.0,3.0,4.0,3.2,0.9,0.4,1.7,11.6
C,98,George McCloud,76,26.4,9.6,3.3,8.6,38.2,1.0,3.1,32.9,2.0,2.4,84.0,0.7,2.2,2.9,3.7,0.7,0.4,1.5,10.0
G-F,99,Charles Oakley,78,35.5,9.6,3.9,10.1,38.8,0.1,0.6,22.4,1.6,1.9,83.6,1.8,7.7,9.5,3.4,1.0,0.6,1.8,15.8
C-F,100,Tyrone Hill,76,31.1,9.6,3.7,7.7,47.4,0.0,0.0,0.0,2.3,3.6,63.0,3.1,5.9,9.0,0.6,0.5,0.4,1.7,13.0
G,101,Marcus Fizer,72,21.9,9.5,3.9,9.0,43.0,0.1,0.5,25.6,1.6,2.2,72.7,1.1,3.3,4.3,1.1,0.4,0.3,1.7,8.1
C,102,Antonio Daniels,79,26.1,9.4,3.5,7.4,46.8,0.9,2.3,40.4,1.5,2.0,77.6,0.3,1.7,2.1,3.8,0.8,0.2,1.4,10.5
F,103,LaPhonso Ellis,82,23.8,9.4,3.6,7.8,46.4,0.1,0.3,31.8,2.1,2.6,79.0,2.4,3.6,6.0,1.1,0.8,0.9,1.3,12.2
F,104,Darius Miles,81,26.3,9.4,3.9,7.8,50.5,0.0,0.2,5.3,1.5,2.9,52.1,1.6,4.3,5.9,1.2,0.6,1.5,1.8,11.6
F-G,105,Lucious Harris,73,28.4,9.4,3.6,8.5,42.5,0.6,1.8,34.8,1.5,1.9,77.0,1.0,3.0,3.9,1.8,1.0,0.2,0.9,10.2
G,106,Jason Williams,77,29.7,9.4,3.6,9.0,40.7,1.3,4.0,31.5,0.8,1.0,78.9,0.2,2.2,2.4,5.4,1.2,0.1,2.1,10.9
G,107,Morris Peterson,80,22.6,9.3,3.6,8.4,43.1,0.8,2.1,38.2,1.3,1.8,71.7,1.4,1.8,3.2,1.3,0.8,0.3,1.0,8.7
C-F,108,Christian Laettner,78,21.3,9.3,3.6,7.1,50.3,0.1,0.2,30.8,2.2,2.6,83.3,1.5,3.2,4.7,1.6,0.9,0.6,1.8,11.4
G,109,John Starks,75,28.3,9.3,3.6,9.1,39.8,0.9,2.4,35.2,1.2,1.5,80.2,0.4,1.7,2.1,2.4,1.0,0.1,1.3,7.8
G,110,Chauncey Billups,77,23.2,9.3,3.2,7.6,42.2,0.9,2.5,37.6,1.9,2.2,84.2,0.4,1.6,2.1,3.4,0.7,0.1,1.4,9.3
G-F,111,Kevin Willis,78,23.5,9.3,3.9,8.8,44.1,0.0,0.1,16.7,1.4,1.9,76.9,2.3,4.6,6.8,0.6,0.7,0.7,1.1,11.6
F,112,Fred Hoiberg,74,30.4,9.1,2.9,6.7,43.8,1.4,3.4,41.2,1.8,2.1,86.6,0.3,3.9,4.2,3.6,1.3,0.2,1.0,13.3
F-C,113,Howard Eisley,82,29.6,9.0,3.2,8.2,39.3,1.3,3.3,39.8,1.3,1.5,82.5,0.3,2.1,2.4,3.6,1.2,0.1,1.2,9.9
F,114,Othella Harrington,74,24.5,9.0,3.3,6.9,48.7,0.0,0.0,0.0,2.3,3.0,76.3,1.9,3.4,5.2,0.8,0.5,0.6,2.0,9.9
G,115,Shandon Anderson,82,29.2,8.7,3.2,7.2,44.6,0.6,2.1,27.1,1.7,2.3,73.4,0.9,3.2,4.1,2.3,1.0,0.5,1.6,10.3
G-F,116,Michael Olowokandi,82,25.9,8.5,3.8,8.6,43.5,0.0,0.0,0.0,1.0,1.9,54.5,2.0,4.4,6.4,0.6,0.4,1.3,2.1,9.4
G,117,Horace Grant,77,31.0,8.5,3.4,7.4,46.2,0.0,0.0,0.0,1.7,2.2,77.5,2.9,4.2,7.1,1.6,0.7,0.8,0.6,13.5
F-C,118,P.J. Brown,80,35.1,8.5,3.1,7.0,44.4,0.0,0.1,0.0,2.2,2.6,85.2,3.2,6.1,9.3,1.6,1.0,1.2,1.4,15.8
F,119,George Lynch,82,32.3,8.4,3.3,7.5,44.5,0.2,0.7,26.3,1.5,2.1,71.9,2.4,4.8,7.2,1.7,1.2,0.4,1.3,12.7
F,120,Walt Williams,72,22.0,8.3,2.8,7.1,39.4,1.4,3.4,39.5,1.3,1.8,77.0,0.4,3.0,3.4,1.3,0.4,0.4,1.0,8.1
F,121,Bryant Reeves,75,24.4,8.3,3.4,7.4,46.0,0.0,0.1,25.0,1.5,1.9,79.6,1.8,4.3,6.0,1.1,0.6,0.7,1.2,11.1
G,122,Pat Garrity,76,20.8,8.3,2.9,7.6,38.7,1.3,2.9,43.3,1.1,1.3,86.7,0.7,2.1,2.8,0.7,0.5,0.2,0.9,6.7
F-C,123,Stephen Jackson,77,21.6,8.2,3.2,7.4,42.5,0.7,2.0,33.5,1.3,1.8,71.9,0.5,2.2,2.7,1.8,1.1,0.2,1.7,7.6
G,124,James Posey,82,27.5,8.1,3.0,7.2,41.2,0.8,2.6,30.0,1.4,1.7,81.6,1.5,3.7,5.3,2.0,1.1,0.5,1.2,11.2
F-G,125,Quentin Richardson,76,17.9,8.1,3.1,6.9,44.2,0.7,2.0,33.1,1.3,2.1,62.7,1.4,2.0,3.4,0.8,0.6,0.1,0.8,7.4
F,126,John Amaechi,82,20.9,7.9,2.9,7.2,40.0,0.0,0.1,0.0,2.1,3.4,63.1,0.9,2.3,3.3,0.9,0.3,0.4,1.5,5.7
F-G,127,Keon Clark,81,21.2,7.9,3.1,6.4,48.0,0.0,0.0,0.0,1.8,3.0,59.2,1.7,3.7,5.4,0.9,0.4,1.9,1.1,10.8
F-C,128,Felipe Lopez,70,22.4,7.9,3.0,6.8,44.1,0.3,0.7,36.5,1.6,2.2,69.9,0.8,2.6,3.3,1.5,0.9,0.4,1.2,8.4
G,129,Mark Jackson,83,31.2,7.6,2.9,7.0,41.9,0.8,2.5,33.8,0.9,1.1,78.5,0.8,2.9,3.7,8.0,1.0,0.1,2.1,13.9
G,130,Bruce Bowen,82,32.7,7.6,2.6,7.1,36.3,1.3,3.7,33.6,1.2,2.0,60.9,0.5,2.4,3.0,1.6,1.0,0.6,0.9,7.7
G,131,Al Harrington,78,24.3,7.5,3.1,7.0,44.4,0.0,0.1,14.3,1.3,2.0,65.6,1.5,3.4,4.9,1.7,0.8,0.2,1.9,8.6
F,132,Vitaly Potapenko,82,23.2,7.5,3.0,6.4,47.6,0.0,0.0,0.0,1.4,1.9,72.8,2.5,3.5,6.0,0.8,0.6,0.3,1.3,10.0
C,133,Danny Manning,82,15.9,7.4,3.0,6.1,49.4,0.1,0.3,25.0,1.2,1.7,72.9,0.8,1.8,2.6,1.1,0.6,0.4,1.2,7.3
G,134,Bo Outlaw,80,31.7,7.3,2.8,4.6,61.4,0.0,0.0,50.0,1.6,2.8,57.3,2.6,5.1,7.7,2.8,1.3,1.7,1.8,16.1
F,135,Bobby Jackson,79,20.9,7.2,2.9,6.7,43.9,0.5,1.3,37.5,0.8,1.1,73.9,0.9,2.2,3.1,2.0,1.1,0.1,1.3,8.2
G,136,Terry Porter,80,21.0,7.2,2.5,5.5,44.8,1.1,2.6,42.4,1.2,1.5,79.3,0.3,2.2,2.5,3.1,0.7,0.1,1.3,9.0
F-G,137,Dale Davis,81,26.7,7.2,3.0,6.0,49.7,0.0,0.0,0.0,1.2,1.9,63.2,2.9,4.6,7.5,1.3,0.5,0.9,0.8,12.9
C,138,Jason Caffey,70,20.9,7.1,2.6,5.2,48.8,0.0,0.0,0.0,2.0,3.0,67.3,1.9,3.1,5.0,0.8,0.5,0.4,1.1,9.1
F,139,Kenny Thomas,74,24.6,7.1,2.8,6.3,44.3,0.3,1.2,27.2,1.2,1.7,72.2,1.6,4.0,5.6,1.0,0.5,0.6,1.6,9.4
F,140,Shawn Bradley,82,24.4,7.1,2.7,5.5,49.0,0.0,0.1,16.7,1.7,2.2,78.7,2.0,5.5,7.4,0.5,0.4,2.8,1.1,13.8
F-G,141,Moochie Norris,82,20.2,6.6,2.2,5.0,44.6,0.3,1.1,28.1,1.8,2.4,77.8,0.5,1.9,2.4,3.5,0.8,0.0,1.3,8.7
F,142,Eric Williams,81,21.5,6.6,2.0,5.5,36.2,0.6,1.7,33.1,2.0,2.9,71.4,0.8,1.8,2.6,1.4,0.8,0.2,0.9,6.2
F,143,Damon Jones,71,19.9,6.5,2.4,5.9,40.9,1.2,3.3,36.4,0.5,0.7,71.2,0.2,1.5,1.7,3.2,0.5,0.0,1.1,7.2
F,144,Robert Pack,74,17.0,6.5,2.4,5.8,42.5,0.2,0.4,38.7,1.4,1.9,76.6,0.4,1.4,1.9,4.0,0.9,0.0,1.8,7.6
G,145,Scot Pollard,77,21.5,6.5,2.4,5.1,46.8,0.0,0.0,0.0,1.7,2.2,74.9,2.2,3.8,6.0,0.6,0.6,1.3,0.9,10.9
G,146,Ben Wallace,80,34.5,6.4,2.7,5.5,49.0,0.0,0.1,25.0,1.0,3.0,33.6,3.8,9.4,13.2,1.5,1.3,2.3,1.5,18.5
F,147,Anthony Carter,72,22.6,6.4,2.7,6.7,40.6,0.1,0.6,15.0,0.9,1.4,63.1,0.6,1.9,2.5,3.7,1.0,0.1,1.7,7.6
G,148,Michael Doleac,77,18.2,6.4,2.9,6.8,41.7,0.0,0.0,0.0,0.6,0.8,84.7,0.9,2.6,3.5,0.8,0.5,0.5,0.8,6.9
G,149,Jacque Vaughn,82,19.8,6.1,2.1,4.8,43.3,0.4,1.0,38.5,1.6,2.0,78.0,0.2,1.6,1.8,3.9,0.6,0.0,1.6,7.7
C,150,Dell Curry,71,13.5,6.0,2.3,5.4,42.4,0.9,2.0,42.8,0.6,0.7,84.3,0.2,1.0,1.2,1.1,0.4,0.1,0.5,5.0
F,151,Desmond Mason,78,19.5,5.9,2.4,5.6,43.1,0.2,0.9,26.9,0.9,1.2,73.6,0.9,2.3,3.2,0.8,0.5,0.3,0.7,6.5
F,152,Keyon Dooling,76,16.3,5.9,1.9,4.8,40.9,0.4,1.1,35.0,1.6,2.4,69.8,0.1,1.1,1.2,2.3,0.5,0.1,1.2,5.3
F,153,Robert Traylor,70,17.3,5.7,2.3,4.6,49.7,0.0,0.0,0.0,1.1,2.0,56.7,1.8,2.5,4.3,0.9,0.7,1.1,1.4,8.1
F-C,154,Danny Ferry,80,21.1,5.6,2.2,4.7,47.5,0.9,2.0,44.9,0.3,0.4,73.3,0.7,2.1,2.8,0.9,0.4,0.3,0.6,6.7
G,155,Sean Rooks,82,18.9,5.4,2.1,4.8,42.8,0.0,0.0,50.0,1.3,1.7,74.8,1.1,2.6,3.7,0.9,0.4,0.8,0.9,7.2
G,156,Mateen Cleaves,78,16.3,5.4,2.1,5.1,40.0,0.1,0.2,29.4,1.2,1.8,70.8,0.3,1.4,1.7,2.7,0.6,0.0,1.8,5.0
F,157,Olden Polynice,81,20.0,5.3,2.5,5.1,49.6,0.0,0.0,0.0,0.2,0.8,26.2,1.9,2.7,4.7,0.4,0.3,1.0,1.0,7.5
G,158,Hedo Turkoglu,74,16.8,5.3,1.9,4.5,41.2,0.4,1.2,32.6,1.2,1.5,77.7,0.7,2.2,2.8,0.9,0.7,0.3,0.7,6.3
G-F,159,Brian Shaw,80,22.9,5.3,2.1,5.1,39.9,0.5,1.7,31.1,0.6,0.8,79.7,0.6,3.2,3.8,3.2,0.6,0.3,1.2,8.8
C,160,Robert Horry,79,20.1,5.2,1.9,4.8,38.7,0.7,2.0,34.6,0.7,1.1,71.1,1.2,2.6,3.7,1.6,0.7,0.7,1.0,7.6
C-F,161,DerMarr Johnson,78,16.8,5.1,1.9,5.0,37.4,0.5,1.6,32.3,0.8,1.1,73.6,0.7,1.6,2.3,0.8,0.6,0.4,1.2,4.5
G,162,Monty Williams,82,14.8,5.0,2.0,4.4,44.5,0.0,0.2,7.7,1.0,1.6,63.9,1.0,1.9,3.0,1.0,0.4,0.2,1.0,5.4
F-G,163,Stromile Swift,80,16.4,4.9,1.9,4.2,45.1,0.0,0.1,0.0,1.1,1.8,60.3,1.4,2.2,3.6,0.4,0.8,1.0,0.8,6.8
C,164,Troy Hudson,75,13.4,4.8,1.7,5.0,33.6,0.3,1.5,20.2,1.1,1.4,81.7,0.5,0.9,1.4,2.2,0.5,0.0,1.2,4.1
G-F,165,Chris Childs,77,24.1,4.7,1.8,4.4,40.3,0.4,1.4,30.2,0.8,0.9,84.5,0.3,2.3,2.6,4.6,0.8,0.2,2.0,8.1
F,166,Jamaal Magloire,74,14.8,4.6,1.6,3.7,45.0,0.0,0.0,0.0,1.3,2.0,65.5,1.4,2.6,4.0,0.4,0.2,1.1,0.8,6.7
G,167,Jelani McCoy,70,16.3,4.5,2.0,3.8,52.3,0.0,0.0,0.0,0.6,1.3,44.1,1.3,2.3,3.6,0.8,0.3,0.7,1.1,6.3
F-G,168,Rasho Nesterovic,73,16.9,4.5,2.0,4.4,46.1,0.0,0.0,0.0,0.5,0.9,52.3,1.4,2.6,3.9,0.6,0.3,0.9,0.8,6.7
C,169,Greg Ostertag,81,18.4,4.5,1.7,3.5,49.5,0.0,0.0,50.0,1.0,1.9,55.6,2.0,3.1,5.1,0.3,0.3,1.8,0.8,8.5
G,170,A.C. Green,82,17.2,4.5,1.8,4.0,44.4,0.0,0.1,0.0,1.0,1.4,71.2,1.3,2.5,3.8,0.5,0.4,0.1,0.5,6.1
G,171,Mikki Moore,81,14.2,4.4,1.6,3.3,49.3,0.0,0.0,0.0,1.2,1.6,73.1,1.5,2.4,3.9,0.4,0.3,0.8,0.9,6.8
G,172,Hanno Mottola,73,13.5,4.4,1.7,3.8,44.4,0.0,0.0,0.0,1.0,1.2,81.1,0.7,1.7,2.4,0.3,0.2,0.1,0.9,4.1
G,173,Michael Smith,79,20.4,3.8,1.3,2.8,48.6,0.0,0.0,0.0,1.1,1.9,57.8,2.2,4.9,7.1,1.3,0.7,0.5,0.8,10.4
F,174,Jeff Foster,71,16.2,3.5,1.4,3.0,46.9,0.0,0.1,28.6,0.7,1.3,51.6,2.0,3.5,5.5,0.5,0.5,0.4,0.7,7.5
F,175,Sam Mitchell,82,12.0,3.5,1.4,3.5,40.8,0.1,0.5,20.9,0.5,0.7,72.7,0.3,1.2,1.5,0.7,0.3,0.1,0.4,3.4
G,176,Evan Eschmeyer,74,18.0,3.4,1.2,2.7,46.0,0.0,0.0,0.0,0.9,1.4,65.7,1.8,3.1,4.9,0.5,0.6,0.8,0.7,7.6
F,177,Ervin Johnson,82,24.2,3.2,1.3,2.4,54.5,0.0,0.0,0.0,0.6,1.1,53.8,2.5,5.0,7.5,0.5,0.5,1.2,0.6,10.7
F,178,Kevin Ollie,70,13.2,3.1,1.1,2.7,39.6,0.0,0.0,33.3,0.9,1.3,70.8,0.2,1.1,1.4,2.1,0.4,0.0,0.7,4.2
F,179,Dean Garrett,70,11.9,2.5,1.1,2.2,48.1,0.0,0.0,0.0,0.4,0.6,69.2,0.9,2.2,3.1,0.3,0.4,0.7,0.4,5.4
F,180,Mark Madsen,70,9.2,2.0,0.8,1.6,48.7,0.0,0.0,100.0,0.4,0.5,70.3,1.1,1.1,2.2,0.3,0.1,0.1,0.4,3.3
