pos,#,player,gp,min,pts,fgm,fga,fg%,3pm,3pa,3p%,ftm,fta,ft%,oreb,dreb,reb,ast,stl,blk,tov,eff
G,1,Allen Iverson,60,43.7,31.4,11.1,27.8,39.8,1.3,4.5,29.1,7.9,9.8,81.2,0.7,3.8,4.5,5.5,2.8,0.2,4.0,21.9
F-C,2,Shaquille O'Neal,67,36.1,27.2,10.6,18.3,57.9,0.0,0.0,0.0,5.9,10.7,55.5,3.5,7.2,10.7,3.0,0.6,2.0,2.6,28.5
F-G,3,Paul Pierce,82,40.2,26.1,8.6,19.5,44.2,2.6,6.3,40.4,6.3,7.8,80.9,1.0,5.9,6.9,3.2,1.9,1.0,2.9,23.9
F,4,Tracy McGrady,76,38.3,25.6,9.4,20.9,45.1,1.4,3.7,36.4,5.5,7.3,74.8,2.0,5.9,7.9,5.3,1.6,1.0,2.5,25.5
G,5,Tim Duncan,82,40.6,25.5,9.3,18.3,50.8,0.0,0.1,10.0,6.8,8.5,79.9,3.3,9.4,12.7,3.7,0.7,2.5,3.2,31.2
F,6,Kobe Bryant,80,38.3,25.2,9.4,20.0,46.9,0.4,1.7,25.0,6.1,7.4,82.9,1.4,4.1,5.5,5.5,1.5,0.4,2.8,23.5
G,7,Vince Carter,60,39.8,24.7,9.3,21.8,42.8,2.0,5.2,38.7,4.1,5.1,79.8,2.3,2.9,5.2,4.0,1.6,0.7,2.6,20.2
G,8,Dirk Nowitzki,76,38.0,23.4,7.9,16.6,47.7,1.8,4.6,39.7,5.8,6.8,85.3,1.6,8.4,9.9,2.4,1.1,1.0,1.9,26.3
F,9,Karl Malone,80,38.0,22.4,7.9,17.5,45.4,0.1,0.3,36.0,6.4,8.0,79.7,1.8,6.8,8.6,4.3,1.9,0.7,3.3,23.4
G,10,Antoine Walker,81,42.0,22.1,8.2,20.9,39.4,2.7,8.0,34.4,3.0,4.0,74.1,1.9,7.0,8.8,5.0,1.5,0.5,3.1,21.2
G,11,Gary Payton,82,40.2,22.1,9.0,19.2,46.7,0.9,2.9,31.4,3.3,4.1,79.7,1.0,3.9,4.8,9.0,1.6,0.3,2.5,24.2
C,12,Ray Allen,69,36.6,21.8,7.7,16.6,46.2,3.3,7.7,43.4,3.1,3.6,87.3,1.2,3.3,4.5,3.9,1.3,0.3,2.3,20.1
G,13,Cuttino Mobley,74,42.1,21.7,8.0,18.4,43.8,2.0,5.1,39.5,3.6,4.2,85.0,0.9,3.2,4.1,2.5,1.5,0.5,2.4,16.9
G,14,Jerry Stackhouse,76,35.3,21.4,6.9,17.4,39.7,1.1,3.9,28.7,6.5,7.6,85.8,1.0,3.1,4.1,5.3,1.0,0.5,3.5,17.3
G,15,Shareef Abdur-Rahim,77,38.7,21.2,7.8,16.8,46.1,0.3,0.9,30.0,5.4,6.8,80.1,2.6,6.5,9.0,3.1,1.3,1.1,3.2,22.0
G,16,Peja Stojakovic,71,37.3,21.2,7.7,15.9,48.4,1.8,4.4,41.6,4.0,4.5,87.6,1.0,4.2,5.3,2.5,1.1,0.2,2.0,19.5
F,17,Kevin Garnett,81,39.2,21.2,8.1,17.3,47.0,0.5,1.4,31.9,4.4,5.5,80.1,3.0,9.1,12.1,5.2,1.2,1.6,2.8,28.1
F,18,Michael Finley,69,39.9,20.6,8.2,17.8,46.3,1.1,3.2,33.9,3.0,3.6,83.7,1.3,3.9,5.2,3.3,0.9,0.4,1.7,18.7
G,19,Jalen Rose,83,38.0,20.4,8.0,17.6,45.5,1.1,3.0,36.2,3.4,4.0,83.9,0.5,4.0,4.5,4.3,0.9,0.5,2.4,18.0
C,20,Stephon Marbury,82,38.9,20.4,7.6,17.2,44.2,0.9,3.0,28.6,4.3,5.5,78.1,0.9,2.3,3.2,8.1,0.9,0.2,3.5,18.6
G,21,Allan Houston,77,37.9,20.4,7.4,16.9,43.7,1.8,4.5,39.3,3.8,4.4,87.0,0.5,2.8,3.3,2.5,0.7,0.1,2.2,14.6
F,22,Antawn Jamison,82,37.0,19.7,7.5,16.8,44.7,0.8,2.6,32.4,3.9,5.4,73.4,2.6,4.2,6.8,2.0,0.9,0.5,2.0,17.2
G,23,Sam Cassell,74,35.2,19.7,7.5,16.2,46.3,1.0,2.8,34.8,3.8,4.4,86.0,0.7,3.5,4.2,6.7,1.2,0.2,2.4,20.3
F,24,Latrell Sprewell,81,41.1,19.4,7.1,17.5,40.4,1.8,5.0,36.0,3.5,4.3,82.1,0.7,3.0,3.7,3.9,1.2,0.2,2.8,14.4
G,25,Jason Terry,78,38.1,19.3,6.7,15.6,43.0,2.2,5.7,38.7,3.6,4.4,83.5,0.5,2.9,3.5,5.7,1.8,0.2,2.3,18.5
G,26,Rasheed Wallace,79,37.5,19.3,7.6,16.3,46.9,1.4,4.0,36.0,2.5,3.5,73.4,1.7,6.4,8.2,1.9,1.3,1.3,1.7,20.7
F,27,Shawn Marion,81,38.4,19.1,8.1,17.2,46.9,0.6,1.5,39.3,2.4,2.8,84.5,2.6,7.3,9.9,2.0,1.8,1.1,1.8,22.6
G,28,Jermaine O'Neal,72,37.6,19.0,7.5,15.7,47.9,0.0,0.2,7.1,3.9,5.7,68.8,2.6,7.9,10.5,1.6,0.6,2.3,2.4,21.7
F,29,Wally Szczerbiak,82,38.1,18.7,7.4,14.6,50.8,1.1,2.3,45.5,2.8,3.3,83.1,1.5,3.3,4.8,3.1,0.8,0.3,2.2,17.7
C,30,Nick Van Exel,72,34.7,18.4,7.0,17.0,40.9,1.7,4.9,34.0,2.8,3.5,80.1,0.4,3.1,3.5,6.6,0.6,0.2,2.2,16.4
G,31,Eddie Jones,81,39.0,18.3,6.4,14.8,43.2,1.8,4.7,39.0,3.7,4.4,83.7,0.8,3.9,4.7,3.2,1.4,1.0,1.8,17.6
G,32,Elton Brand,80,37.7,18.2,6.7,12.6,52.7,0.0,0.0,0.0,4.9,6.6,74.2,5.0,6.6,11.6,2.4,1.0,2.0,2.2,25.3
G-F,33,Baron Davis,82,40.5,18.1,6.8,16.4,41.7,2.1,5.8,35.6,2.4,4.1,58.0,1.1,3.1,4.3,8.5,2.1,0.6,3.0,19.3
F,34,Steve Nash,82,34.6,17.9,6.4,13.3,48.3,1.9,4.2,45.5,3.2,3.6,88.7,0.6,2.5,3.1,7.7,0.6,0.0,2.8,19.3
F,35,Pau Gasol,82,36.7,17.6,6.7,13.0,51.8,0.0,0.1,20.0,4.1,5.8,70.9,2.9,6.0,8.9,2.7,0.5,2.1,2.7,21.1
C-F,36,Bonzi Wells,74,31.8,17.0,6.6,14.0,46.9,0.9,2.3,38.4,2.9,3.9,74.1,1.6,4.4,6.0,2.8,1.5,0.3,2.6,16.5
G,37,Rashard Lewis,71,36.4,16.8,6.4,13.7,46.8,1.7,4.5,38.9,2.3,2.8,81.0,2.0,5.1,7.0,1.7,1.5,0.6,1.4,18.4
F-G,38,Lamond Murray,71,32.5,16.6,6.1,13.9,43.6,1.4,3.4,42.4,3.0,3.7,81.7,1.1,4.1,5.2,2.2,1.0,0.6,2.0,15.1
G,39,Reggie Miller,79,36.6,16.5,5.2,11.6,45.3,2.3,5.6,40.6,3.7,4.1,91.1,0.3,2.5,2.8,3.2,1.1,0.1,1.5,15.5
C,40,Andre Miller,81,37.3,16.5,5.9,12.9,45.4,0.3,1.1,25.3,4.5,5.5,81.7,1.3,3.3,4.7,10.9,1.6,0.4,3.0,22.9
G-F,41,Alonzo Mourning,75,32.7,15.7,6.0,11.5,51.6,0.0,0.0,33.3,3.8,5.7,65.7,2.4,6.0,8.4,1.2,0.4,2.5,2.4,18.1
G,42,Wesley Person,78,35.8,15.1,6.0,12.1,49.5,1.8,4.1,44.4,1.3,1.6,79.8,0.6,3.1,3.8,2.2,1.0,0.5,0.9,15.1
C,43,Kenyon Martin,73,34.3,14.9,6.1,13.2,46.3,0.2,0.9,22.4,2.5,3.7,67.8,1.5,3.8,5.3,2.6,1.2,1.7,2.4,15.1
F-C,44,Keith Van Horn,81,30.4,14.8,5.8,13.4,43.3,1.2,3.6,34.5,1.9,2.4,80.0,1.7,5.8,7.5,2.0,0.8,0.5,1.8,15.7
F,45,Jason Kidd,82,37.3,14.7,5.4,13.9,39.1,1.4,4.4,32.1,2.5,3.0,81.4,1.6,5.7,7.3,9.9,2.1,0.2,3.5,21.7
F,46,Juwan Howard,81,32.5,14.6,5.7,12.4,46.0,0.0,0.0,0.0,3.2,4.2,76.1,2.8,4.8,7.6,2.1,0.6,0.6,1.9,15.8
G,47,Jeff McInnis,81,37.4,14.6,5.7,13.8,41.3,0.9,2.9,32.1,2.3,2.7,83.6,0.6,2.1,2.6,6.2,0.8,0.1,1.8,13.9
F-G,48,Clifford Robinson,80,35.7,14.6,5.7,13.4,42.5,1.4,3.8,37.8,1.8,2.6,69.4,1.0,3.8,4.8,2.5,1.1,1.2,1.9,13.9
G-F,49,Antonio Davis,77,38.7,14.5,5.3,12.5,42.6,0.0,0.0,0.0,3.8,4.6,81.8,3.3,6.3,9.6,2.0,0.7,1.1,2.1,17.8
F-G,50,Shane Battier,78,39.7,14.4,5.3,12.3,42.9,1.3,3.5,37.3,2.5,3.6,70.0,2.3,3.1,5.4,2.8,1.6,1.0,2.0,15.0
G,51,Jason Richardson,80,32.9,14.4,5.8,13.6,42.6,1.0,3.1,33.3,1.8,2.6,67.1,1.6,2.7,4.3,3.0,1.3,0.4,2.0,12.6
G,52,Brent Barry,81,37.5,14.4,5.0,9.8,50.8,2.0,4.8,42.4,2.4,2.9,84.6,0.7,4.7,5.4,5.3,1.8,0.5,2.0,20.1
F,53,Kenny Thomas,72,34.5,14.1,5.5,11.5,47.8,0.0,0.2,0.0,3.1,4.7,66.4,2.2,5.0,7.2,1.9,1.2,0.9,2.0,15.7
C,54,Elden Campbell,77,28.0,13.9,5.0,10.3,48.4,0.0,0.0,0.0,4.0,5.0,79.7,1.7,5.2,6.9,1.3,0.8,1.8,1.8,16.6
F,55,Kurt Thomas,82,33.8,13.9,5.6,11.4,49.4,0.0,0.1,16.7,2.6,3.2,81.5,2.6,6.5,9.1,1.1,0.9,1.0,1.9,17.7
G,56,Mike Bibby,80,33.2,13.7,5.6,12.3,45.3,0.6,1.7,37.0,1.9,2.4,80.3,0.5,2.3,2.8,5.0,1.1,0.2,1.7,13.9
G-F,57,Corliss Williamson,78,21.9,13.6,5.3,10.3,51.0,0.0,0.1,20.0,3.1,3.8,80.5,1.5,2.6,4.1,1.2,0.6,0.3,1.8,12.3
F,58,Brad Miller,76,29.8,13.6,4.8,9.6,49.9,0.0,0.1,42.9,3.9,5.0,77.5,3.3,4.9,8.2,2.0,1.0,0.5,1.5,17.8
F,59,Damon Stoudamire,75,37.2,13.5,4.9,12.2,40.2,1.4,3.9,35.3,2.3,2.6,88.8,1.0,2.9,3.9,6.5,0.9,0.1,2.0,15.4
C,60,Raef LaFrentz,78,31.5,13.5,5.4,11.8,45.8,1.3,3.4,38.8,1.3,1.9,69.5,2.3,5.2,7.4,1.1,0.7,2.7,1.2,17.3
F,61,John Stockton,82,31.3,13.4,4.9,9.5,51.7,0.3,1.0,32.1,3.4,3.9,85.7,0.7,2.5,3.2,8.2,1.9,0.3,2.5,19.4
G,61,Kerry Kittles,82,31.7,13.4,5.3,11.5,46.6,1.2,3.0,40.5,1.6,2.1,74.4,0.8,2.5,3.4,2.6,1.6,0.4,1.3,13.4
F,63,Quentin Richardson,81,26.6,13.3,4.9,11.4,43.2,1.6,4.3,38.1,1.8,2.3,76.5,1.4,2.7,4.1,1.6,1.0,0.3,1.3,11.9
F,64,Chauncey Billups,82,28.7,12.5,4.2,10.0,42.3,1.5,3.8,39.4,2.5,2.9,88.5,0.4,2.3,2.8,5.5,0.8,0.2,1.7,14.0
C,65,Desmond Mason,75,32.2,12.4,4.8,10.3,46.4,0.2,0.8,27.1,2.7,3.2,84.8,1.2,3.5,4.7,1.4,0.9,0.4,1.4,12.4
G,66,Darrell Armstrong,82,33.3,12.4,4.2,10.1,41.9,1.7,4.9,34.9,2.2,2.5,88.8,1.0,2.9,3.9,5.5,1.9,0.1,2.1,15.5
F,67,Marcus Fizer,76,25.9,12.3,4.9,11.2,43.8,0.1,0.5,17.1,2.5,3.7,66.8,1.7,3.9,5.6,1.6,0.6,0.3,1.7,11.3
C,68,Larry Hughes,73,28.0,12.3,4.7,11.1,42.3,0.2,1.3,19.4,2.6,3.5,73.7,1.1,2.2,3.4,4.3,1.5,0.3,2.3,12.1
F,69,David Robinson,78,29.6,12.2,4.4,8.6,50.7,0.0,0.0,0.0,3.4,5.1,68.1,2.4,5.8,8.3,1.2,1.1,1.8,1.3,17.4
C,70,Chucky Atkins,79,28.9,12.1,4.7,10.0,46.6,1.7,4.3,41.1,1.1,1.5,69.2,0.4,1.6,2.0,3.3,0.9,0.1,1.6,11.1
G,71,Doug Christie,81,34.5,12.0,4.2,9.1,46.0,1.1,3.2,35.2,2.5,3.0,85.1,0.9,3.7,4.6,4.2,2.0,0.3,2.0,15.7
G,72,Anfernee Hardaway,80,30.8,12.0,4.9,11.6,41.8,0.3,1.0,27.7,2.0,2.4,81.0,1.2,3.2,4.4,4.1,1.5,0.4,2.4,12.7
F,73,Rodney Rogers,77,24.4,11.9,4.6,9.8,47.1,1.1,3.1,37.4,1.5,1.9,78.5,1.7,2.8,4.5,1.5,0.9,0.4,1.4,12.1
F,74,Alvin Williams,82,35.7,11.8,4.9,11.8,41.5,0.8,2.4,32.1,1.3,1.7,73.6,0.7,2.7,3.4,5.7,1.6,0.3,1.8,13.7
F,75,Matt Harpring,81,31.4,11.8,4.8,10.3,46.1,0.3,0.9,30.4,2.0,2.7,74.3,2.5,4.6,7.1,1.3,0.9,0.1,1.6,13.3
G-F,76,Tim Thomas,74,26.9,11.7,4.3,10.2,42.0,1.3,3.9,32.6,1.9,2.4,79.3,0.9,3.2,4.1,1.4,0.9,0.4,1.7,10.4
G-F,77,Troy Hudson,81,22.9,11.7,4.4,10.1,43.4,0.8,2.3,35.3,2.2,2.5,87.6,0.4,1.4,1.8,3.1,0.7,0.1,2.0,9.4
G,78,Ricky Davis,82,23.8,11.7,4.6,9.5,48.1,0.1,0.4,31.4,2.4,3.0,79.0,0.8,2.2,3.0,2.2,0.8,0.3,1.8,10.6
F,79,Steven Smith,77,28.7,11.6,4.0,8.9,45.5,1.5,3.2,47.2,2.1,2.4,87.8,0.6,1.9,2.5,2.0,0.7,0.2,1.4,10.5
C,80,Dikembe Mutombo,80,36.3,11.5,4.0,8.0,50.1,0.0,0.0,0.0,3.5,4.6,76.4,3.2,7.6,10.8,1.0,0.4,2.4,2.0,19.0
G,81,Voshon Lenard,71,23.3,11.5,4.4,10.8,41.0,1.3,3.4,37.1,1.3,1.7,78.3,0.5,2.0,2.6,1.8,0.8,0.4,1.3,9.0
F-C,82,Keon Clark,81,27.0,11.3,4.7,9.6,49.0,0.0,0.1,0.0,1.9,2.8,67.4,2.2,5.2,7.4,1.1,0.7,1.5,1.7,14.5
G,83,Derek Fisher,70,28.2,11.2,3.9,9.5,41.1,2.1,5.0,41.3,1.3,1.6,84.7,0.2,1.9,2.1,2.6,0.9,0.1,0.9,10.2
F,84,Danny Fortson,77,28.8,11.2,4.0,9.4,42.8,0.0,0.1,25.0,3.2,4.0,79.5,3.8,7.9,11.7,1.6,0.6,0.2,2.1,17.1
C,85,Ruben Patterson,75,23.5,11.2,4.3,8.3,51.5,0.1,0.5,25.0,2.6,3.7,70.1,2.1,1.9,4.0,1.4,1.1,0.5,1.5,11.5
C,86,Vlade Divac,80,30.3,11.1,4.2,9.0,47.2,0.0,0.2,23.1,2.6,4.3,61.5,2.6,5.8,8.4,3.7,1.0,1.2,2.0,17.0
G-F,87,Michael Olowokandi,80,32.1,11.1,4.8,11.1,43.3,0.0,0.0,0.0,1.5,2.4,62.2,2.1,6.8,8.9,1.1,0.7,1.8,2.2,14.2
F,88,Bobby Jackson,81,21.6,11.1,4.1,9.3,44.3,1.0,2.7,36.1,1.8,2.3,81.0,1.0,2.1,3.1,2.0,0.9,0.1,1.1,10.5
G,89,Pat Garrity,80,30.0,11.1,4.1,9.6,42.6,2.1,5.0,42.7,0.8,0.9,83.6,1.0,3.3,4.2,1.2,0.8,0.4,0.9,11.1
C,90,Derek Anderson,70,26.5,10.8,3.5,8.7,40.4,1.2,3.3,37.3,2.5,3.0,85.6,0.7,2.0,2.7,3.1,1.0,0.1,1.2,10.8
G,91,Lee Nailon,79,24.2,10.8,4.7,9.7,48.3,0.0,0.0,50.0,1.4,1.9,74.7,1.3,2.4,3.7,1.2,0.7,0.2,1.2,9.9
F-G,92,Andrei Kirilenko,82,26.3,10.7,3.5,7.7,45.0,0.3,1.2,25.0,3.5,4.5,76.8,1.8,3.1,4.9,1.1,1.4,1.9,1.3,13.5
G,93,James Posey,73,30.7,10.7,3.8,10.1,37.6,0.9,3.2,28.3,2.2,2.8,79.3,1.5,4.4,5.9,2.5,1.6,0.5,1.7,12.5
F-C,94,Joe Smith,72,26.7,10.7,4.1,8.1,51.1,0.0,0.0,66.7,2.4,2.9,83.0,2.1,4.2,6.3,1.1,0.5,0.8,1.2,13.8
F,95,Rod Strickland,76,30.1,10.4,4.2,9.4,44.3,0.1,0.3,30.8,2.0,2.6,76.6,0.6,2.4,3.1,6.1,1.1,0.1,2.1,12.9
G,96,Chris Whitney,82,26.5,10.2,3.3,8.0,41.8,1.6,3.9,40.6,1.9,2.1,88.0,0.1,1.7,1.9,3.8,0.9,0.1,1.0,10.8
G-F,97,Hedo Turkoglu,80,24.6,10.1,3.6,8.6,42.2,0.8,2.1,36.8,2.1,2.9,72.6,0.8,3.8,4.5,2.0,0.7,0.4,1.0,11.0
C,98,Bob Sura,78,22.9,10.0,3.2,7.6,42.4,0.5,1.7,31.6,3.0,4.2,72.0,1.1,2.1,3.3,3.5,1.1,0.2,1.7,10.9
G-F,99,Nazr Mohammed,82,26.4,9.7,4.0,8.7,46.1,0.0,0.0,0.0,1.7,2.7,61.7,3.0,5.0,7.9,0.4,0.8,0.7,1.4,12.4
C-F,100,Kenny Anderson,76,31.9,9.6,4.1,9.4,43.6,0.1,0.4,27.3,1.3,1.7,74.2,0.8,2.9,3.6,5.3,1.9,0.1,1.6,13.2
G,101,Anthony Mason,82,38.3,9.6,3.9,7.6,50.5,0.0,0.0,100.0,1.9,2.7,69.7,1.5,6.4,7.9,4.2,0.7,0.3,1.6,16.5
C,102,Dale Davis,78,31.4,9.5,3.8,7.4,51.0,0.0,0.0,0.0,1.9,2.7,70.8,3.4,5.5,8.8,1.2,0.8,1.1,0.8,16.2
F,103,Darius Miles,82,27.1,9.5,3.8,7.8,48.1,0.0,0.2,15.8,1.9,3.1,62.0,1.3,4.2,5.5,2.2,0.9,1.3,2.0,12.2
F,104,Malik Rose,82,21.1,9.4,3.6,7.7,46.3,0.0,0.1,8.3,2.3,3.1,72.0,2.1,3.9,6.0,0.7,0.9,0.5,1.7,10.8
F-G,105,Richard Jefferson,79,24.3,9.4,3.4,7.5,45.7,0.2,0.7,23.2,2.4,3.4,71.3,1.1,2.6,3.7,1.8,0.8,0.6,1.4,9.9
G,106,Jamaal Tinsley,80,30.5,9.4,3.6,9.5,38.0,0.5,2.2,24.0,1.6,2.3,70.4,1.0,2.8,3.7,8.1,1.7,0.5,3.4,13.5
G,107,Brian Grant,72,31.3,9.3,4.0,8.5,46.9,0.0,0.0,0.0,1.4,1.7,84.9,2.3,5.7,8.0,1.9,0.7,0.4,1.7,13.9
C-F,108,Antonio Daniels,82,26.5,9.2,3.3,7.5,44.0,0.7,2.4,29.1,1.9,2.6,75.2,0.3,1.9,2.1,2.8,0.6,0.1,0.9,9.2
G,109,Tony Parker,77,29.4,9.2,3.5,8.3,41.9,0.8,2.5,32.3,1.4,2.1,67.5,0.4,2.1,2.6,4.3,1.2,0.1,2.0,9.8
G,110,Lucious Harris,74,21.0,9.1,3.4,7.3,46.4,0.6,1.6,37.3,1.8,2.1,84.2,0.7,2.1,2.8,1.6,0.7,0.1,0.8,9.2
G-F,111,Jon Barry,82,24.2,9.0,3.1,6.4,48.9,1.5,3.1,46.9,1.3,1.4,93.1,0.5,2.3,2.9,3.3,1.1,0.2,1.4,11.9
F,112,Anthony Peeler,82,25.1,9.0,3.5,8.3,42.1,1.4,3.5,39.2,0.6,0.7,86.2,0.5,2.1,2.5,2.2,0.7,0.1,0.9,8.7
F-C,113,Eric Piatkowski,71,24.2,8.8,2.9,6.6,43.9,1.6,3.4,46.6,1.4,1.6,89.4,0.6,2.0,2.6,1.6,0.6,0.2,0.9,8.9
F,114,Eddie Griffin,73,26.0,8.8,3.3,9.1,36.6,1.2,3.7,33.0,0.9,1.2,74.4,1.6,4.1,5.7,0.7,0.2,1.8,0.6,10.6
G,115,Trenton Hassell,78,28.7,8.7,3.4,8.1,42.5,0.8,2.1,36.4,1.1,1.5,76.3,0.8,2.4,3.3,2.2,0.7,0.6,1.3,9.2
G-F,116,Jamaal Magloire,82,18.9,8.5,2.8,5.0,55.1,0.0,0.0,0.0,3.0,4.1,73.0,1.9,3.8,5.6,0.4,0.3,1.0,1.4,11.1
G,117,Rasho Nesterovic,82,27.0,8.4,4.0,8.0,49.3,0.0,0.0,0.0,0.5,0.9,54.9,2.4,4.1,6.5,0.9,0.5,1.3,1.1,12.1
F-C,118,Mark Jackson,82,28.9,8.4,3.2,7.2,43.9,1.0,2.4,40.5,1.1,1.3,79.1,0.7,3.1,3.8,7.4,0.9,0.0,1.8,14.3
F,119,P.J. Brown,80,32.0,8.4,3.1,6.6,47.4,0.0,0.0,0.0,2.1,2.5,85.8,3.4,6.4,9.8,1.3,0.7,1.0,1.1,16.4
F,120,DerMarr Johnson,72,24.0,8.4,3.0,7.5,39.6,1.2,3.4,36.0,1.2,1.5,81.0,0.8,2.6,3.4,1.1,0.9,0.8,1.4,8.3
F,121,Jumaine Jones,81,26.5,8.3,3.5,7.9,44.8,0.6,2.1,31.0,0.6,0.8,66.2,1.5,4.5,6.0,1.4,0.9,0.6,1.0,11.6
G,122,Moochie Norris,82,27.4,8.1,3.1,7.7,39.8,0.4,1.6,26.9,1.5,2.1,75.1,0.9,2.1,3.0,4.9,1.0,0.0,1.9,10.0
F-C,123,Horace Grant,76,29.1,8.0,3.5,6.8,51.3,0.0,0.0,0.0,1.1,1.5,72.1,2.1,4.2,6.3,1.4,0.8,0.6,0.7,12.7
G,124,Rick Fox,82,27.9,7.9,3.1,7.4,42.1,0.8,2.5,31.3,0.9,1.0,82.4,1.1,3.6,4.7,3.5,0.8,0.3,1.6,11.1
F-G,125,Travis Best,74,23.6,7.9,3.1,7.0,44.0,0.3,0.8,35.6,1.4,1.6,89.7,0.3,1.8,2.0,4.4,1.2,0.1,1.3,10.1
F,126,Tyronn Lue,71,20.6,7.8,3.1,7.3,42.7,0.9,2.0,44.7,0.7,0.9,76.2,0.2,1.5,1.7,3.5,0.7,0.0,1.4,7.9
F-G,127,Othella Harrington,77,20.3,7.7,3.1,5.8,52.7,0.0,0.0,0.0,1.6,2.2,70.9,1.6,2.9,4.5,0.5,0.4,0.5,1.2,9.0
F-C,128,Chris Mihm,74,22.4,7.7,3.0,7.1,42.0,0.0,0.1,42.9,1.7,2.4,69.3,1.8,3.5,5.3,0.3,0.2,1.2,1.3,8.6
G,129,Erick Strickland,79,20.8,7.7,2.4,6.2,38.9,1.2,3.1,38.5,1.7,2.0,84.5,0.3,2.4,2.7,2.3,0.7,0.0,1.2,8.2
G,130,Ben Wallace,80,36.5,7.6,3.2,6.0,53.1,0.0,0.0,0.0,1.2,2.9,42.3,4.0,9.0,13.0,1.4,1.7,3.5,0.9,21.9
G,131,Erick Dampier,73,23.8,7.6,2.9,6.6,43.5,0.0,0.0,0.0,1.9,2.9,64.5,2.3,3.0,5.3,1.2,0.2,2.3,2.1,9.7
F,132,Joe Johnson,77,24.9,7.5,3.3,7.6,43.0,0.5,1.7,29.2,0.5,0.7,77.4,1.0,2.4,3.3,2.3,0.8,0.3,0.9,8.8
C,133,Jonathan Bender,78,21.1,7.4,2.5,5.9,43.0,0.6,1.6,36.0,1.8,2.3,77.3,0.8,2.3,3.1,0.8,0.2,0.6,1.2,7.1
G,134,Aaron Williams,82,18.9,7.2,2.8,5.4,52.6,0.0,0.0,0.0,1.6,2.3,69.9,1.4,2.7,4.1,0.9,0.4,0.9,1.0,9.4
F,135,Devean George,82,21.5,7.1,2.6,6.4,41.1,0.8,2.2,37.1,1.0,1.5,67.5,1.0,2.7,3.7,1.4,0.9,0.5,0.8,8.5
G,136,Popeye Jones,79,24.3,7.0,2.8,6.4,43.7,0.1,0.1,36.4,1.3,1.6,81.5,2.9,4.4,7.3,1.6,0.6,0.2,1.1,11.8
F-G,137,Zeljko Rebraca,74,15.9,6.9,2.6,5.1,50.5,0.0,0.0,0.0,1.8,2.4,77.1,1.1,2.8,3.9,0.5,0.4,1.0,1.1,8.6
C,138,Tony Battie,74,24.6,6.9,2.9,5.3,54.1,0.0,0.0,0.0,1.2,1.8,67.7,2.5,4.0,6.5,0.5,0.8,0.9,0.7,11.9
F,139,Robert Horry,81,26.4,6.8,2.3,5.7,39.8,0.9,2.5,37.4,1.3,1.7,78.3,1.6,4.3,5.9,2.9,1.0,1.1,1.1,12.7
F,140,Austin Croshere,76,16.9,6.8,2.4,5.9,41.3,0.6,1.9,33.8,1.3,1.5,85.1,1.0,2.9,3.9,1.0,0.3,0.4,0.9,7.8
F-G,141,Eddy Curry,72,16.0,6.7,2.6,5.2,50.1,0.0,0.0,0.0,1.5,2.2,65.6,1.5,2.2,3.8,0.3,0.2,0.7,1.0,7.5
F,142,Scott Padgett,75,17.2,6.7,2.5,5.3,47.6,0.7,1.5,43.4,1.0,1.4,73.5,1.5,2.3,3.8,1.1,0.6,0.2,0.9,8.3
F,143,Jacque Vaughn,82,22.6,6.6,2.5,5.3,47.0,0.3,0.7,44.4,1.3,1.5,82.5,0.2,1.8,2.0,4.3,0.8,0.0,1.4,9.2
F,144,Kelvin Cato,75,25.6,6.6,2.5,4.3,58.3,0.0,0.0,0.0,1.5,2.6,58.2,2.3,4.7,7.0,0.4,0.5,1.3,0.7,12.2
G,145,Jarron Collins,70,20.6,6.4,2.3,4.9,46.1,0.0,0.0,0.0,1.9,2.6,74.0,2.0,2.3,4.2,0.8,0.4,0.3,0.8,8.1
G,146,Eric Williams,74,23.6,6.4,1.9,5.2,37.4,0.3,1.2,27.9,2.2,3.0,73.1,0.8,2.2,3.0,1.5,1.0,0.1,1.3,6.6
F,147,Scot Pollard,80,23.5,6.4,2.5,4.5,55.0,0.0,0.0,0.0,1.4,2.1,69.3,2.4,4.7,7.1,0.7,0.9,1.0,0.9,12.4
G,148,Tyrone Nesby,70,21.4,6.3,2.6,6.0,43.5,0.2,0.7,27.7,0.9,1.3,68.8,1.5,3.0,4.5,1.3,0.9,0.3,0.7,8.8
G,149,Tyson Chandler,71,19.6,6.1,2.1,4.3,49.7,0.0,0.0,0.0,1.9,3.1,60.4,1.6,3.2,4.8,0.8,0.4,1.3,1.4,8.6
C,150,Shawn Kemp,75,16.5,6.1,2.3,5.4,43.0,0.0,0.1,0.0,1.4,1.7,79.4,1.2,2.6,3.8,0.7,0.6,0.4,1.1,7.1
F,151,Troy Murphy,82,17.7,5.9,2.2,5.2,42.1,0.0,0.1,33.3,1.5,1.9,77.6,1.2,2.7,3.9,0.9,0.4,0.3,1.0,6.9
F,152,Lindsey Hunter,82,19.7,5.8,2.3,6.0,38.2,1.0,2.5,38.0,0.2,0.5,50.0,0.2,1.3,1.5,1.6,0.8,0.2,0.7,5.2
F,153,Kevin Ollie,81,21.3,5.7,1.7,4.4,38.8,0.0,0.0,50.0,2.3,2.8,82.4,0.3,2.0,2.3,3.6,0.8,0.0,1.3,7.9
F-C,154,Jeff Foster,82,21.8,5.7,2.2,4.8,44.9,0.0,0.2,13.3,1.4,2.2,61.0,2.5,4.3,6.8,0.9,0.9,0.5,1.0,10.2
G,155,Terry Porter,72,17.9,5.5,1.9,4.5,42.4,0.8,2.0,41.5,0.9,1.2,81.9,0.2,2.1,2.3,2.8,0.6,0.2,1.2,7.6
G,156,Tony Massenburg,73,17.1,5.5,2.2,4.8,45.6,0.0,0.0,100.0,1.2,1.6,71.8,1.4,3.1,4.4,0.4,0.4,0.4,0.9,7.2
F,157,Jahidi White,71,19.0,5.4,2.1,3.9,53.8,0.0,0.0,0.0,1.2,2.2,53.9,2.2,4.0,6.3,0.2,0.4,1.1,0.9,9.6
G,158,Shandon Anderson,82,19.5,5.0,1.8,4.5,39.9,0.5,1.7,27.7,0.9,1.3,69.2,0.7,2.3,3.0,0.9,0.6,0.2,1.2,5.4
G-F,159,Ryan Bowen,75,22.5,4.9,2.0,4.1,47.9,0.0,0.2,8.3,0.9,1.2,75.0,1.8,2.2,4.0,0.7,1.0,0.5,0.5,8.1
C,160,Hanno Mottola,82,16.7,4.8,2.1,4.7,44.0,0.0,0.2,7.7,0.7,0.9,75.0,1.0,2.3,3.3,0.6,0.2,0.2,0.9,5.5
C-F,161,Adonal Foyle,79,18.8,4.8,2.2,4.9,44.4,0.0,0.0,0.0,0.5,1.2,39.8,1.9,3.0,4.9,0.5,0.5,2.1,1.0,8.4
G,162,Stacey Augmon,77,17.1,4.6,1.8,4.3,42.7,0.0,0.0,0.0,1.0,1.3,76.2,0.8,2.2,2.9,1.3,0.7,0.2,0.7,6.3
F-G,163,Slava Medvedenko,71,10.2,4.7,2.0,4.3,47.7,0.0,0.1,0.0,0.6,0.9,66.1,1.2,1.0,2.2,0.6,0.4,0.2,0.6,4.9
C,164,Vitaly Potapenko,79,17.0,4.6,1.7,3.8,45.5,0.0,0.0,0.0,1.1,1.5,74.2,2.1,2.3,4.4,0.4,0.5,0.2,0.8,6.8
G-F,165,Jason Collins,77,18.2,4.5,1.5,3.6,42.1,0.0,0.0,50.0,1.5,2.1,70.1,1.7,2.2,3.9,1.1,0.4,0.6,0.9,6.8
F,166,Bo Outlaw,83,23.2,4.5,2.0,3.6,55.5,0.0,0.0,50.0,0.5,1.2,42.2,1.8,2.6,4.4,1.5,0.8,1.1,1.2,8.9
G,167,Fred Hoiberg,79,17.8,4.4,1.5,3.7,41.6,0.3,1.2,26.1,1.0,1.2,84.0,0.2,2.4,2.7,1.7,0.8,0.1,0.4,6.8
F-G,168,Darvin Ham,70,17.2,4.3,1.7,3.0,56.9,0.0,0.1,14.3,0.9,1.8,50.4,1.3,1.6,2.9,1.0,0.4,0.5,1.2,5.8
C,169,Michael Curry,82,23.2,4.0,1.5,3.4,45.3,0.1,0.3,26.9,0.9,1.1,79.1,0.2,1.9,2.0,1.5,0.6,0.1,0.7,5.5
G,170,Corie Blount,72,19.9,3.6,1.6,3.5,45.8,0.0,0.0,0.0,0.4,0.6,64.4,2.1,3.0,5.1,0.6,0.7,0.4,0.7,7.5
G,171,Raja Bell,74,12.1,3.4,1.4,3.2,42.9,0.2,0.6,27.3,0.5,0.6,75.0,0.4,1.1,1.5,1.0,0.3,0.1,0.6,3.6
G,172,Greg Ostertag,74,15.0,3.3,1.2,2.7,45.3,0.0,0.0,0.0,0.9,1.8,48.5,1.7,2.5,4.2,0.7,0.2,1.5,0.7,6.8
G,173,Sam Mitchell,74,9.8,3.3,1.3,3.1,43.2,0.1,0.5,28.6,0.5,0.7,77.6,0.2,0.9,1.1,0.6,0.2,0.1,0.4,3.0
F,174,Joel Przybilla,71,15.9,2.7,1.1,2.0,53.5,0.0,0.0,0.0,0.5,1.3,42.2,1.1,2.9,4.0,0.3,0.3,1.7,0.6,6.6
F,175,Ervin Johnson,81,20.5,2.6,1.1,2.4,46.1,0.0,0.0,0.0,0.4,0.8,45.5,1.8,4.0,5.8,0.3,0.5,1.0,0.6,7.8
