pos,#,player,gp,min,pts,fgm,fga,fg%,3pm,3pa,3p%,ftm,fta,ft%,oreb,dreb,reb,ast,stl,blk,tov,eff
G,1,Tracy McGrady,75,39.4,32.1,11.1,24.2,45.7,2.3,6.0,38.6,7.7,9.7,79.3,1.6,4.9,6.5,5.5,1.7,0.8,2.6,28.8
F-C,2,Kobe Bryant,82,41.5,30.0,10.6,23.5,45.1,1.5,4.0,38.3,7.3,8.7,84.3,1.3,5.6,6.9,5.9,2.2,0.8,3.5,28.0
F-G,3,Allen Iverson,82,42.5,27.6,9.8,23.7,41.4,1.0,3.7,27.7,7.0,9.0,77.4,0.8,3.4,4.2,5.5,2.7,0.2,3.5,20.9
F,4,Shaquille O'Neal,67,37.8,27.5,10.4,18.1,57.4,0.0,0.0,0.0,6.7,10.8,62.2,3.9,7.2,11.1,3.1,0.6,2.4,2.9,29.9
G,5,Paul Pierce,79,39.2,25.9,8.4,20.2,41.6,1.5,4.9,30.2,7.6,9.5,80.2,1.3,6.0,7.3,4.4,1.8,0.8,3.6,22.9
F,6,Dirk Nowitzki,80,39.0,25.1,8.6,18.6,46.3,1.9,4.9,37.9,6.0,6.9,88.1,1.0,8.9,9.9,3.0,1.4,1.0,1.9,27.7
G,7,Tim Duncan,81,39.3,23.3,8.8,17.2,51.3,0.1,0.3,27.3,5.6,7.8,71.0,3.2,9.7,12.9,3.9,0.7,2.9,3.1,29.9
G,8,Chris Webber,67,39.1,23.0,9.9,21.4,46.1,0.1,0.3,23.8,3.2,5.3,60.7,2.4,8.1,10.5,5.4,1.6,1.3,3.2,25.0
F,9,Kevin Garnett,82,40.5,23.0,9.1,18.1,50.2,0.2,0.9,28.2,4.6,6.1,75.1,3.0,10.5,13.4,6.0,1.4,1.6,2.8,32.1
G,10,Ray Allen,76,37.9,22.5,7.9,17.9,43.9,2.6,7.0,37.7,4.2,4.5,91.6,1.2,3.8,5.0,4.4,1.4,0.2,2.6,20.4
G,11,Allan Houston,82,37.9,22.5,8.0,17.9,44.5,2.2,5.5,39.6,4.4,4.8,91.9,0.3,2.5,2.8,2.7,0.7,0.1,2.2,16.3
C,12,Stephon Marbury,81,40.0,22.3,8.3,18.9,43.9,1.1,3.7,30.1,4.6,5.8,80.3,0.7,2.6,3.2,8.1,1.3,0.2,3.2,20.2
G,13,Antawn Jamison,82,39.3,22.2,8.4,17.9,47.0,0.8,2.5,31.1,4.6,5.8,78.9,2.4,4.7,7.0,1.9,0.9,0.5,2.2,19.8
G,14,Jalen Rose,82,40.9,22.1,7.8,19.3,40.6,1.6,4.4,37.0,4.9,5.7,85.4,0.8,3.5,4.3,4.8,0.9,0.3,3.5,16.6
G,15,Jamal Mashburn,82,40.5,21.6,8.2,19.3,42.2,1.5,3.7,38.9,3.8,4.5,84.8,0.8,5.3,6.1,5.6,1.0,0.2,2.8,19.9
G,16,Jerry Stackhouse,70,39.2,21.5,7.0,17.2,40.9,1.0,3.5,29.0,6.5,7.4,87.8,0.9,2.8,3.7,4.5,0.9,0.4,2.8,17.3
F,17,Shawn Marion,81,41.6,21.2,8.2,18.1,45.2,1.7,4.5,38.7,3.1,3.6,85.1,2.5,7.1,9.5,2.4,2.3,1.2,1.9,24.2
F,18,Steve Francis,81,41.0,21.0,7.0,16.2,43.5,1.0,3.0,35.4,5.9,7.3,80.0,2.0,4.2,6.2,6.2,1.7,0.5,3.7,21.3
G,19,Glenn Robinson,69,37.6,20.8,7.8,18.1,43.2,1.3,3.8,34.2,3.9,4.4,87.6,1.2,5.4,6.6,3.0,1.3,0.4,3.6,17.7
C,20,Jermaine O'Neal,77,37.2,20.8,7.9,16.4,48.4,0.1,0.3,33.3,4.8,6.6,73.1,2.6,7.7,10.3,2.0,0.9,2.3,2.3,23.7
G,21,Ricky Davis,79,39.6,20.6,7.6,18.6,41.0,0.9,2.6,36.3,4.4,5.9,74.8,1.2,3.7,4.9,5.5,1.6,0.5,3.5,17.1
F,22,Karl Malone,81,36.2,20.6,7.3,15.9,46.2,0.0,0.2,21.4,5.9,7.7,76.3,1.4,6.4,7.8,4.7,1.7,0.4,2.6,22.1
G,23,Gary Payton,80,40.1,20.4,8.3,18.3,45.4,0.7,2.3,29.7,3.1,4.4,71.0,1.0,3.2,4.2,8.3,1.7,0.3,2.3,21.2
F,24,Antoine Walker,78,41.5,20.1,7.7,19.9,38.8,2.4,7.5,32.3,2.3,3.7,61.5,1.3,5.9,7.2,4.8,1.5,0.4,3.3,17.1
G,25,Michael Jordan,82,37.0,20.0,8.3,18.6,44.5,0.2,0.7,29.1,3.2,4.0,82.1,0.9,5.2,6.1,3.8,1.5,0.5,2.1,18.7
G,26,Shareef Abdur-Rahim,81,38.1,19.9,7.0,14.6,47.8,0.3,0.7,35.0,5.6,6.7,84.1,2.2,6.2,8.4,3.0,1.1,0.5,2.6,21.4
F,27,Sam Cassell,78,34.6,19.7,7.0,14.9,47.0,0.8,2.1,36.2,4.9,5.7,86.1,0.7,3.7,4.4,5.8,1.1,0.2,2.3,20.2
G,28,Richard Hamilton,82,32.2,19.7,7.0,15.7,44.3,0.4,1.5,26.9,5.4,6.4,83.3,1.1,2.8,3.9,2.5,0.8,0.2,2.4,14.8
F,29,Peja Stojakovic,72,34.0,19.2,6.9,14.4,48.1,2.2,5.6,38.2,3.2,3.7,87.5,0.8,4.7,5.5,2.0,1.0,0.1,1.4,18.4
C,30,Pau Gasol,82,36.0,19.0,6.9,13.6,51.0,0.0,0.1,10.0,5.1,6.9,73.6,2.3,6.4,8.8,2.8,0.4,1.8,2.6,21.7
G,31,Jason Kidd,80,37.4,18.7,6.4,15.6,41.4,1.6,4.6,34.1,4.2,5.0,84.1,1.4,4.9,6.3,8.9,2.2,0.3,3.7,22.8
G,32,Juwan Howard,77,35.5,18.4,7.4,16.4,45.0,0.0,0.1,50.0,3.7,4.6,80.3,2.4,5.2,7.6,3.0,1.0,0.4,2.5,18.0
G-F,33,Gilbert Arenas,82,35.0,18.3,6.2,14.4,43.1,1.3,3.8,34.8,4.5,5.7,79.1,1.2,3.5,4.7,6.3,1.5,0.2,3.5,18.0
F,34,Rashard Lewis,77,39.5,18.1,6.7,14.9,45.2,1.0,2.8,34.6,3.7,4.5,82.0,2.0,4.6,6.5,1.7,1.3,0.5,1.9,17.3
F,35,Rasheed Wallace,74,36.3,18.1,7.0,14.8,47.1,1.5,4.1,35.8,2.7,3.7,73.5,1.5,5.9,7.4,2.1,0.9,1.0,1.9,18.9
C-F,36,Steve Nash,82,33.1,17.7,6.3,13.6,46.5,1.4,3.3,41.3,3.8,4.1,90.9,0.8,2.1,2.9,7.3,1.0,0.1,2.3,19.0
G,37,Matt Harpring,78,32.8,17.6,6.7,13.1,51.1,0.8,2.1,41.3,3.4,4.2,79.2,2.4,4.2,6.6,1.7,0.9,0.2,2.1,17.7
F-G,38,Cuttino Mobley,73,41.7,17.5,6.3,14.6,43.4,1.5,4.4,35.2,3.3,3.9,85.8,1.0,3.2,4.2,2.8,1.3,0.5,2.3,15.2
G,39,Jason Terry,81,38.0,17.2,6.0,14.1,42.8,2.0,5.3,37.1,3.2,3.6,88.7,0.5,3.0,3.4,7.4,1.6,0.2,3.1,18.3
C,40,Zydrunas Ilgauskas,81,30.0,17.2,6.1,13.9,44.1,0.0,0.1,0.0,4.9,6.3,78.1,3.0,4.6,7.5,1.6,0.7,1.9,2.6,17.1
G-F,41,David Wesley,73,37.1,16.7,6.2,14.2,43.3,1.8,4.3,42.4,2.5,3.2,78.1,0.5,1.9,2.4,3.4,1.5,0.1,1.8,13.5
G,42,Kenyon Martin,77,34.1,16.7,6.6,14.1,47.0,0.1,0.6,20.9,3.3,5.1,65.3,2.1,6.2,8.3,2.4,1.3,0.9,2.5,17.9
C,43,Latrell Sprewell,74,38.6,16.4,6.1,15.2,40.3,1.8,4.9,37.2,2.3,2.9,79.4,0.6,3.2,3.9,4.5,1.4,0.3,2.3,14.4
F-C,44,Chauncey Billups,74,31.4,16.2,4.9,11.8,42.1,2.0,5.1,39.2,4.3,4.9,87.8,0.5,3.2,3.7,3.9,0.9,0.2,1.8,15.6
F,45,Keith Van Horn,74,31.6,15.9,6.2,12.9,48.2,0.9,2.4,36.9,2.6,3.2,80.4,2.1,4.9,7.1,1.3,0.9,0.4,2.0,16.2
F,46,Jason Richardson,82,32.9,15.6,5.8,14.2,41.0,1.5,4.1,36.8,2.5,3.3,76.4,1.4,3.3,4.6,3.0,1.1,0.3,2.2,13.3
G,47,Richard Jefferson,80,36.0,15.5,5.7,11.4,50.1,0.1,0.3,25.0,4.1,5.5,74.3,1.9,4.6,6.4,2.5,1.0,0.6,2.0,17.0
F-G,48,Tony Parker,82,33.8,15.5,5.9,12.7,46.4,1.0,3.0,33.7,2.7,3.5,75.5,0.4,2.2,2.6,5.3,0.9,0.0,2.4,14.2
G-F,49,Caron Butler,78,36.6,15.4,5.5,13.2,41.6,0.4,1.4,31.8,4.0,4.8,82.4,1.7,3.4,5.1,2.7,1.8,0.4,2.5,14.3
F-G,50,Bonzi Wells,75,31.9,15.2,5.8,13.2,44.1,0.5,1.7,29.2,3.0,4.2,72.2,1.3,3.9,5.3,3.3,1.6,0.2,2.9,14.2
G,51,Michael Redd,82,28.2,15.1,5.5,11.8,46.9,2.2,5.1,43.8,1.8,2.3,80.5,1.2,3.3,4.5,1.4,1.2,0.2,0.9,14.8
G,52,Desmond Mason,80,34.5,14.3,5.7,12.7,44.9,0.3,0.9,29.2,2.7,3.5,74.9,1.9,4.6,6.5,2.0,0.8,0.4,1.4,14.8
F,53,Troy Hudson,79,32.9,14.2,5.2,12.1,42.8,1.2,3.4,36.5,2.6,2.9,90.0,0.5,1.8,2.3,5.7,0.8,0.1,2.3,13.6
C,54,Morris Peterson,82,36.0,14.1,5.1,13.1,39.2,1.4,4.2,33.7,2.4,3.0,78.9,1.2,3.2,4.4,2.3,1.1,0.4,1.6,12.1
F,55,Kurt Thomas,81,31.8,14.0,6.1,12.7,48.3,0.0,0.0,66.7,1.7,2.3,75.0,2.0,5.9,7.9,2.0,1.0,1.2,1.7,17.2
G,56,Derek Anderson,76,33.6,13.9,4.7,10.9,42.7,1.5,4.4,35.0,3.0,3.5,85.9,0.7,2.8,3.5,4.3,1.2,0.2,1.7,14.6
G-F,57,Andre Miller,80,36.4,13.6,4.7,11.6,40.6,0.3,1.4,21.3,3.9,4.9,79.5,1.1,2.9,4.0,6.7,1.2,0.1,2.6,15.2
F,58,Amar'e Stoudemire,82,31.3,13.5,4.8,10.1,47.2,0.0,0.1,20.0,3.9,5.9,66.1,3.0,5.7,8.8,1.0,0.8,1.1,2.3,15.4
F,59,Yao Ming,82,29.0,13.5,4.9,9.8,49.8,0.0,0.0,50.0,3.7,4.5,81.1,2.4,5.8,8.2,1.7,0.4,1.8,2.1,17.6
C,60,Donyell Marshall,78,30.5,13.4,5.4,11.8,45.9,0.4,1.1,37.9,2.1,2.8,75.6,3.0,6.0,9.0,1.8,1.2,1.1,1.7,17.6
F,61,Tim Thomas,80,29.5,13.3,5.2,11.6,44.3,1.2,3.3,36.6,1.8,2.3,78.0,1.2,3.7,4.9,1.3,0.9,0.6,1.7,12.3
G,62,Alvin Williams,78,33.8,13.2,5.1,11.6,43.8,0.6,1.9,32.9,2.4,3.1,78.2,0.7,2.4,3.1,5.3,1.4,0.3,1.6,14.5
F,63,Brad Miller,73,31.1,13.1,4.5,9.1,49.3,0.1,0.2,31.3,4.0,4.9,81.8,2.5,5.7,8.3,2.6,0.9,0.6,1.6,18.3
F,64,Eric Snow,82,37.9,12.9,4.4,9.7,45.2,0.1,0.4,21.9,4.0,4.6,85.8,0.9,2.8,3.7,6.6,1.6,0.1,2.4,16.5
C,65,Reggie Miller,70,30.2,12.6,4.0,9.1,44.1,1.6,4.5,35.5,3.0,3.3,90.0,0.3,2.2,2.5,2.4,0.9,0.1,0.9,12.1
G,66,Drew Gooden,70,26.8,12.5,5.1,11.1,45.7,0.2,0.7,29.2,2.2,3.0,71.2,2.3,4.2,6.5,1.2,0.8,0.5,2.1,12.4
F,67,Nick Van Exel,73,27.8,12.5,4.7,11.4,41.2,1.6,4.3,37.8,1.5,2.0,76.4,0.5,2.4,2.8,4.3,0.6,0.1,1.7,11.4
C,68,Gordan Giricek,76,28.3,12.3,4.6,10.6,43.6,1.1,3.3,34.1,2.0,2.4,82.0,0.5,2.7,3.1,1.8,0.7,0.1,1.9,9.7
F,69,Clifford Robinson,81,34.9,12.2,4.6,11.5,39.8,1.1,3.2,33.6,2.0,2.9,67.6,1.0,2.9,3.9,3.3,1.1,1.1,2.0,11.8
C,70,Al Harrington,82,30.1,12.2,4.7,10.9,43.4,0.2,0.6,28.3,2.6,3.3,77.0,1.9,4.3,6.2,1.5,0.9,0.4,2.0,12.3
G,71,Jason Williams,76,31.7,12.1,4.4,11.3,38.8,1.9,5.3,35.4,1.4,1.7,84.0,0.3,2.5,2.8,8.3,1.2,0.1,2.2,15.1
G,72,Andrei Kirilenko,80,27.7,12.0,3.9,8.0,49.1,0.5,1.4,32.5,3.7,4.6,80.0,1.8,3.4,5.3,1.7,1.5,2.2,1.7,16.0
F,73,Corliss Williamson,82,25.1,12.0,4.6,10.1,45.3,0.0,0.1,18.2,2.9,3.7,79.0,1.8,2.6,4.4,1.3,0.5,0.3,1.5,10.7
F,74,Stephen Jackson,80,28.2,11.8,4.5,10.2,43.5,1.2,3.7,32.0,1.7,2.3,76.0,0.8,2.8,3.6,2.3,1.6,0.4,2.2,11.1
F,75,Troy Murphy,79,31.8,11.7,4.3,9.5,45.1,0.0,0.2,21.4,3.1,3.7,84.1,2.9,7.3,10.2,1.3,0.8,0.4,1.4,17.2
G-F,76,Lorenzen Wright,70,28.3,11.4,4.6,10.2,45.4,0.0,0.1,0.0,2.1,3.2,65.9,2.4,5.1,7.5,1.1,0.7,0.8,1.6,13.3
G-F,77,Rasho Nesterovic,77,30.4,11.2,5.2,9.9,52.5,0.0,0.0,0.0,0.8,1.2,64.2,1.9,4.6,6.5,1.5,0.5,1.5,1.3,14.8
G,78,John Stockton,82,27.7,10.8,3.8,7.8,48.3,0.4,1.0,36.3,2.9,3.5,82.6,0.6,1.8,2.5,7.7,1.7,0.2,2.2,15.9
F,79,James Posey,83,30.3,10.8,3.7,9.1,41.1,0.8,2.8,30.6,2.5,3.0,83.3,1.1,4.0,5.1,2.2,1.3,0.2,1.7,12.0
C,80,Jamal Crawford,80,24.9,10.7,4.2,10.1,41.3,1.1,3.0,35.5,1.3,1.6,80.6,0.3,2.1,2.3,4.2,1.0,0.3,1.7,10.6
G,81,Pat Garrity,81,31.9,10.7,3.9,9.2,41.9,2.0,5.0,39.6,1.0,1.2,83.0,0.9,2.9,3.8,1.5,0.8,0.2,1.0,10.5
F-C,82,P.J. Brown,78,33.4,10.7,4.1,7.7,53.1,0.0,0.0,0.0,2.5,3.0,83.6,3.1,5.9,9.0,1.9,0.9,1.0,1.3,18.1
G,83,Derek Fisher,82,34.5,10.5,4.1,9.5,43.7,1.0,2.6,40.1,1.2,1.5,80.0,0.5,2.4,2.9,3.6,1.1,0.2,1.1,11.6
F,84,Nene,80,28.2,10.5,4.0,7.7,51.9,0.0,0.0,0.0,2.5,4.3,57.8,2.6,3.5,6.1,1.9,1.6,0.8,2.3,13.1
C,85,Eddy Curry,81,19.4,10.5,4.1,7.1,58.5,0.0,0.0,0.0,2.2,3.5,62.4,1.4,2.9,4.4,0.5,0.2,0.8,1.7,10.3
C,86,Malik Rose,79,24.5,10.4,3.7,8.0,45.9,0.0,0.1,40.0,3.1,3.9,79.1,1.9,4.5,6.4,1.6,0.7,0.5,2.2,12.3
G-F,87,Lucious Harris,77,25.6,10.3,3.9,9.4,41.3,0.6,1.8,34.6,2.0,2.5,80.4,0.8,2.2,3.0,2.0,0.7,0.1,0.9,9.2
F,88,Brent Barry,75,33.1,10.3,3.5,7.7,45.8,1.6,3.9,40.3,1.7,2.1,79.5,0.6,3.4,4.0,5.1,1.5,0.2,1.9,14.7
G,89,Brian Grant,82,32.2,10.3,4.2,8.2,50.9,0.0,0.0,0.0,1.9,2.5,77.1,2.9,7.3,10.2,1.3,0.8,0.6,1.6,16.9
C,90,Jamaal Magloire,82,29.8,10.3,3.7,7.7,48.0,0.0,0.0,0.0,2.8,3.9,71.7,3.2,5.7,8.8,1.1,0.6,1.4,1.9,15.0
G,91,Vladimir Radmanovic,72,26.5,10.1,3.8,9.3,41.0,1.4,4.1,35.5,1.0,1.4,70.6,1.1,3.4,4.5,1.3,0.9,0.3,1.4,9.8
F-G,92,Carlos Boozer,81,25.3,10.0,4.1,7.6,53.6,0.0,0.0,0.0,1.8,2.4,77.1,2.5,5.0,7.5,1.3,0.7,0.6,1.3,14.8
G,93,Vlade Divac,80,29.8,9.9,3.8,8.2,46.6,0.1,0.3,24.0,2.2,3.1,71.3,2.0,5.2,7.2,3.4,1.0,1.3,1.9,15.7
F-C,94,Jumaine Jones,80,27.6,9.8,3.9,8.9,43.4,1.4,3.9,35.4,0.7,1.0,68.7,1.3,3.7,5.1,1.4,0.8,0.3,1.3,10.7
F,95,Joe Johnson,82,27.5,9.8,3.9,9.7,39.7,0.9,2.5,36.6,1.2,1.5,77.4,0.7,2.5,3.2,2.6,0.8,0.2,1.3,9.0
G,96,Jerome Williams,71,33.0,9.7,3.8,7.5,49.9,0.0,0.1,16.7,2.2,4.0,55.5,3.3,5.9,9.2,1.3,1.6,0.4,1.4,15.3
G-F,97,Dion Glover,76,24.9,9.7,3.6,8.5,42.7,0.7,2.1,35.4,1.7,2.1,78.4,0.8,2.9,3.7,1.9,0.9,0.2,1.4,9.6
C,98,Shane Battier,78,30.6,9.7,3.5,7.3,48.3,1.1,2.8,39.8,1.5,1.9,82.8,1.6,2.8,4.4,1.3,1.3,1.1,0.9,12.9
G-F,99,Malik Allen,80,29.0,9.6,4.2,9.9,42.4,0.0,0.1,0.0,1.2,1.5,80.2,1.7,3.6,5.3,0.7,0.5,1.0,1.6,9.4
C-F,100,Jay Williams,75,26.1,9.5,3.6,9.1,39.9,0.9,2.7,32.2,1.4,2.1,64.0,0.4,2.2,2.6,4.7,1.1,0.2,2.3,9.6
G,101,Predrag Drobnjak,82,24.2,9.4,4.0,9.6,41.2,0.4,1.0,35.3,1.1,1.4,79.1,1.4,2.5,3.9,1.0,0.6,0.5,0.8,8.7
C,102,Darrell Armstrong,82,28.7,9.4,3.2,7.8,40.9,1.0,2.8,33.6,2.0,2.3,87.8,1.1,2.5,3.6,3.9,1.6,0.2,2.0,11.9
F,103,Doug Christie,80,33.9,9.4,3.3,7.0,47.9,0.9,2.3,39.5,1.8,2.2,81.0,0.8,3.5,4.3,4.7,2.3,0.5,1.8,15.2
F,104,Tyson Chandler,75,24.4,9.2,3.4,6.5,53.1,0.0,0.0,0.0,2.4,3.9,60.8,2.3,4.6,6.9,1.0,0.5,1.4,1.8,12.6
F-G,105,Eric Williams,82,28.7,9.1,3.1,7.0,44.2,0.5,1.3,33.6,2.5,3.3,75.0,1.7,2.9,4.7,1.7,1.0,0.2,1.2,10.8
G,106,Howard Eisley,82,27.4,9.1,3.2,7.7,41.7,1.6,4.1,38.9,1.1,1.3,84.8,0.3,2.0,2.3,5.4,0.9,0.1,1.8,11.3
G,107,Rodney White,72,21.7,9.0,3.6,8.9,40.8,0.4,1.9,23.9,1.4,1.7,78.4,0.6,2.4,3.0,1.7,0.6,0.4,2.2,6.9
C-F,108,Aaron McKie,80,29.7,9.0,3.6,8.3,42.9,0.5,1.4,33.0,1.4,1.7,83.6,0.8,3.6,4.4,3.5,1.6,0.1,1.4,12.2
G,109,Rick Fox,76,28.7,9.0,3.4,8.2,42.2,1.4,3.7,37.5,0.7,0.9,75.4,0.8,3.4,4.3,3.3,0.9,0.2,1.6,11.1
G,110,Theo Ratliff,81,31.1,8.7,3.4,7.3,46.4,0.0,0.0,0.0,1.9,2.6,72.0,1.9,5.6,7.5,0.9,0.7,3.2,1.7,14.7
G-F,111,Kendall Gill,82,25.2,8.7,3.5,8.3,42.2,0.2,0.7,32.2,1.5,2.0,76.4,0.6,2.4,3.0,1.9,1.0,0.2,1.3,8.2
F,112,Calbert Cheaney,81,29.0,8.6,4.0,8.0,49.9,0.1,0.3,40.0,0.5,0.9,58.0,0.9,2.6,3.5,2.0,0.8,0.2,1.3,9.4
F-C,113,Tyronn Lue,75,26.5,8.6,3.3,7.6,43.3,0.8,2.3,34.1,1.2,1.4,87.5,0.3,1.7,2.0,3.5,0.6,0.0,1.0,9.2
F,114,Eddie Griffin,77,24.5,8.6,3.5,8.8,40.0,0.8,2.5,33.3,0.8,1.2,61.7,1.8,4.2,6.0,1.1,0.7,1.4,1.0,11.1
G,115,Zach Randolph,77,16.9,8.4,3.4,6.7,51.3,0.0,0.1,0.0,1.6,2.1,75.8,1.8,2.6,4.5,0.5,0.5,0.2,0.8,9.6
G-F,116,Shandon Anderson,82,21.1,8.4,3.0,6.5,46.2,0.6,1.7,37.1,1.7,2.3,73.2,0.8,2.3,3.1,1.1,0.9,0.2,1.4,8.1
G,117,Travis Best,72,25.1,8.4,3.2,8.1,39.6,0.5,1.5,33.0,1.5,1.7,85.4,0.4,1.7,2.0,3.5,0.6,0.1,1.5,8.1
F-C,118,Ruben Patterson,78,21.2,8.3,3.3,6.6,49.2,0.0,0.3,15.0,1.8,2.8,62.7,1.5,1.8,3.4,1.3,0.9,0.4,1.5,8.4
F,119,Christian Laettner,76,29.1,8.3,3.4,6.8,49.4,0.0,0.2,12.5,1.6,1.9,83.3,1.5,5.1,6.6,3.1,1.1,0.5,1.1,14.7
F,120,Erick Dampier,82,24.1,8.2,3.2,6.4,49.6,0.0,0.0,0.0,1.9,2.7,69.8,3.0,3.6,6.6,0.7,0.3,1.9,1.4,12.4
F,121,Shammond Williams,78,24.1,8.0,2.9,7.4,39.4,1.2,3.3,35.6,1.0,1.3,76.5,0.3,1.9,2.2,3.4,1.0,0.1,1.5,8.4
G,122,Donnell Harvey,77,20.9,7.9,3.2,7.2,44.6,0.0,0.1,14.3,1.5,2.3,67.0,1.6,3.7,5.3,1.3,0.6,0.4,1.6,9.2
F-C,123,Mike James,78,22.1,7.8,2.8,7.5,37.3,0.9,2.9,29.4,1.3,1.8,73.2,0.3,1.6,1.9,3.2,0.8,0.1,1.4,7.2
G,124,Jamaal Tinsley,73,30.6,7.8,3.0,7.6,39.6,0.6,2.3,27.7,1.1,1.5,71.4,0.8,2.8,3.6,7.5,1.7,0.2,2.6,13.1
F-G,125,Othella Harrington,74,25.0,7.7,3.0,6.0,50.8,0.0,0.0,0.0,1.7,2.0,82.0,2.2,4.2,6.4,0.8,0.2,0.3,1.2,11.0
F,126,Ira Newble,73,26.5,7.7,3.2,6.4,49.5,0.4,1.2,38.1,1.0,1.2,77.8,1.2,2.5,3.7,1.4,0.7,0.4,0.9,9.4
F-G,127,Ron Mercer,72,23.2,7.7,3.4,8.3,40.9,0.0,0.2,18.8,0.9,1.1,80.2,0.4,1.7,2.1,1.6,0.7,0.2,0.8,6.4
F-C,128,Anthony Peeler,82,27.4,7.7,3.1,7.4,41.4,1.1,2.6,41.0,0.5,0.6,78.0,0.5,2.5,2.9,3.0,0.9,0.2,1.0,9.1
G,129,Rasual Butler,72,21.0,7.5,2.9,7.9,36.2,0.7,2.4,29.2,1.1,1.4,73.1,0.4,2.2,2.6,1.3,0.3,0.6,1.1,5.7
G,130,Dale Davis,78,29.3,7.4,3.0,5.6,54.1,0.0,0.0,0.0,1.3,2.1,63.3,3.0,4.2,7.2,1.2,0.7,0.9,0.9,13.1
G,131,Kwame Brown,80,22.2,7.4,2.8,6.3,44.6,0.0,0.0,0.0,1.8,2.7,66.8,1.6,3.7,5.3,0.7,0.6,1.0,1.4,9.3
F,132,Bruce Bowen,82,31.3,7.1,2.7,5.8,46.6,1.2,2.8,44.1,0.4,1.1,40.4,0.7,2.2,2.9,1.4,0.8,0.5,0.9,8.1
C,133,Jon Barry,80,18.4,6.9,2.4,5.3,45.0,1.1,2.7,40.7,1.1,1.3,86.0,0.4,1.8,2.3,2.6,0.8,0.2,1.0,8.6
G,134,Ben Wallace,73,39.4,6.9,2.9,6.0,48.1,0.0,0.1,16.7,1.2,2.6,45.0,4.0,11.4,15.4,1.6,1.4,3.2,1.2,22.8
F,135,Devean George,71,22.7,6.9,2.5,6.5,39.0,0.7,1.9,37.1,1.2,1.5,79.0,1.3,2.7,4.0,1.3,0.8,0.5,0.9,8.4
G,136,Mehmet Okur,72,19.0,6.9,2.5,5.9,42.6,0.5,1.6,33.9,1.3,1.8,73.3,1.6,3.0,4.7,1.0,0.3,0.5,0.9,8.6
F-G,137,Shawn Kemp,79,20.7,6.8,2.7,6.4,41.8,0.0,0.0,0.0,1.5,2.0,74.2,1.9,3.8,5.7,0.7,0.8,0.4,1.3,8.9
C,138,Shawn Bradley,81,21.4,6.7,2.5,4.6,53.6,0.0,0.0,0.0,1.7,2.2,80.6,1.9,4.0,5.9,0.7,0.8,2.1,0.8,12.8
F,139,Keon Clark,80,22.3,6.7,2.8,5.6,50.1,0.0,0.1,0.0,1.1,1.6,65.6,1.7,3.9,5.6,1.0,0.5,1.9,1.2,11.2
F,140,Clar. Weatherspoon,79,25.6,6.6,2.4,5.2,44.9,0.0,0.0,0.0,1.9,2.5,76.8,2.7,4.9,7.6,0.9,0.9,0.5,0.8,12.1
F-G,141,Robert Horry,80,29.3,6.5,2.3,6.0,38.7,0.6,2.2,28.8,1.3,1.7,76.9,2.3,4.2,6.4,2.9,1.2,0.8,1.4,12.4
F,142,Kevin Ollie,82,23.1,6.5,2.4,5.4,45.1,0.0,0.1,33.3,1.6,2.2,75.3,0.3,1.9,2.2,3.5,0.8,0.1,0.9,8.8
F,143,Erick Strickland,71,18.0,6.5,2.3,5.4,42.9,0.9,2.3,38.8,1.0,1.2,80.5,0.3,1.7,2.0,2.9,0.5,0.1,1.4,7.4
F,144,Mike Batiste,75,16.6,6.4,2.6,6.2,42.2,0.2,1.1,22.2,0.9,1.2,78.4,1.1,2.3,3.4,0.7,0.6,0.2,0.9,6.5
G,145,Brendan Haywood,81,23.8,6.2,2.1,4.2,51.0,0.0,0.0,0.0,1.9,3.0,63.3,2.4,2.6,5.0,0.4,0.4,1.5,0.8,9.4
G,146,Aaron Williams,81,19.7,6.2,2.5,5.4,45.3,0.0,0.0,0.0,1.3,1.6,78.5,1.7,2.4,4.1,1.1,0.3,0.7,1.0,8.0
F,147,Arvydas Sabonis,78,15.5,6.1,2.2,4.6,47.6,0.0,0.1,50.0,1.7,2.1,78.7,1.1,3.2,4.3,1.8,0.8,0.6,1.0,9.8
G,148,Walter McCarty,82,23.8,6.1,2.1,5.1,41.4,1.1,3.0,36.7,0.7,1.2,62.2,0.8,2.7,3.5,1.3,1.0,0.3,0.8,7.9
G,149,Greg Buckner,75,20.2,6.0,2.5,5.3,46.5,0.2,0.7,27.3,0.9,1.1,80.2,1.0,1.9,2.9,1.3,1.0,0.2,0.8,7.5
C,150,Brian Skinner,77,17.9,6.0,2.4,4.3,55.0,0.0,0.0,0.0,1.3,2.1,60.2,1.8,3.0,4.8,0.2,0.6,0.7,0.8,8.7
F,151,Gary Trent,80,15.3,6.0,2.6,4.9,53.5,0.0,0.0,0.0,0.8,1.3,59.4,1.3,2.3,3.6,1.0,0.4,0.3,0.7,7.7
F,152,Jacque Vaughn,80,21.1,5.9,2.3,5.1,44.8,0.1,0.4,23.5,1.2,1.6,77.6,0.3,1.2,1.5,2.9,0.8,0.0,1.2,6.7
F,153,Jeff McInnis,75,17.5,5.8,2.5,5.6,44.4,0.1,0.5,17.1,0.7,0.9,74.6,0.3,1.0,1.3,2.3,0.3,0.0,1.0,5.3
F-C,154,Mike Dunleavy,82,15.9,5.7,2.0,5.1,40.3,0.6,1.8,34.7,1.0,1.2,78.0,0.8,1.8,2.6,1.3,0.6,0.2,1.0,6.1
G,154,Scott Padgett,82,16.1,5.7,2.1,5.2,40.2,0.5,1.6,33.8,1.0,1.3,75.7,1.0,2.3,3.3,1.0,0.5,0.3,0.9,6.6
G,156,Jason Collins,81,23.5,5.7,1.7,4.2,41.4,0.0,0.0,0.0,2.2,2.9,76.3,1.7,2.9,4.5,1.1,0.6,0.5,1.0,8.2
F,157,Vladimir Stepania,79,20.2,5.6,2.3,5.4,43.3,0.0,0.0,0.0,0.9,1.7,53.0,2.7,4.3,7.0,0.3,0.6,0.5,0.9,9.2
G,158,Earl Watson,79,17.3,5.5,2.2,4.9,43.5,0.4,1.2,34.1,0.8,1.1,72.1,0.6,1.5,2.1,2.8,1.1,0.2,1.1,7.5
G-F,159,Marc Jackson,77,13.5,5.5,2.0,4.5,43.8,0.0,0.0,100.0,1.5,1.9,76.5,1.1,1.8,2.9,0.5,0.3,0.4,0.8,5.8
C,160,Greg Ostertag,81,23.8,5.4,2.1,4.0,51.8,0.0,0.0,0.0,1.2,2.4,51.0,2.2,4.0,6.2,0.7,0.2,1.8,1.3,10.0
C-F,161,Adonal Foyle,82,21.8,5.4,2.3,4.2,53.6,0.0,0.0,0.0,0.9,1.3,67.3,2.1,3.8,6.0,0.5,0.5,2.5,0.9,11.5
G,162,Casey Jacobsen,72,15.9,5.1,1.7,4.5,37.3,0.7,2.3,31.5,1.0,1.5,68.6,0.4,0.8,1.2,1.0,0.5,0.1,0.8,3.8
F-G,163,Junior Harrington,82,24.4,5.1,2.1,5.7,36.2,0.1,0.3,25.0,0.9,1.4,65.2,0.5,2.5,3.0,3.4,1.0,0.2,1.9,6.7
C,164,Milt Palacio,80,24.7,5.0,2.0,4.9,41.8,0.1,0.5,21.6,0.8,1.1,74.7,0.6,2.3,2.9,3.2,0.9,0.2,1.6,7.5
G-F,165,Mark Blount,81,17.3,5.0,1.9,4.3,43.2,0.0,0.0,0.0,1.2,1.7,72.7,1.4,2.4,3.8,0.7,0.5,0.8,1.3,6.6
F,166,Alan Henderson,82,18.2,4.8,1.9,4.0,46.8,0.0,0.0,0.0,1.1,1.7,63.8,1.9,3.0,4.9,0.5,0.4,0.4,0.7,7.5
G,167,Andrew DeClercq,77,17.2,4.7,1.9,3.6,53.4,0.0,0.0,0.0,0.9,1.4,64.4,1.8,2.6,4.4,0.7,0.5,0.5,1.1,7.5
F-G,168,Bo Outlaw,80,22.5,4.7,1.9,3.5,55.0,0.0,0.0,0.0,0.9,1.5,62.1,1.7,2.9,4.6,1.4,0.6,0.9,1.0,9.2
C,169,Mark Jackson,82,17.9,4.7,1.8,4.5,39.8,0.3,1.2,28.4,0.7,1.0,76.3,0.4,1.7,2.1,4.6,0.6,0.0,1.9,7.2
G,170,Kelvin Cato,73,17.1,4.5,1.8,3.5,52.0,0.0,0.1,0.0,0.9,1.7,53.2,1.8,4.1,5.9,0.3,0.5,1.2,0.8,9.1
G,171,Bryon Russell,70,19.8,4.5,1.5,4.4,35.3,0.7,2.0,32.9,0.8,1.0,76.8,0.6,2.4,3.0,1.0,1.0,0.1,0.8,5.8
G,172,George Lynch,81,18.5,4.5,1.8,4.4,40.9,0.3,1.0,35.4,0.5,0.9,55.4,1.7,2.6,4.4,1.3,0.8,0.2,0.6,7.5
G,173,Adrian Griffin,74,18.6,4.4,2.0,4.6,43.3,0.1,0.3,25.0,0.4,0.4,84.4,1.2,2.4,3.6,1.4,1.0,0.1,0.6,7.2
F,174,Michael Doleac,75,13.9,4.4,1.9,4.6,42.6,0.0,0.0,0.0,0.5,0.6,78.3,0.9,2.1,2.9,0.6,0.2,0.2,0.7,4.9
F,175,Moochie Norris,82,16.8,4.4,1.6,4.0,40.6,0.1,0.5,24.4,1.0,1.4,68.4,0.5,1.5,1.9,2.4,0.7,0.0,1.0,5.5
G,176,Sean Rooks,70,19.2,4.2,1.8,4.2,42.1,0.0,0.0,0.0,0.7,0.8,81.0,0.8,2.3,3.1,1.0,0.5,0.6,0.9,5.9
F,177,Kevin Willis,71,11.8,4.2,1.7,3.6,47.9,0.0,0.0,0.0,0.7,1.2,61.4,1.2,2.0,3.2,0.3,0.3,0.3,0.8,5.1
F,178,Trenton Hassell,82,24.4,4.2,1.8,4.8,36.7,0.2,0.5,32.5,0.5,0.7,74.5,0.5,2.7,3.1,1.8,0.5,0.7,1.0,6.2
F,179,Steve Kerr,75,12.7,4.0,1.5,3.4,43.0,0.7,1.7,39.5,0.4,0.5,88.2,0.2,0.6,0.8,0.9,0.4,0.0,0.5,3.7
F,180,Nikoloz Tskitishvili,81,16.3,3.9,1.4,4.9,29.3,0.5,1.9,24.3,0.6,0.8,73.8,0.8,1.4,2.2,1.1,0.4,0.4,1.0,3.3
F,181,Brian Shaw,72,12.5,3.5,1.4,3.6,38.7,0.5,1.5,34.9,0.1,0.2,66.7,0.3,1.4,1.7,1.4,0.4,0.2,0.8,4.1
G,182,Raja Bell,75,15.6,3.1,1.2,2.8,44.1,0.3,0.7,41.2,0.3,0.5,67.6,0.6,1.3,1.9,0.8,0.7,0.1,0.6,4.3
F,183,Stacey Augmon,70,12.3,3.0,1.1,2.7,41.1,0.0,0.1,0.0,0.8,1.0,75.0,0.4,1.3,1.7,1.0,0.4,0.1,0.6,3.8
G,184,Michael Curry,78,19.9,3.0,1.2,2.9,40.2,0.2,0.7,29.6,0.5,0.6,80.0,0.2,1.4,1.6,1.3,0.6,0.1,0.6,4.2
G,185,Kareem Rush,76,11.5,3.0,1.3,3.2,39.3,0.3,0.9,27.9,0.2,0.3,69.6,0.3,0.9,1.2,0.9,0.1,0.1,0.8,2.5
G,186,Jeryl Sasser,75,13.7,2.6,0.9,2.8,30.9,0.2,0.6,29.5,0.7,1.0,67.9,0.9,1.6,2.5,0.9,0.6,0.2,0.5,3.9
G,187,Darvin Ham,75,12.3,2.4,0.9,2.1,44.7,0.0,0.0,0.0,0.5,1.1,48.1,1.0,1.1,2.0,0.5,0.2,0.3,0.9,2.8
F,188,Jeff Foster,77,10.4,2.1,0.8,2.3,36.0,0.0,0.0,0.0,0.4,0.8,54.0,1.5,2.1,3.6,0.7,0.4,0.3,0.4,4.7
G,189,DeSagana Diop,80,11.8,1.5,0.7,1.9,35.1,0.0,0.0,0.0,0.1,0.4,36.7,0.8,1.9,2.7,0.5,0.4,1.0,0.7,4.0
