pos,#,player,gp,min,pts,fgm,fga,fg%,3pm,3pa,3p%,ftm,fta,ft%,oreb,dreb,reb,ast,stl,blk,tov,eff
G,1,Tracy McGrady,67,39.9,28.0,9.7,23.4,41.7,2.6,7.7,33.9,5.9,7.5,79.6,1.4,4.6,6.0,5.5,1.4,0.6,2.7,23.7
F-C,2,Peja Stojakovic,81,40.3,24.2,8.2,17.1,48.0,3.0,6.8,43.3,4.9,5.2,92.7,1.1,5.1,6.3,2.1,1.3,0.2,1.9,23.0
F-G,3,Kevin Garnett,82,39.4,24.2,9.8,19.6,49.9,0.1,0.5,25.6,4.5,5.7,79.1,3.0,10.9,13.9,5.0,1.5,2.2,2.6,33.1
F,4,Kobe Bryant,65,37.7,24.0,7.9,18.1,43.8,1.1,3.3,32.7,7.0,8.2,85.2,1.6,3.9,5.5,5.1,1.7,0.4,2.6,22.7
G,5,Paul Pierce,80,38.8,23.0,7.5,18.7,40.2,1.4,4.8,29.9,6.5,7.9,81.9,0.9,5.7,6.5,5.1,1.6,0.7,3.8,20.5
F,6,Baron Davis,67,40.1,22.9,8.3,20.9,39.5,2.8,8.7,32.1,3.5,5.3,67.3,1.0,3.3,4.3,7.5,2.4,0.4,3.2,19.8
G,7,Vince Carter,73,38.2,22.5,8.3,20.0,41.7,1.3,3.3,38.3,4.6,5.7,80.6,1.3,3.5,4.8,4.8,1.2,0.9,3.1,18.4
G,8,Tim Duncan,69,36.6,22.3,8.6,17.1,50.1,0.0,0.2,16.7,5.1,8.5,59.9,3.3,9.2,12.4,3.1,0.9,2.7,2.7,26.8
F,9,Dirk Nowitzki,77,37.8,21.8,7.9,17.0,46.2,1.3,3.8,34.1,4.8,5.5,87.7,1.2,7.5,8.7,2.7,1.2,1.4,1.8,24.2
G,10,Michael Redd,82,36.8,21.7,7.7,17.5,44.0,1.5,4.4,35.0,4.7,5.4,86.8,1.4,3.5,5.0,2.3,1.0,0.1,1.4,18.0
G,11,Shaquille O'Neal,67,36.8,21.5,8.3,14.1,58.4,0.0,0.0,0.0,4.9,10.1,49.0,3.7,7.8,11.5,2.9,0.5,2.5,2.9,24.9
C,12,Carmelo Anthony,82,36.5,21.0,7.6,17.9,42.6,0.8,2.6,32.2,5.0,6.4,77.7,2.2,3.8,6.1,2.8,1.2,0.5,3.0,16.9
G,13,LeBron James,79,39.5,20.9,7.9,18.9,41.7,0.8,2.7,29.0,4.4,5.8,75.4,1.3,4.2,5.5,5.9,1.6,0.7,3.5,18.8
G,14,Corey Maggette,73,36.0,20.7,6.2,13.9,44.7,1.0,3.2,32.9,7.2,8.5,84.8,1.3,4.6,5.9,3.1,0.9,0.2,2.8,18.9
G,15,Stephon Marbury,81,40.2,20.2,7.4,17.1,43.1,1.1,3.4,31.8,4.4,5.4,81.7,0.7,2.5,3.2,8.9,1.6,0.1,3.1,20.3
G,16,Jermaine O'Neal,78,35.8,20.1,7.8,17.9,43.4,0.0,0.2,11.1,4.5,5.9,75.7,2.5,7.5,10.0,2.1,0.8,2.6,2.3,21.6
F,17,Zach Randolph,81,37.9,20.1,8.2,16.9,48.5,0.0,0.1,20.0,3.7,4.9,76.1,3.0,7.5,10.5,2.0,0.8,0.5,3.0,21.0
F,18,Sam Cassell,81,35.0,19.8,7.7,15.7,48.8,0.9,2.3,39.8,3.6,4.1,87.3,0.5,2.8,3.3,7.3,1.3,0.2,2.7,20.7
G,19,Shawn Marion,79,40.7,19.0,7.5,17.0,44.0,1.1,3.4,34.0,2.9,3.4,85.1,2.7,6.6,9.3,2.7,2.1,1.3,2.0,22.4
C,20,Jason Richardson,78,37.7,18.7,7.2,16.5,43.8,1.0,3.5,28.2,3.3,4.8,68.4,1.6,5.1,6.7,2.9,1.1,0.5,2.5,16.7
G,21,Michael Finley,72,38.6,18.6,7.1,16.1,44.3,2.1,5.1,40.5,2.3,2.7,85.0,1.1,3.4,4.5,2.9,1.2,0.5,1.2,17.3
F,22,Richard Jefferson,82,38.2,18.5,6.8,13.6,49.8,0.6,1.6,36.4,4.4,5.7,76.3,1.3,4.3,5.7,3.8,1.1,0.3,2.4,18.8
G,23,Mike Bibby,82,36.3,18.4,6.4,14.3,45.0,1.8,4.6,39.2,3.7,4.5,81.5,0.8,2.6,3.4,5.4,1.4,0.2,2.1,17.9
F,24,Metta World Peace,73,37.2,18.3,6.4,15.2,42.1,1.0,3.3,31.0,4.4,6.0,73.3,1.4,3.9,5.3,3.7,2.1,0.7,2.8,16.8
G,25,Stephen Jackson,80,36.8,18.1,6.7,15.8,42.5,1.8,5.3,34.0,2.9,3.7,78.5,1.2,3.4,4.6,3.1,1.8,0.3,2.8,15.2
G,26,Rashard Lewis,80,36.7,17.8,6.7,15.4,43.5,1.8,4.8,37.6,2.6,3.4,76.3,1.7,4.8,6.5,2.2,1.2,0.7,1.7,17.2
F,27,Pau Gasol,78,31.5,17.7,6.5,13.4,48.2,0.1,0.2,26.7,4.7,6.6,71.4,2.6,5.1,7.7,2.5,0.6,1.7,2.4,19.0
G,28,Richard Hamilton,78,35.6,17.6,6.8,14.9,45.5,0.2,0.9,26.5,3.8,4.4,86.8,1.0,2.6,3.6,4.0,1.3,0.2,2.7,15.3
F,29,Yao Ming,82,32.8,17.5,6.5,12.5,52.2,0.0,0.0,0.0,4.4,5.4,80.9,2.4,6.6,9.0,1.5,0.3,1.9,2.5,20.6
C,30,Eddie Jones,81,37.0,17.3,5.8,14.3,40.9,2.2,5.9,37.0,3.4,4.1,83.5,0.5,3.3,3.8,3.2,1.1,0.4,1.6,15.1
G,31,Jamal Crawford,80,35.1,17.3,6.4,16.5,38.6,2.1,6.5,31.7,2.5,3.0,83.3,0.6,3.0,3.5,5.1,1.4,0.4,2.4,14.6
G,32,Lamar Odom,80,37.5,17.1,6.1,14.1,43.0,0.8,2.6,29.8,4.3,5.7,74.2,2.0,7.7,9.7,4.1,1.1,0.9,3.0,20.4
G-F,33,Juwan Howard,81,35.5,17.0,6.5,14.4,45.3,0.0,0.0,0.0,3.9,4.9,80.9,2.1,4.9,7.0,2.0,0.7,0.3,2.2,15.9
F,34,Chauncey Billups,78,35.4,16.9,5.0,12.8,39.4,1.7,4.3,38.8,5.2,5.9,87.8,0.4,3.1,3.5,5.7,1.1,0.1,2.4,16.4
F,35,Jason Terry,81,37.2,16.8,6.2,14.8,41.7,1.8,5.2,34.7,2.7,3.2,82.7,0.6,3.5,4.1,5.4,1.5,0.2,2.8,16.1
C-F,36,Latrell Sprewell,82,37.8,16.8,6.3,15.4,40.9,1.2,3.6,33.1,2.9,3.6,81.4,0.7,3.1,3.8,3.5,1.1,0.3,1.9,13.6
G,37,Joe Johnson,82,40.6,16.7,6.8,15.7,43.0,1.0,3.3,30.5,2.1,2.8,75.0,1.0,3.7,4.7,4.4,1.1,0.3,2.4,15.1
F-G,38,Steve Francis,79,40.4,16.6,5.7,14.1,40.3,0.9,3.2,29.2,4.3,5.5,77.5,1.5,4.0,5.5,6.2,1.8,0.4,3.7,17.1
G,39,Andrei Kirilenko,78,37.1,16.5,5.3,11.9,44.3,0.9,2.6,33.8,5.0,6.4,79.0,2.9,5.2,8.1,3.1,1.9,2.8,2.8,21.6
C,40,Shareef Abdur-Rahim,85,31.6,16.3,5.9,12.4,47.5,0.1,0.4,26.5,4.4,5.0,86.9,2.2,5.3,7.5,2.0,0.8,0.4,2.2,17.8
G-F,41,Keith Van Horn,72,32.6,16.1,5.7,12.5,45.4,1.3,3.2,39.9,3.5,4.0,85.9,2.1,4.9,7.0,1.7,0.9,0.5,2.3,16.4
G,42,Cuttino Mobley,80,40.4,15.8,5.8,13.5,42.6,2.1,5.3,39.0,2.2,2.7,81.1,0.5,4.0,4.5,3.2,1.3,0.4,2.3,14.7
C,43,Carlos Boozer,75,34.6,15.5,6.3,12.0,52.3,0.0,0.1,16.7,2.9,3.8,76.8,3.1,8.4,11.4,2.0,1.0,0.7,1.8,22.2
F-C,44,Zydrunas Ilgauskas,81,31.3,15.3,5.8,11.9,48.3,0.0,0.1,28.6,3.7,5.0,74.6,3.4,4.6,8.1,1.3,0.5,2.5,2.0,18.2
F,45,Andre Miller,82,34.6,14.8,5.2,11.5,45.7,0.1,0.8,18.5,4.2,5.0,83.2,1.5,2.9,4.5,6.1,1.7,0.3,2.6,17.7
F,46,Antawn Jamison,82,29.0,14.8,6.0,11.1,53.5,0.2,0.5,40.0,2.7,3.6,74.8,2.8,3.5,6.3,0.9,1.0,0.4,1.0,16.3
G,47,Donyell Marshall,82,36.4,14.7,5.7,12.4,46.1,1.6,4.0,40.3,1.6,2.2,73.6,2.6,7.3,9.9,1.5,1.1,1.5,1.4,20.0
F-G,48,Eddy Curry,73,29.5,14.7,5.7,11.5,49.6,0.0,0.0,100.0,3.2,4.8,67.1,2.0,4.2,6.2,0.9,0.3,1.1,2.4,13.4
G-F,49,Tony Parker,75,34.4,14.7,5.6,12.6,44.7,0.8,2.7,31.2,2.5,3.6,70.2,0.6,2.6,3.2,5.5,0.8,0.1,2.4,13.8
F-G,50,Gary Payton,82,34.5,14.6,5.9,12.5,47.1,0.7,2.0,33.3,2.2,3.1,71.4,0.9,3.3,4.2,5.5,1.2,0.2,1.8,16.3
G,51,Steve Nash,78,33.5,14.5,5.1,10.8,47.0,1.3,3.3,40.5,2.9,3.2,91.6,0.8,2.2,3.0,8.8,0.9,0.1,2.7,18.5
G,52,Ricky Davis,79,31.3,14.4,5.6,12.0,46.9,0.7,1.8,37.1,2.5,3.5,71.8,1.0,3.6,4.5,3.3,1.2,0.3,2.4,14.0
F,53,Desmond Mason,82,30.9,14.4,5.0,10.6,47.2,0.1,0.5,23.1,4.3,5.6,76.9,1.1,3.2,4.4,1.9,0.7,0.3,1.8,13.0
C,54,Voshon Lenard,73,30.6,14.2,5.4,12.8,42.2,1.5,4.0,36.7,2.0,2.5,79.1,0.6,2.1,2.7,2.1,0.8,0.2,1.4,10.7
F,55,Brad Miller,72,36.4,14.1,5.2,10.2,51.0,0.2,0.5,31.6,3.6,4.6,77.8,2.7,7.7,10.3,4.3,0.9,1.2,2.0,22.9
G,56,Antoine Walker,82,34.6,14.0,5.9,13.8,42.8,1.0,3.7,26.9,1.3,2.3,55.4,2.4,5.9,8.3,4.5,0.8,0.8,2.5,17.1
G-F,57,James Posey,82,29.9,13.7,4.5,9.4,47.8,1.4,3.5,38.6,3.4,4.1,83.0,1.1,3.8,4.9,1.5,1.7,0.5,1.4,15.3
F,58,Jamaal Magloire,82,33.9,13.6,4.7,9.9,47.3,0.0,0.0,0.0,4.3,5.7,75.1,3.3,7.1,10.3,1.0,0.5,1.2,2.5,17.7
F,59,Kenny Thomas,74,36.5,13.6,5.1,11.0,46.9,0.0,0.1,20.0,3.3,4.4,75.2,3.5,6.6,10.1,1.5,1.1,0.4,2.3,17.5
C,60,Damon Stoudamire,82,38.0,13.4,5.0,12.4,40.1,1.9,5.2,36.5,1.5,1.8,87.6,0.6,3.1,3.8,6.1,1.2,0.1,2.2,14.7
F,61,Al Harrington,79,30.9,13.3,5.3,11.5,46.3,0.3,1.0,27.3,2.3,3.2,73.4,2.1,4.4,6.4,1.7,1.0,0.3,2.1,13.6
G,62,Kerry Kittles,82,34.7,13.1,5.3,11.7,45.3,1.2,3.4,35.1,1.3,1.7,78.7,0.7,3.3,4.0,2.5,1.5,0.5,1.2,13.7
F,63,Jim Jackson,80,39.0,12.9,4.8,11.3,42.4,2.0,5.1,40.0,1.3,1.6,84.3,0.7,5.4,6.1,2.8,1.1,0.3,2.2,14.3
F,64,Manu Ginobili,77,29.3,12.8,4.3,10.2,41.8,1.1,3.2,35.9,3.1,3.9,80.2,1.1,3.4,4.5,3.8,1.8,0.2,2.1,14.2
C,65,Carlos Arroyo,71,28.3,12.6,4.8,10.8,44.1,0.5,1.6,32.5,2.5,3.2,80.4,0.6,2.0,2.6,5.0,0.9,0.1,2.2,12.3
G,66,Flip Murray,82,24.6,12.4,4.7,11.2,42.5,0.8,2.8,29.3,2.0,2.9,71.5,0.5,1.9,2.5,2.5,1.0,0.3,1.8,9.6
F,67,Erick Dampier,74,32.5,12.3,4.7,8.8,53.5,0.0,0.0,0.0,2.9,4.5,65.4,4.6,7.3,12.0,0.8,0.4,1.9,1.8,20.0
C,68,Bonzi Wells,72,26.0,12.3,5.0,11.8,42.7,0.3,1.0,31.9,1.9,2.5,75.4,1.1,2.5,3.6,1.9,1.3,0.3,2.2,9.8
F,69,Kirk Hinrich,76,35.6,12.0,4.2,10.8,38.6,1.9,4.9,39.0,1.8,2.2,80.4,0.6,2.9,3.4,6.8,1.3,0.3,2.7,14.1
C,70,Vladimir Radmanovic,77,30.1,12.0,4.5,10.5,42.5,1.8,4.9,37.1,1.2,1.6,74.8,1.4,3.9,5.3,1.8,1.0,0.5,1.4,12.8
G,71,Jeff McInnis,70,33.8,11.8,4.8,10.7,44.7,0.7,1.8,36.2,1.6,2.0,79.7,0.5,2.0,2.5,6.1,1.0,0.1,1.7,13.6
G,72,Clifford Robinson,82,34.7,11.8,4.5,11.5,38.7,1.4,3.8,35.7,1.5,2.1,71.1,0.7,3.3,3.9,3.3,0.8,0.9,2.1,11.0
F,73,Nene,77,32.5,11.8,4.3,8.2,53.0,0.0,0.0,0.0,3.1,4.6,68.2,2.0,4.5,6.5,2.2,1.5,0.5,2.4,14.9
F,74,Mike Dunleavy,75,31.2,11.7,4.3,9.6,44.9,1.3,3.4,37.0,1.8,2.5,74.1,1.2,4.7,5.9,2.9,0.9,0.2,1.9,13.8
F,75,Drew Gooden,79,27.0,11.6,4.7,10.5,44.5,0.1,0.5,21.4,2.1,3.3,63.7,2.0,4.5,6.5,1.1,0.8,0.9,1.6,12.3
G-F,76,Maurice Taylor,75,27.8,11.5,4.9,10.2,48.0,0.0,0.0,0.0,1.7,2.3,73.6,1.7,3.4,5.1,1.4,0.6,0.6,2.0,11.3
G-F,77,Chris Bosh,75,33.5,11.5,4.4,9.5,45.9,0.1,0.2,35.7,2.7,3.8,70.1,2.5,4.9,7.4,1.0,0.8,1.4,1.4,14.4
G,78,DeShawn Stevenson,80,30.6,11.4,4.7,10.9,43.2,0.2,0.9,26.8,1.7,2.6,67.6,1.0,2.7,3.7,2.0,0.7,0.2,1.5,9.4
F,79,Gordan Giricek,73,28.0,11.3,4.3,9.9,43.6,0.8,2.1,39.5,1.8,2.2,85.4,0.7,2.4,3.1,1.7,0.8,0.2,1.4,9.8
C,80,Raja Bell,82,24.6,11.2,4.0,9.8,40.9,0.8,2.0,37.3,2.4,3.0,78.6,0.7,2.2,2.9,1.3,0.8,0.2,1.4,8.5
G,81,Kurt Thomas,80,31.9,11.1,4.9,10.4,47.3,0.0,0.0,0.0,1.3,1.6,83.5,1.8,6.5,8.3,1.9,0.7,1.0,1.7,15.6
F-C,82,Joe Smith,76,29.7,10.9,4.1,9.3,43.9,0.0,0.1,20.0,2.7,3.2,85.9,3.0,5.4,8.5,1.0,0.6,1.2,1.1,15.5
G,83,Darius Miles,79,26.3,10.9,4.6,9.5,48.5,0.1,0.5,17.5,1.6,2.4,64.2,1.4,3.1,4.5,2.1,0.8,0.8,1.6,11.7
F,84,Kwame Brown,74,30.2,10.9,3.9,8.0,48.9,0.0,0.0,50.0,3.1,4.5,68.3,2.4,5.0,7.4,1.5,0.9,0.7,1.9,14.0
C,85,Jason Williams,72,29.4,10.9,4.0,9.9,40.7,1.7,5.1,33.0,1.1,1.4,83.7,0.3,1.7,2.0,6.8,1.3,0.1,1.9,13.1
C,86,Darrell Armstrong,79,28.4,10.6,3.7,9.3,39.5,1.7,5.4,31.5,1.6,1.8,85.4,0.8,2.1,2.9,3.9,1.7,0.2,2.0,11.5
G-F,87,Tyronn Lue,76,30.7,10.5,4.1,9.4,43.3,1.1,2.8,38.3,1.3,1.7,77.1,0.3,2.1,2.5,4.2,0.8,0.1,1.6,10.7
F,88,P.J. Brown,80,34.4,10.5,4.2,8.9,47.6,0.0,0.0,0.0,2.0,2.3,85.4,3.0,5.7,8.6,1.9,1.0,0.9,1.3,16.6
G,89,Eric Snow,82,36.2,10.3,3.6,8.7,41.3,0.0,0.2,11.1,3.1,3.9,79.7,0.8,2.7,3.4,6.9,1.2,0.1,2.3,13.7
C,90,Mark Blount,82,29.3,10.3,4.2,7.4,56.6,0.0,0.0,0.0,1.9,2.7,71.9,2.5,4.7,7.2,0.9,1.0,1.3,1.8,14.9
G,91,Tayshaun Prince,82,33.0,10.3,4.1,8.8,46.7,0.7,1.9,36.3,1.3,1.7,76.6,1.1,3.6,4.8,2.3,0.8,0.8,1.5,12.4
F-G,92,Earl Boykins,82,22.5,10.2,3.9,9.3,41.9,0.7,2.1,32.2,1.7,2.0,87.7,0.5,1.2,1.7,3.6,0.6,0.0,1.2,9.3
G,93,Rafer Alston,82,31.5,10.2,3.5,9.3,37.6,2.0,5.3,37.1,1.3,1.6,76.9,0.3,2.4,2.8,4.5,1.4,0.2,1.6,11.4
F-C,94,Doug Christie,82,33.9,10.1,3.9,8.4,46.1,0.6,1.7,34.5,1.8,2.1,86.0,0.8,3.2,4.0,4.2,1.8,0.5,1.9,14.0
F,95,Eric Williams,71,26.5,10.0,3.3,8.4,38.6,0.5,1.8,27.6,3.0,4.0,76.0,0.9,3.1,4.0,1.7,1.0,0.1,1.2,9.5
G,96,Reggie Miller,80,28.2,10.0,3.3,7.4,43.8,1.7,4.2,40.1,1.8,2.1,88.5,0.2,2.1,2.4,3.1,0.8,0.1,0.9,11.2
G-F,97,Vlade Divac,81,28.6,9.9,3.9,8.2,47.0,0.0,0.2,15.4,2.1,3.2,65.4,1.7,4.0,5.7,5.3,0.7,1.0,2.1,15.0
C,98,Brian Cardinal,76,21.5,9.6,2.9,6.1,47.2,0.7,1.6,44.4,3.1,3.6,87.8,1.3,2.9,4.2,1.4,0.9,0.3,1.1,11.5
G-F,99,Jarvis Hayes,70,29.2,9.6,4.0,9.9,40.0,0.6,1.9,30.5,1.1,1.4,78.6,1.0,2.8,3.8,1.5,1.0,0.2,1.6,8.2
C-F,100,Mehmet Okur,71,22.3,9.6,3.5,7.6,46.3,0.3,0.7,37.5,2.3,2.9,77.5,2.3,3.7,5.9,1.0,0.5,0.9,1.4,11.7
G,101,Ben Wallace,81,37.7,9.5,3.9,9.2,42.1,0.0,0.1,12.5,1.8,3.6,49.0,4.0,8.4,12.4,1.7,1.8,3.0,1.5,19.8
C,102,Corliss Williamson,79,19.9,9.5,3.8,7.6,50.5,0.0,0.0,0.0,1.8,2.5,73.1,1.1,2.1,3.2,0.7,0.4,0.3,1.4,8.2
F,103,Stromile Swift,77,19.8,9.4,3.5,7.4,46.9,0.0,0.1,25.0,2.5,3.4,72.5,1.8,3.1,4.9,0.5,0.7,1.5,1.1,11.1
F,104,Juan Dixon,71,20.8,9.4,3.5,9.0,38.8,0.8,2.8,29.8,1.6,2.0,79.9,0.4,1.7,2.1,1.9,1.2,0.1,1.5,7.2
F-G,105,Mike James,81,27.1,9.3,3.4,8.1,41.4,1.3,3.5,37.7,1.3,1.6,81.1,0.3,2.5,2.9,4.2,1.2,0.0,1.5,11.0
G,106,Hedo Turkoglu,80,25.9,9.2,3.3,8.1,40.6,1.3,3.0,41.9,1.4,2.0,70.8,0.7,3.8,4.5,1.9,1.0,0.4,1.2,10.5
G,107,Jiri Welsch,81,26.9,9.2,3.2,7.6,42.8,0.9,2.2,38.1,1.9,2.5,74.3,0.7,2.9,3.7,2.3,1.2,0.1,1.6,9.9
C-F,108,Anfernee Hardaway,76,27.5,9.2,3.7,8.9,41.1,0.4,1.0,38.0,1.5,1.8,80.4,0.9,2.9,3.8,2.3,0.9,0.3,1.4,9.4
G,109,Aaron McKie,75,28.2,9.2,3.5,7.7,45.9,1.0,2.3,43.6,1.1,1.5,75.7,0.6,2.8,3.4,2.6,1.1,0.3,1.4,10.7
G,110,Etan Thomas,79,24.1,8.9,3.3,6.7,48.9,0.0,0.0,0.0,2.4,3.7,64.7,2.3,4.4,6.7,0.9,0.5,1.6,1.4,12.3
G-F,111,Antonio Davis,80,32.2,8.9,3.3,8.3,40.3,0.0,0.0,0.0,2.2,2.9,76.5,2.6,5.8,8.4,1.7,0.5,0.8,1.4,13.2
F,112,Brian Grant,76,30.3,8.7,3.8,8.1,47.1,0.0,0.0,0.0,1.1,1.4,78.2,2.3,4.6,6.9,0.9,0.7,0.5,1.1,12.0
F-C,113,Rasho Nesterovic,82,28.7,8.7,4.0,8.5,46.9,0.0,0.0,0.0,0.7,1.4,47.4,3.1,4.6,7.7,1.4,0.6,2.0,1.3,13.8
F,114,Marcus Camby,72,30.0,8.6,3.6,7.6,47.7,0.0,0.0,0.0,1.4,1.9,72.1,2.9,7.2,10.1,1.8,1.2,2.6,1.4,18.5
G,115,Shane Battier,79,24.6,8.5,3.1,6.9,44.6,0.8,2.4,34.9,1.5,2.1,73.2,1.3,2.5,3.8,1.3,1.3,0.7,0.7,10.5
G-F,116,Toni Kukoc,73,20.8,8.4,2.9,6.9,41.7,0.7,2.3,29.2,2.0,2.7,72.9,0.8,2.9,3.7,2.7,0.8,0.3,1.5,9.7
G,117,Morris Peterson,82,26.2,8.3,2.9,7.2,40.5,1.5,4.1,37.1,0.9,1.1,80.9,0.4,2.8,3.2,1.4,1.1,0.2,0.8,8.8
F-C,118,Antonio Daniels,71,21.4,8.0,2.6,5.6,47.0,0.6,1.6,36.2,2.2,2.6,84.2,0.3,1.7,2.0,4.2,0.6,0.1,0.9,10.7
F,119,Samuel Dalembert,82,26.8,8.0,3.3,6.1,54.1,0.0,0.0,0.0,1.4,2.1,64.4,2.4,5.3,7.6,0.3,0.5,2.3,1.0,14.1
F,120,Shandon Anderson,80,24.7,7.9,3.0,7.1,42.2,0.5,1.6,28.1,1.5,2.0,76.4,0.7,2.1,2.8,1.5,0.9,0.2,1.5,7.3
F,121,Theo Ratliff,85,12.0,7.9,3.1,6.5,48.5,0.0,0.0,0.0,1.6,2.6,64.5,2.3,4.9,7.2,0.8,0.6,3.6,1.4,14.6
G,122,Leandro Barbosa,70,21.4,7.9,3.0,6.7,44.7,1.2,3.0,39.5,0.7,0.9,77.0,0.3,1.4,1.8,2.4,1.3,0.1,1.7,7.8
F-C,122,Walter McCarty,77,24.7,7.9,2.6,6.8,38.8,1.8,4.8,37.4,0.8,1.1,75.6,0.4,2.7,3.1,1.6,0.9,0.3,1.2,8.2
G,124,Calbert Cheaney,79,26.2,7.6,3.5,7.3,48.1,0.0,0.1,0.0,0.6,1.0,61.0,1.0,2.3,3.3,1.7,0.8,0.2,1.1,8.3
F-G,125,Rodney White,72,13.7,7.5,3.0,6.5,45.9,0.5,1.2,37.9,1.1,1.4,75.0,0.6,1.7,2.3,0.8,0.4,0.3,1.1,6.4
F,126,Bob Sura,80,20.8,7.5,2.5,6.1,41.6,0.3,1.0,26.6,2.1,2.8,75.7,1.3,2.8,4.1,2.9,0.8,0.2,1.3,9.9
F-G,127,Nazr Mohammed,80,20.1,7.4,3.1,5.9,52.1,0.0,0.0,0.0,1.3,2.1,59.2,2.2,3.7,5.9,0.5,0.7,0.7,1.2,10.2
F-C,128,Devean George,82,23.8,7.4,2.8,7.0,40.8,0.8,2.3,34.9,0.9,1.2,76.0,1.1,3.0,4.0,1.4,1.0,0.5,1.1,8.8
G,129,Udonis Haslem,75,24.0,7.3,2.7,6.0,45.9,0.0,0.0,0.0,1.9,2.4,76.5,2.5,3.8,6.3,0.7,0.4,0.3,1.0,10.3
G,130,Derek Fisher,82,21.5,7.1,2.5,7.0,35.2,0.6,2.2,29.1,1.5,1.9,79.7,0.4,1.5,1.9,2.3,1.3,0.0,1.0,6.6
G,131,Damon Jones,82,24.6,7.0,2.6,6.4,40.1,1.2,3.3,35.9,0.7,0.9,76.4,0.2,1.9,2.1,5.8,0.4,0.0,1.3,10.0
F,132,Raul Lopez,82,19.7,7.0,2.7,6.3,43.1,0.3,1.0,29.4,1.2,1.4,86.3,0.3,1.6,1.9,3.7,0.8,0.0,2.1,7.5
C,133,Brendan Haywood,77,19.3,7.0,2.6,5.0,51.5,0.0,0.0,0.0,1.8,3.0,58.5,2.4,2.6,5.0,0.6,0.4,1.3,1.0,9.5
G,134,Ruben Patterson,73,22.6,6.9,2.7,5.4,50.6,0.0,0.2,16.7,1.4,2.6,55.3,1.8,1.9,3.7,1.9,1.2,0.3,1.4,8.7
F,135,Bruce Bowen,82,32.0,6.9,2.6,6.1,42.0,0.9,2.6,36.3,0.8,1.4,57.9,0.5,2.5,3.1,1.4,1.0,0.4,1.1,7.5
G,136,Keith Bogans,73,24.5,6.8,2.5,6.2,40.3,0.9,2.6,35.8,0.9,1.4,63.1,1.5,2.9,4.3,1.3,0.6,0.1,1.0,8.0
F-G,137,Greg Ostertag,78,27.6,6.8,2.7,5.6,47.6,0.0,0.0,0.0,1.4,2.5,57.9,2.8,4.6,7.4,1.6,0.4,1.8,1.3,12.7
C,138,Fred Hoiberg,79,22.8,6.7,2.3,4.8,46.5,1.0,2.2,44.2,1.2,1.5,84.5,0.3,3.1,3.4,1.4,0.8,0.1,0.6,9.1
F,139,Kareem Rush,72,17.3,6.4,2.6,6.0,44.0,0.7,1.9,34.8,0.4,0.7,59.6,0.3,1.1,1.3,0.8,0.5,0.3,0.7,5.0
F,140,Chris Mihm,76,17.5,6.3,2.4,5.0,48.8,0.0,0.0,0.0,1.4,2.2,66.3,2.1,3.4,5.4,0.3,0.5,0.8,1.2,8.9
F-G,141,Aaron Williams,72,18.6,6.3,2.4,4.8,50.3,0.0,0.0,33.3,1.5,2.2,67.7,1.4,2.7,4.1,1.1,0.5,0.6,1.2,8.3
F,142,Anthony Johnson,73,21.9,6.2,2.3,5.6,40.6,0.6,1.7,33.6,1.0,1.3,79.8,0.4,1.4,1.8,2.8,0.9,0.1,1.0,7.1
F,143,Chris Kaman,82,22.5,6.1,2.4,5.3,46.0,0.0,0.0,0.0,1.2,1.7,69.7,1.5,4.1,5.6,1.0,0.3,0.9,1.9,8.6
F,144,Jeff Foster,82,23.8,6.1,2.4,4.4,54.4,0.0,0.0,0.0,1.3,1.9,66.9,3.0,4.4,7.4,0.8,0.9,0.3,0.7,12.1
G,145,Casey Jacobsen,78,23.4,6.0,1.9,4.6,41.7,1.0,2.3,41.7,1.2,1.4,82.0,0.5,2.0,2.6,1.3,0.6,0.1,0.9,6.7
G,146,Charlie Ward,71,17.6,6.0,2.3,5.5,41.0,1.2,2.9,40.8,0.3,0.4,74.1,0.2,1.9,2.0,3.0,0.9,0.2,1.4,7.4
F,147,Jarron Collins,81,21.4,6.0,1.8,3.6,49.8,0.0,0.0,0.0,2.3,3.2,71.8,1.4,2.5,3.9,1.0,0.3,0.2,1.0,7.6
G,148,Marcus Banks,81,17.1,5.9,2.2,5.5,40.0,0.3,1.1,31.4,1.2,1.6,75.6,0.4,1.3,1.6,2.2,1.1,0.2,1.5,5.8
G,149,Jason Collins,78,28.5,5.9,2.1,4.9,42.4,0.0,0.0,0.0,1.7,2.4,73.9,1.8,3.3,5.1,2.0,0.9,0.7,1.2,9.9
C,150,Steve Blake,75,18.5,5.9,2.1,5.4,38.6,1.0,2.7,37.1,0.7,0.9,82.1,0.2,1.3,1.6,2.8,0.8,0.1,1.7,5.9
F,151,John Salmons,77,20.8,5.8,2.1,5.4,38.7,0.6,1.9,34.0,0.9,1.2,77.2,0.5,2.1,2.5,1.7,0.8,0.2,1.0,6.5
F,152,Anthony Peeler,75,18.5,5.7,2.1,4.6,44.8,0.9,1.9,48.2,0.7,0.8,83.6,0.4,1.6,2.0,1.6,0.7,0.1,1.0,6.5
F,153,Jared Jeffries,82,23.4,5.7,2.2,5.7,37.7,0.1,0.4,16.7,1.3,2.1,61.4,2.2,3.0,5.2,1.1,0.6,0.3,1.3,7.2
F-C,154,Earl Watson,81,20.6,5.7,2.1,5.7,37.1,0.3,1.3,24.5,1.1,1.7,65.2,0.6,1.6,2.2,5.0,1.1,0.2,1.8,8.2
G,155,Dan Gadzuric,75,16.8,5.7,2.4,4.7,52.4,0.0,0.0,0.0,0.8,1.6,49.2,1.7,2.9,4.6,0.4,0.7,1.4,0.6,9.1
G,156,Tony Battie,73,20.2,5.6,2.3,5.3,44.3,0.0,0.1,22.2,0.9,1.2,74.2,1.6,3.3,4.9,0.8,0.4,0.9,0.9,8.5
F,157,Robert Traylor,71,13.3,5.1,2.0,4.0,50.5,0.0,0.1,40.0,1.0,1.8,54.7,1.5,2.2,3.7,0.6,0.5,0.5,0.9,6.8
G,158,Steven Smith,71,13.1,5.0,1.7,4.1,40.6,0.6,1.5,40.2,1.1,1.2,92.8,0.4,0.8,1.1,0.8,0.2,0.1,0.6,4.1
G-F,159,Austin Croshere,77,13.7,5.0,1.5,4.0,38.8,0.7,1.9,38.9,1.2,1.4,89.4,0.8,2.4,3.2,0.7,0.3,0.2,0.7,6.1
C,160,Trenton Hassell,81,28.0,5.0,2.2,4.7,46.5,0.0,0.2,30.8,0.6,0.8,78.7,0.8,2.3,3.2,1.6,0.4,0.7,0.6,7.7
C-F,161,Fred Jones,81,18.6,4.9,1.5,3.8,39.5,0.3,1.1,30.3,1.5,1.8,83.2,0.3,1.2,1.6,2.1,0.8,0.2,0.9,6.1
G,162,Calvin Booth,71,17.0,4.9,1.9,4.1,46.6,0.0,0.0,0.0,1.1,1.3,79.8,1.2,2.7,3.9,0.4,0.2,1.4,0.6,7.8
F-G,163,Robert Horry,81,15.9,4.8,1.7,4.3,40.5,0.5,1.3,38.0,0.9,1.3,64.5,1.3,2.0,3.4,1.2,0.6,0.6,0.7,6.9
C,164,Sasha Pavlovic,79,14.5,4.8,1.9,4.8,39.6,0.2,0.9,27.1,0.8,1.1,77.4,0.6,1.5,2.0,0.8,0.5,0.2,0.8,4.4
G-F,165,George Lynch,78,21.8,4.8,1.9,4.8,39.7,0.6,1.8,30.9,0.4,0.7,66.7,1.2,2.8,4.0,1.5,0.6,0.2,0.8,7.2
F,166,Bo Outlaw,82,19.6,4.6,1.9,3.8,51.0,0.0,0.0,0.0,0.7,1.4,52.6,1.5,2.6,4.2,1.1,0.9,0.9,0.8,8.3
G,167,Darius Songaila,73,13.4,4.6,1.8,3.7,48.7,0.0,0.0,0.0,1.0,1.2,80.7,1.2,1.8,3.1,0.7,0.6,0.2,0.6,6.4
F-G,168,Michael Doleac,72,14.2,4.5,1.9,4.5,43.5,0.0,0.0,0.0,0.6,0.7,86.5,1.2,2.5,3.7,0.6,0.3,0.5,0.7,6.3
C,169,Boris Diaw,76,25.3,4.5,1.8,4.1,44.7,0.1,0.3,23.1,0.7,1.2,60.2,1.5,3.0,4.5,2.4,0.8,0.5,1.7,8.2
G,170,Kyle Korver,74,11.9,4.5,1.6,4.4,35.2,1.1,2.8,39.1,0.3,0.3,79.2,0.4,1.1,1.5,0.5,0.3,0.1,0.6,3.5
G,171,Dale Davis,76,22.1,4.4,1.8,3.7,47.3,0.0,0.0,0.0,0.9,1.4,61.3,2.1,3.2,5.2,0.9,0.6,0.8,0.5,8.9
G,172,Kevin Ollie,82,17.1,4.2,1.2,3.1,37.0,0.0,0.1,44.4,1.8,2.1,83.5,0.3,1.8,2.1,2.9,0.6,0.1,1.0,6.5
G,173,Bryon Russell,72,13.1,4.0,1.4,3.4,40.2,0.6,1.6,38.4,0.7,0.9,76.9,0.4,1.6,2.0,1.0,0.4,0.2,0.5,4.9
F,174,David West,71,13.1,3.8,1.5,3.2,47.4,0.0,0.0,0.0,0.8,1.1,71.3,1.6,2.5,4.2,0.8,0.4,0.4,0.7,7.0
F,175,Jacque Vaughn,71,18.0,3.8,1.5,3.9,38.6,0.0,0.3,15.0,0.7,1.0,77.9,0.2,1.5,1.6,2.7,0.6,0.0,1.2,5.0
G,176,Mark Madsen,72,17.3,3.6,1.4,2.8,49.5,0.0,0.1,0.0,0.8,1.6,48.3,1.9,1.9,3.8,0.4,0.5,0.3,0.7,5.5
F,177,Chris Andersen,71,14.5,3.4,1.3,2.9,44.3,0.0,0.0,0.0,0.9,1.5,58.9,1.3,2.9,4.2,0.5,0.5,1.6,0.7,7.3
F,178,Andrew DeClercq,71,17.0,3.2,1.3,2.7,47.7,0.0,0.0,0.0,0.6,0.8,81.5,1.8,2.6,4.5,0.6,0.7,0.5,0.8,7.1
F,179,Michael Curry,70,17.5,2.9,1.1,2.8,38.8,0.0,0.2,20.0,0.7,0.8,84.5,0.3,0.9,1.2,0.8,0.3,0.1,0.7,2.8
F,180,Reggie Evans,75,17.1,2.9,0.9,2.2,40.6,0.0,0.0,0.0,1.1,2.0,56.1,2.1,3.4,5.4,0.4,0.7,0.1,0.9,6.6
F,181,Luke Walton,72,10.1,2.4,0.9,2.1,42.5,0.2,0.5,33.3,0.4,0.6,70.5,0.5,1.2,1.8,1.6,0.4,0.1,0.6,4.2
