pos,#,player,gp,min,pts,fgm,fga,fg%,3pm,3pa,3p%,ftm,fta,ft%,oreb,dreb,reb,ast,stl,blk,tov,eff
G,1,Allen Iverson,75,42.3,30.7,10.3,24.2,42.4,1.4,4.5,30.8,8.7,10.5,83.5,0.7,3.3,4.0,7.9,2.4,0.1,4.6,24.9
F-C,2,Kobe Bryant,66,40.7,27.6,8.7,20.1,43.3,2.0,5.9,33.9,8.2,10.1,81.6,1.4,4.5,5.9,6.0,1.3,0.8,4.1,24.3
F-G,3,LeBron James,80,42.4,27.2,9.9,21.1,47.2,1.4,3.9,35.1,6.0,8.0,75.0,1.4,6.0,7.4,7.2,2.2,0.7,3.3,28.2
F,4,Dirk Nowitzki,78,38.7,26.1,8.5,18.5,45.9,1.2,2.9,39.9,7.9,9.1,86.9,1.2,8.5,9.7,3.1,1.2,1.5,2.3,28.1
G,5,Amar'e Stoudemire,80,36.1,26.0,9.3,16.7,55.9,0.0,0.2,18.8,7.3,9.9,73.3,2.7,6.2,8.9,1.6,1.0,1.6,2.4,26.8
F,6,Tracy McGrady,78,40.8,25.7,9.2,21.3,43.1,1.8,5.6,32.6,5.5,7.1,77.4,0.9,5.3,6.2,5.7,1.7,0.7,2.6,23.7
G,7,Gilbert Arenas,80,40.9,25.5,8.2,19.0,43.1,2.6,7.0,36.5,6.5,8.0,81.4,1.0,3.7,4.7,5.1,1.7,0.3,3.0,22.0
G,8,Vince Carter,77,36.7,24.5,9.0,20.0,45.2,1.6,4.1,40.6,4.8,6.0,79.8,1.4,3.8,5.2,4.2,1.4,0.6,2.2,21.6
F,9,Dwyane Wade,77,38.6,24.1,8.2,17.1,47.8,0.2,0.6,28.9,7.5,9.9,76.2,1.4,3.7,5.2,6.8,1.6,1.1,4.2,23.2
G,10,Ray Allen,78,39.3,23.9,8.2,19.2,42.8,2.7,7.1,37.6,4.8,5.5,88.3,1.0,3.4,4.4,3.7,1.1,0.1,2.2,19.4
G,11,Michael Redd,75,38.0,23.0,8.3,18.9,44.1,1.4,3.9,35.5,4.9,5.8,85.4,1.0,3.2,4.2,2.3,0.8,0.1,1.8,17.2
C,12,Shaquille O'Neal,73,34.1,22.9,9.0,15.0,60.1,0.0,0.0,0.0,4.8,10.5,46.1,3.5,6.9,10.4,2.7,0.5,2.3,2.8,24.4
G,13,Corey Maggette,66,36.9,22.2,6.4,14.9,43.1,0.8,2.5,30.4,8.5,10.0,85.7,1.1,4.9,6.0,3.4,1.1,0.1,3.0,19.9
G,14,Kevin Garnett,82,38.1,22.2,8.3,16.6,50.2,0.1,0.3,24.0,5.4,6.7,81.1,3.0,10.5,13.5,5.7,1.5,1.4,2.7,32.0
G,15,Stephon Marbury,82,40.0,21.7,7.4,16.0,46.2,1.4,4.0,35.4,5.6,6.7,83.4,0.6,2.4,3.0,8.1,1.5,0.1,2.8,21.9
G,16,Jason Richardson,72,37.8,21.7,8.5,19.0,44.6,1.7,5.1,33.8,3.0,4.3,69.3,1.7,4.2,5.9,3.9,1.5,0.4,2.3,19.2
F,17,Paul Pierce,82,36.1,21.6,6.8,14.9,45.5,1.3,3.6,37.0,6.7,8.1,82.2,1.0,5.6,6.6,4.2,1.6,0.5,2.8,22.1
F,18,Steve Francis,78,38.2,21.3,7.2,17.1,42.3,0.5,1.6,29.9,6.4,7.8,82.3,1.6,4.2,5.8,7.0,1.4,0.4,4.1,20.6
G,19,Carmelo Anthony,75,34.8,20.8,7.1,16.4,43.1,0.6,2.1,26.6,6.1,7.6,79.6,1.9,3.8,5.7,2.6,0.9,0.4,3.0,16.5
C,20,Rashard Lewis,71,38.0,20.5,7.5,16.2,46.2,2.4,6.1,40.0,3.1,4.0,77.7,1.5,3.9,5.5,1.3,1.1,0.9,1.7,17.9
G,21,Elton Brand,81,37.1,20.0,7.8,15.4,50.3,0.0,0.0,0.0,4.5,6.0,75.2,3.7,5.9,9.5,2.6,0.8,2.1,2.3,23.5
F,22,Mike Bibby,80,38.5,19.6,7.0,15.8,44.3,1.6,4.6,36.0,4.0,5.2,77.5,1.0,3.2,4.2,6.8,1.6,0.4,2.5,20.0
G,23,Shawn Marion,81,38.9,19.4,7.6,15.9,47.6,1.4,4.2,33.4,2.8,3.4,83.3,2.9,8.4,11.3,1.9,2.0,1.5,1.5,25.6
F,24,Antoine Walker,77,38.4,19.1,7.5,17.9,42.2,1.4,4.4,32.3,2.6,4.8,53.9,2.4,6.7,9.0,3.4,1.2,0.8,3.3,17.6
G,25,Richard Hamilton,76,38.5,18.7,6.7,15.3,44.0,0.5,1.6,30.5,4.8,5.6,85.8,1.0,2.9,3.9,4.9,1.0,0.2,2.9,16.5
G,26,Jalen Rose,81,33.5,18.5,6.5,14.3,45.5,1.3,3.4,39.4,4.1,4.8,85.4,0.5,2.9,3.4,2.6,0.8,0.1,2.2,14.6
F,27,Yao Ming,80,30.6,18.3,6.7,12.2,55.2,0.0,0.0,0.0,4.9,6.2,78.3,2.6,5.8,8.4,0.8,0.4,2.0,2.5,20.6
G,28,Jamal Crawford,70,38.4,17.7,6.2,15.7,39.8,2.6,7.3,36.1,2.6,3.1,84.3,0.5,2.4,2.9,4.3,1.3,0.3,2.1,14.5
F,29,Desmond Mason,80,36.2,17.2,6.0,13.5,44.3,0.0,0.1,12.5,5.3,6.6,80.2,1.1,2.8,3.9,2.7,0.7,0.3,2.1,14.0
C,30,Joe Johnson,82,39.5,17.1,6.6,14.4,46.1,2.2,4.5,47.8,1.6,2.2,75.0,1.5,3.7,5.1,3.5,1.0,0.3,1.8,16.9
G,31,Zydrunas Ilgauskas,78,33.5,16.9,5.9,12.6,46.8,0.0,0.1,28.6,5.2,6.4,79.9,3.8,4.8,8.6,1.3,0.7,2.1,2.4,19.2
G,32,Chris Bosh,81,37.2,16.8,5.8,12.4,47.1,0.0,0.1,30.0,5.1,6.7,76.0,2.4,6.5,8.9,1.9,0.9,1.4,2.3,19.4
G-F,33,Tony Parker,80,34.2,16.6,6.7,14.0,48.2,0.5,2.0,27.6,2.6,4.0,65.0,0.6,3.1,3.7,6.1,1.2,0.1,2.7,16.4
F,34,Chauncey Billups,80,35.8,16.5,5.1,11.4,44.2,2.1,4.8,42.6,4.3,4.8,89.8,0.6,2.8,3.4,5.8,1.0,0.1,2.3,17.7
F,35,Bobby Simmons,75,37.3,16.4,6.3,13.6,46.6,0.7,1.5,43.5,3.1,3.6,84.6,1.7,4.2,5.9,2.7,1.4,0.2,1.8,17.1
C-F,36,Manu Ginobili,74,29.6,16.0,5.0,10.5,47.1,1.3,3.5,37.6,4.8,6.0,80.3,1.0,3.4,4.4,3.9,1.6,0.4,2.3,17.3
G,37,Ricky Davis,82,32.9,16.0,5.9,12.7,46.2,0.7,2.2,33.9,3.5,4.3,81.5,0.8,2.2,3.0,3.0,1.1,0.3,2.5,13.3
F-G,38,Damon Stoudamire,81,34.1,15.8,5.6,14.4,39.2,2.2,6.0,36.9,2.2,2.5,91.5,0.7,3.1,3.8,5.7,1.1,0.0,2.0,15.4
G,39,Kirk Hinrich,77,36.4,15.7,5.8,14.6,39.7,1.9,5.3,35.5,2.2,2.8,79.2,0.4,3.5,3.9,6.4,1.6,0.3,2.3,16.2
C,40,Steve Nash,75,34.3,15.5,5.7,11.4,50.2,1.3,2.9,43.1,2.8,3.2,88.7,0.8,2.6,3.3,11.5,1.0,0.1,3.3,22.1
G-F,41,Kenyon Martin,70,32.5,15.5,6.3,13.0,49.0,0.0,0.2,0.0,2.8,4.4,64.6,2.1,5.2,7.3,2.4,1.4,1.1,2.1,17.5
G,42,Caron Butler,77,35.7,15.5,5.7,12.9,44.5,0.5,1.6,30.4,3.6,4.1,86.2,1.9,3.9,5.8,1.9,1.4,0.3,1.6,15.6
C,43,Wally Szczerbiak,81,31.6,15.5,5.7,11.3,50.6,0.8,2.1,37.3,3.2,3.8,85.5,1.0,2.7,3.7,2.4,0.5,0.2,1.6,14.5
F-C,44,Troy Murphy,70,33.9,15.4,5.6,13.5,41.4,0.8,2.1,39.9,3.3,4.6,73.0,3.6,7.2,10.8,1.4,0.8,0.5,1.5,18.1
F,45,Emeka Okafor,73,35.6,15.1,6.1,13.7,44.7,0.0,0.0,0.0,2.9,4.7,60.9,3.8,7.1,10.9,0.9,0.8,1.7,1.7,18.3
F,46,Ben Gordon,82,24.4,15.1,5.3,12.9,41.1,1.6,4.0,40.5,2.8,3.3,86.3,0.7,2.0,2.6,2.0,0.6,0.1,2.3,10.1
G,47,Quentin Richardson,79,35.9,14.9,5.2,13.2,38.9,2.9,8.0,35.8,1.7,2.3,73.9,1.2,4.9,6.1,2.0,1.2,0.3,1.3,14.5
F-G,48,Tayshaun Prince,82,37.0,14.7,5.7,11.7,48.7,0.6,1.7,34.1,2.7,3.3,80.7,1.6,3.7,5.3,3.0,0.7,0.9,1.6,16.3
G-F,49,Rasheed Wallace,79,34.0,14.5,5.9,13.4,44.0,0.9,3.0,31.8,1.7,2.5,69.7,2.2,5.9,8.2,1.8,0.8,1.5,1.6,16.8
F-G,50,Drew Gooden,82,30.8,14.4,5.7,11.5,49.2,0.1,0.3,17.9,3.1,3.8,81.0,2.5,6.7,9.2,1.6,0.9,0.9,1.6,18.9
G,51,Rafer Alston,80,34.0,14.2,5.0,12.2,41.4,1.7,4.9,35.7,2.4,3.2,74.0,0.5,3.0,3.5,6.4,1.5,0.1,2.1,15.6
G,52,Matt Harpring,78,33.2,14.0,5.4,11.0,48.9,0.1,0.6,20.9,3.1,4.0,77.8,2.5,3.6,6.2,1.8,0.9,0.2,1.7,14.8
F,53,Chucky Atkins,82,35.4,13.6,4.7,11.1,42.6,2.1,5.5,38.7,2.0,2.5,80.3,0.4,2.0,2.4,4.4,0.9,0.0,1.8,12.6
C,54,Andre Miller,82,34.8,13.6,5.2,10.9,47.7,0.1,0.5,15.4,3.1,3.7,83.8,1.2,2.9,4.1,6.9,1.5,0.1,2.7,17.2
F,55,Mike Miller,76,30.0,13.4,5.1,10.1,50.5,1.8,4.3,43.3,1.4,2.0,72.0,0.5,3.5,3.9,2.9,0.7,0.3,1.7,14.1
G,56,Mike Dunleavy,79,32.5,13.4,5.2,11.5,45.1,1.4,3.5,38.8,1.7,2.2,77.9,1.2,4.3,5.5,2.6,1.0,0.3,1.7,14.3
G-F,57,Primoz Brezec,72,31.6,13.0,5.4,10.5,51.2,0.0,0.0,0.0,2.3,3.1,74.5,3.1,4.2,7.4,1.2,0.5,0.8,1.5,15.4
F,58,Mehmet Okur,82,28.1,12.9,4.3,9.2,46.8,0.2,0.8,27.0,4.0,4.7,85.0,2.4,5.1,7.5,2.0,0.4,0.8,1.7,16.3
F,59,Jeff McInnis,76,34.9,12.8,5.0,12.0,41.2,1.2,3.5,34.5,1.7,2.1,81.3,0.4,1.6,2.1,5.1,0.7,0.0,1.5,11.8
C,60,Latrell Sprewell,80,30.6,12.8,5.0,12.0,41.4,0.9,2.6,32.7,2.0,2.4,83.0,0.8,2.4,3.2,2.2,0.7,0.3,1.6,10.1
F,61,Eddie Jones,80,35.5,12.7,4.4,10.3,42.8,1.8,4.8,37.2,2.2,2.7,80.6,0.5,4.6,5.1,2.7,1.1,0.5,1.2,14.4
G,62,Josh Howard,76,32.2,12.6,5.0,10.4,47.5,0.4,1.5,29.6,2.2,3.1,73.3,2.2,4.1,6.4,1.4,1.5,0.6,1.6,14.7
F,63,Morris Peterson,82,30.6,12.5,4.3,10.3,42.0,1.6,4.1,38.5,2.3,2.8,83.2,0.9,3.3,4.1,2.1,1.1,0.2,1.1,12.5
F,64,Dan Dickau,71,29.4,12.5,4.3,10.6,40.5,1.2,3.5,34.7,2.7,3.2,83.3,0.5,2.1,2.5,4.9,1.1,0.1,2.0,12.1
C,65,Kenny Thomas,73,29.7,12.4,5.0,10.7,47.0,0.0,0.1,20.0,2.4,3.1,76.2,2.5,4.8,7.3,2.1,0.9,0.2,1.8,14.8
G,66,Jason Terry,80,30.0,12.4,4.7,9.3,50.1,1.3,3.1,42.0,1.8,2.2,84.4,0.5,1.9,2.4,5.4,1.4,0.2,1.8,14.9
F,67,Earl Boykins,82,26.4,12.4,4.1,10.0,41.3,0.7,2.0,33.7,3.4,3.7,92.1,0.5,1.3,1.7,4.5,1.0,0.1,1.5,12.1
C,68,Tim Thomas,71,27.3,12.0,4.4,10.1,43.9,1.2,2.9,40.9,1.9,2.4,78.6,0.6,2.7,3.3,1.5,0.6,0.2,1.6,9.9
F,69,Dwight Howard,82,32.6,12.0,4.3,8.3,52.0,0.0,0.0,0.0,3.4,5.0,67.1,3.5,6.5,10.0,0.9,0.9,1.7,2.0,17.9
C,70,Marc Jackson,81,24.4,12.0,4.2,9.0,46.5,0.0,0.0,0.0,3.6,4.3,82.8,2.3,2.7,5.0,1.0,0.4,0.2,1.6,11.4
G,71,Derek Fisher,74,30.0,11.9,4.0,10.2,39.3,1.5,3.9,37.1,2.4,2.7,86.2,0.5,2.4,2.9,4.1,1.0,0.1,1.7,11.6
G,72,David Wesley,80,34.7,11.9,4.2,10.5,39.8,1.5,3.9,37.5,2.0,2.4,85.7,0.5,2.4,2.9,3.3,1.2,0.1,1.4,11.3
F,73,Mike James,74,25.1,11.8,4.5,10.1,44.1,1.4,3.5,38.6,1.5,2.0,75.2,0.5,2.3,2.8,3.6,0.9,0.1,1.4,11.5
F,74,Damon Jones,82,31.4,11.6,4.0,8.9,45.6,2.7,6.4,43.2,0.8,1.0,79.1,0.2,2.6,2.8,4.3,0.5,0.1,1.2,13.1
F,75,Ruben Patterson,70,28.0,11.6,4.6,8.6,53.1,0.0,0.4,8.0,2.4,4.0,59.9,1.8,2.1,3.9,2.0,1.5,0.3,2.0,11.6
G-F,76,Kyle Korver,82,32.5,11.5,3.9,9.3,41.8,2.8,6.8,40.5,1.0,1.2,85.4,0.5,4.1,4.6,2.2,1.3,0.4,1.3,13.1
G-F,77,Kurt Thomas,80,35.7,11.5,5.3,11.3,47.1,0.0,0.1,50.0,0.8,1.1,78.6,2.1,8.3,10.4,2.0,0.9,1.0,1.2,18.3
G,78,Gary Payton,77,33.0,11.3,4.4,9.4,46.8,0.5,1.7,32.6,2.0,2.6,76.1,0.6,2.4,3.1,6.1,1.1,0.2,1.9,14.2
F,79,Tyronn Lue,70,28.7,11.2,4.2,9.3,45.1,0.8,2.2,35.5,2.0,2.4,86.1,0.2,1.9,2.1,4.6,0.5,0.0,1.5,11.5
C,80,Antonio Daniels,75,27.0,11.2,3.6,8.3,43.8,0.7,2.2,29.7,3.3,4.1,81.6,0.3,2.0,2.3,4.1,0.7,0.0,1.0,11.9
G,81,Gerald Wallace,70,30.7,11.1,4.1,9.1,44.9,0.2,0.9,27.4,2.7,4.1,66.1,1.7,3.8,5.5,2.0,1.7,1.3,2.3,12.9
F-C,82,Raef LaFrentz,80,27.5,11.1,4.3,8.6,49.6,1.0,2.8,36.4,1.5,1.9,81.1,1.9,5.0,6.9,1.2,0.5,1.2,0.9,15.4
G,83,Joe Smith,74,30.6,11.0,4.3,8.4,51.4,0.0,0.0,0.0,2.4,3.1,76.8,2.4,4.9,7.3,0.9,0.6,0.5,1.1,14.4
F,84,Udonis Haslem,80,33.4,10.9,4.3,8.0,54.0,0.0,0.1,0.0,2.2,2.8,79.1,3.0,6.1,9.1,1.4,0.8,0.5,1.4,16.9
C,85,P.J. Brown,82,34.4,10.8,4.1,9.2,44.6,0.0,0.0,0.0,2.6,3.0,86.4,3.2,5.7,9.0,2.2,0.9,0.6,1.2,16.7
C,86,Fred Jones,77,29.5,10.6,3.6,8.4,42.5,1.1,3.0,38.0,2.3,2.7,85.0,0.4,2.7,3.1,2.5,0.8,0.4,1.5,10.7
G-F,87,Corliss Williamson,72,21.2,10.3,3.8,8.1,46.7,0.0,0.0,0.0,2.7,3.4,79.9,1.4,2.2,3.6,1.1,0.5,0.2,1.2,9.5
F,88,JR Smith,76,24.4,10.3,3.9,9.8,39.4,1.1,3.7,28.8,1.5,2.1,68.9,0.5,1.5,2.0,1.9,0.7,0.1,1.4,7.0
G,89,Mo Williams,80,28.2,10.2,4.0,9.2,43.8,0.4,1.2,32.3,1.7,2.0,85.0,0.6,2.4,3.1,6.1,0.9,0.1,2.5,12.4
C,90,Jason Williams,71,27.5,10.1,3.7,9.1,41.3,1.5,4.6,32.4,1.1,1.4,79.2,0.3,1.5,1.7,5.6,1.1,0.1,1.8,11.1
G,91,Josh Childress,80,29.7,10.1,3.8,8.0,47.0,0.2,0.7,23.2,2.4,2.9,82.3,2.4,3.6,6.0,1.9,0.9,0.4,1.3,13.3
F-G,92,Luke Ridnour,82,31.4,10.0,3.6,9.0,40.5,0.8,2.2,37.6,1.9,2.2,88.3,0.7,1.8,2.5,5.9,1.1,0.3,1.8,12.4
G,93,Nenad Krstic,75,26.2,10.0,3.7,7.6,49.3,0.0,0.0,0.0,2.5,3.4,72.5,2.1,3.2,5.3,1.0,0.4,0.8,1.5,11.3
F-C,94,Shane Battier,80,31.5,9.9,3.4,7.7,44.2,0.9,2.2,39.5,2.3,2.9,78.9,2.0,3.2,5.2,1.6,1.1,1.0,0.9,12.9
F,95,Chris Mihm,75,24.9,9.8,3.7,7.4,50.7,0.0,0.0,0.0,2.3,3.4,67.8,2.6,4.1,6.7,0.7,0.2,1.4,1.5,12.6
G,96,Ben Wallace,74,36.1,9.7,4.0,8.8,45.3,0.0,0.1,11.1,1.8,4.1,42.8,3.9,8.2,12.2,1.7,1.4,2.4,1.1,19.1
G-F,97,Josh Smith,74,27.7,9.7,3.7,8.1,45.5,0.1,0.3,17.4,2.2,3.2,68.8,2.0,4.2,6.2,1.7,0.8,1.9,1.8,13.0
C,98,Keith Bogans,74,24.2,9.6,3.5,9.3,38.1,0.8,2.3,32.9,1.8,2.5,72.7,1.0,2.0,3.1,1.8,0.9,0.1,1.6,7.5
G-F,99,Lorenzen Wright,80,28.6,9.6,4.0,8.5,46.9,0.0,0.0,0.0,1.6,2.5,66.2,2.2,5.5,7.7,1.1,0.7,0.9,1.3,13.4
C-F,100,Antonio McDyess,77,23.3,9.6,4.0,7.8,51.3,0.0,0.0,0.0,1.6,2.5,65.6,2.3,4.0,6.3,0.9,0.6,0.7,1.2,12.2
G,101,Jason Hart,74,25.5,9.5,3.5,7.7,44.9,0.5,1.3,36.8,2.1,2.7,78.5,0.2,2.5,2.7,5.0,1.3,0.2,1.4,12.5
C,102,Nazr Mohammed,77,25.1,9.5,3.8,7.8,48.0,0.0,0.0,0.0,2.0,2.9,67.4,3.2,4.4,7.6,0.4,0.8,1.1,1.4,13.0
F,103,Mark Blount,82,26.0,9.4,4.0,7.5,52.9,0.0,0.0,0.0,1.4,2.0,71.3,1.7,3.1,4.8,1.6,0.4,0.8,1.9,11.0
F,104,Andre Iguodala,82,32.8,9.0,3.3,6.7,49.3,0.6,1.7,33.1,1.9,2.6,74.3,1.1,4.6,5.7,3.0,1.7,0.6,1.7,14.2
F-G,105,Austin Croshere,73,25.1,8.9,2.6,6.8,37.8,0.6,2.4,25.9,3.1,3.5,88.3,1.4,3.7,5.1,1.3,0.7,0.2,1.4,10.2
G,106,Gordan Giricek,81,20.5,8.8,3.5,7.8,44.8,0.5,1.3,36.2,1.4,1.7,81.0,0.3,1.9,2.2,1.7,0.6,0.1,1.1,7.7
G,107,Troy Hudson,79,21.9,8.7,3.4,8.4,40.1,1.1,3.3,34.5,0.9,1.1,77.8,0.2,1.1,1.3,3.6,0.3,0.1,1.4,7.4
C-F,108,Jameer Nelson,79,20.4,8.7,3.6,7.9,45.5,0.6,1.8,31.2,0.9,1.4,68.2,0.7,1.8,2.4,3.0,1.0,0.0,1.5,8.9
G,109,Jason Kapono,81,18.4,8.5,3.3,8.3,40.1,1.0,2.4,41.2,0.9,1.0,82.4,0.4,1.6,2.0,0.8,0.5,0.1,0.6,6.1
G,110,Michael Sweetney,77,19.6,8.4,3.1,5.8,53.1,0.0,0.0,0.0,2.3,3.1,74.9,2.2,3.2,5.4,0.6,0.4,0.4,1.4,10.3
G-F,111,Predrag Drobnjak,71,20.2,8.4,3.4,7.6,43.8,0.4,1.0,35.2,1.4,1.7,80.0,1.0,2.3,3.4,0.7,0.6,0.3,1.1,7.6
F,112,Andres Nocioni,81,23.4,8.4,3.0,7.4,40.1,0.3,1.2,25.8,2.1,2.7,76.6,0.9,3.9,4.8,1.5,0.5,0.4,1.7,8.8
F-C,113,Bruce Bowen,82,32.0,8.2,3.1,7.3,42.0,1.2,3.1,40.3,0.9,1.4,63.4,0.6,2.9,3.5,1.5,0.7,0.5,0.7,9.0
F,114,Samuel Dalembert,72,24.8,8.2,3.5,6.6,52.4,0.0,0.0,0.0,1.2,2.1,60.1,2.6,4.9,7.5,0.5,0.6,1.7,1.6,13.0
G,115,Othella Harrington,70,18.2,8.0,3.1,6.1,51.2,0.0,0.0,0.0,1.8,2.5,71.8,1.5,2.7,4.2,0.8,0.3,0.3,1.2,8.7
G-F,116,Tyson Chandler,80,27.4,8.0,2.6,5.2,49.4,0.0,0.0,0.0,2.8,4.2,67.3,3.3,6.4,9.7,0.8,0.9,1.8,1.5,15.6
G,117,Earl Watson,80,22.6,7.7,3.0,6.9,42.6,0.7,2.0,31.9,1.1,1.7,65.9,0.4,1.6,2.1,4.5,1.0,0.2,2.1,8.9
F-C,118,Jumaine Jones,76,24.1,7.6,2.8,6.4,43.2,1.3,3.4,39.1,0.7,1.0,73.3,1.4,3.8,5.2,0.9,0.6,0.3,0.6,10.0
F,119,Eddie Griffin,70,21.3,7.5,2.9,7.5,38.7,1.0,2.9,32.8,0.8,1.1,71.8,1.8,4.6,6.5,0.8,0.3,1.7,0.8,11.1
F,120,Clifford Robinson,71,23.8,7.5,2.8,7.4,38.6,0.9,2.7,34.7,0.9,1.4,63.9,0.8,2.2,2.9,1.5,0.9,0.7,0.9,7.6
F,121,Darius Songaila,81,20.6,7.5,3.2,6.0,52.7,0.0,0.0,0.0,1.2,1.4,84.7,1.5,2.7,4.2,1.4,0.6,0.2,0.9,10.1
G,122,Brent Barry,81,21.5,7.4,2.4,5.7,42.3,1.2,3.5,35.7,1.4,1.7,83.7,0.4,2.0,2.3,2.2,0.5,0.2,0.8,8.4
F-C,123,Dan Gadzuric,81,22.0,7.3,3.0,5.6,53.9,0.0,0.0,0.0,1.3,2.5,53.8,3.2,5.1,8.3,0.4,0.6,1.3,1.0,13.2
G,124,Melvin Ely,79,20.9,7.3,2.9,6.7,43.2,0.0,0.0,0.0,1.5,2.7,57.5,1.8,2.3,4.1,1.0,0.4,0.9,1.5,7.3
F-G,125,Matt Bonner,82,19.0,7.2,3.0,5.6,53.3,0.5,1.1,42.4,0.7,0.9,78.9,1.3,2.2,3.5,0.6,0.5,0.2,0.5,8.6
F,126,DerMarr Johnson,71,17.4,7.1,2.6,5.2,49.9,0.7,2.1,35.8,1.1,1.4,79.2,0.6,1.5,2.1,1.1,0.6,0.3,0.9,7.3
F-G,127,Malik Rose,76,19.4,7.0,2.6,5.8,44.9,0.0,0.1,10.0,1.8,2.4,73.7,1.7,2.8,4.5,0.8,0.6,0.2,1.3,7.9
F-C,128,Antonio Davis,72,25.6,7.0,2.7,5.8,46.1,0.0,0.0,0.0,1.6,2.1,75.7,2.1,3.8,5.9,1.1,0.4,0.6,1.3,10.0
G,129,Bostjan Nachbar,71,18.9,7.0,2.3,5.8,39.2,1.1,2.8,38.3,1.4,1.6,82.9,0.3,2.2,2.6,1.0,0.4,0.2,1.0,6.4
G,130,Jared Jeffries,77,26.1,6.8,2.6,5.6,46.8,0.2,0.7,31.4,1.3,2.2,58.4,2.0,2.9,4.9,2.0,0.9,0.5,1.5,9.5
G,131,Travis Best,76,19.2,6.8,2.5,5.9,42.0,0.3,1.1,30.6,1.4,1.6,88.5,0.3,1.2,1.4,1.9,0.9,0.1,0.9,6.5
F,132,Al Jefferson,71,14.8,6.7,2.7,5.2,52.8,0.0,0.0,0.0,1.2,1.9,63.0,1.7,2.7,4.4,0.3,0.3,0.8,0.9,8.4
C,133,Trenton Hassell,82,25.2,6.6,2.7,5.8,47.4,0.0,0.1,9.1,1.1,1.4,78.9,1.0,1.7,2.7,1.6,0.4,0.4,0.8,7.4
G,134,Carlos Arroyo,70,10.1,6.6,2.4,6.1,38.9,0.1,0.4,26.7,1.7,2.1,79.9,0.4,1.1,1.5,4.0,0.6,0.1,1.5,7.1
F,135,Casey Jacobsen,84,21.5,6.5,2.0,4.9,40.4,0.8,2.1,37.3,1.8,2.3,78.6,0.4,1.6,2.0,1.3,0.4,0.1,0.8,6.1
G,136,Jiri Welsch,71,18.6,6.5,2.1,5.2,40.2,0.5,1.5,30.9,1.8,2.4,76.3,0.4,2.0,2.4,1.5,0.6,0.1,1.0,6.3
F-G,137,Joel Przybilla,76,24.4,6.4,2.6,4.4,59.8,0.0,0.0,0.0,1.2,2.3,51.7,2.3,5.4,7.7,1.0,0.3,2.1,1.3,13.4
C,138,Tony Allen,77,16.4,6.4,2.4,5.0,47.5,0.2,0.4,38.7,1.5,2.0,73.7,1.1,1.8,2.9,0.8,1.0,0.3,1.0,7.2
F,139,Jason Collins,80,31.8,6.4,2.3,5.6,41.2,0.0,0.1,33.3,1.7,2.6,65.6,1.9,4.2,6.1,1.3,0.9,0.9,1.1,10.2
F,140,Brian Cook,72,15.1,6.4,2.4,5.9,41.7,1.1,2.8,39.2,0.4,0.5,75.7,0.9,2.1,3.0,0.5,0.3,0.4,0.4,6.6
F-G,141,Zaza Pachulia,74,18.9,6.2,2.2,4.8,45.2,0.0,0.0,0.0,1.9,2.5,74.6,1.8,3.3,5.1,0.8,0.6,0.5,0.9,9.0
F,142,Greg Buckner,70,21.7,6.2,2.3,4.3,52.8,0.7,1.7,40.5,0.9,1.2,77.8,0.9,2.0,3.0,1.9,1.1,0.1,0.7,9.2
F,143,Robert Horry,75,18.6,6.0,2.1,5.0,41.9,0.7,1.8,37.0,1.1,1.5,78.9,1.2,2.4,3.6,1.1,0.9,0.8,0.9,8.2
F,144,Chris Duhon,82,26.6,5.9,2.1,6.0,35.2,1.1,3.2,35.5,0.6,0.8,73.1,0.3,2.3,2.6,4.9,1.0,0.0,1.5,8.9
G,145,Ira Newble,74,24.8,5.9,2.5,5.7,42.9,0.3,0.7,35.8,0.7,0.9,79.7,1.1,1.9,3.0,1.2,0.7,0.2,0.8,6.8
G,146,Beno Udrih,80,14.4,5.9,2.2,4.9,44.4,0.7,1.8,40.8,0.8,1.1,75.3,0.2,0.8,1.0,1.9,0.5,0.1,1.0,5.5
F,147,Rasho Nesterovic,70,25.5,5.9,2.8,6.1,46.0,0.0,0.0,0.0,0.2,0.4,46.7,2.6,3.9,6.6,1.0,0.4,1.7,1.0,11.0
G,148,Trevor Ariza,80,17.3,5.9,2.2,4.9,44.2,0.0,0.2,23.1,1.5,2.2,69.5,1.1,1.9,3.0,1.1,0.9,0.2,0.9,6.8
G,149,Milt Palacio,80,19.2,5.8,2.2,4.9,44.6,0.0,0.2,16.7,1.4,1.9,74.2,0.3,1.4,1.7,3.5,0.6,0.2,1.3,7.3
C,150,Fred Hoiberg,76,16.7,5.8,1.8,3.7,48.9,0.9,1.9,48.3,1.2,1.3,87.3,0.4,2.0,2.4,1.1,0.7,0.2,0.3,7.8
F,151,Jason Collier,70,13.5,5.7,2.5,5.4,46.3,0.1,0.2,42.9,0.7,1.0,67.6,1.2,1.4,2.6,0.3,0.2,0.2,0.9,4.9
F,152,Devin Harris,76,15.4,5.7,2.1,4.8,42.9,0.6,1.7,33.6,1.0,1.4,75.7,0.4,1.0,1.3,2.2,1.0,0.3,1.1,6.4
F,153,Nick Collison,82,17.0,5.6,2.3,4.3,53.7,0.0,0.0,0.0,1.0,1.4,70.3,1.9,2.7,4.6,0.4,0.4,0.6,0.8,8.5
F-C,154,Howard Eisley,74,19.4,5.6,2.2,5.5,39.8,0.4,1.4,26.2,0.9,1.1,79.5,0.2,1.0,1.2,3.4,0.6,0.1,1.5,5.9
G,155,Robert Traylor,74,17.9,5.5,2.4,5.4,44.4,0.0,0.1,0.0,0.7,1.4,53.9,1.8,2.6,4.5,0.8,0.7,0.7,1.0,7.6
G,156,Rick Brunson,80,24.3,5.5,2.1,5.5,37.6,0.6,1.6,36.9,0.7,0.9,77.0,0.3,2.1,2.3,5.1,1.0,0.1,1.6,8.8
F,157,Mikki Moore,74,15.9,5.4,1.9,3.9,50.2,0.0,0.1,20.0,1.4,1.8,78.7,1.3,2.0,3.3,0.6,0.3,0.4,0.9,6.8
G,158,Jacque Vaughn,71,19.9,5.3,2.1,4.6,44.9,0.1,0.2,33.3,1.1,1.3,83.5,0.2,1.3,1.5,1.9,0.6,0.0,0.9,5.6
G-F,159,Keyon Dooling,74,16.0,5.2,1.9,4.7,40.3,0.3,1.0,25.3,1.1,1.5,78.0,0.1,1.1,1.2,1.8,0.5,0.1,0.9,4.9
C,160,Quinton Ross,78,21.2,5.1,2.1,4.8,43.2,0.0,0.1,25.0,0.9,1.4,67.3,0.8,1.9,2.7,1.4,0.7,0.3,0.7,6.2
C-F,161,James Jones,75,17.7,4.9,1.7,4.2,39.6,0.9,2.2,39.8,0.7,0.8,85.5,0.5,1.8,2.3,0.8,0.4,0.4,0.6,5.6
G,162,Jerome James,80,16.6,4.9,2.2,4.3,50.9,0.0,0.0,0.0,0.6,0.8,72.3,1.0,2.0,3.0,0.2,0.3,1.4,1.1,6.4
F-G,163,Reggie Evans,79,23.8,4.9,1.7,3.5,47.6,0.0,0.0,0.0,1.6,3.0,53.4,3.2,6.1,9.3,0.7,0.7,0.2,1.3,11.4
C,164,Tony Battie,81,23.4,4.9,2.0,4.4,46.0,0.0,0.1,0.0,0.8,1.2,72.3,1.3,4.2,5.6,0.5,0.4,1.0,1.0,8.7
G-F,165,Marcus Banks,81,14.1,4.6,1.4,3.5,40.2,0.3,0.7,35.6,1.5,2.0,74.2,0.4,1.2,1.6,1.9,0.8,0.2,1.0,5.4
F,166,Steven Hunter,76,13.8,4.6,1.8,2.9,61.4,0.0,0.0,0.0,1.0,2.1,47.9,1.3,1.7,3.0,0.2,0.1,1.3,0.6,6.3
G,167,Pat Garrity,71,13.4,4.6,1.7,4.3,40.2,0.7,2.1,33.3,0.4,0.5,87.9,0.3,1.5,1.7,0.4,0.3,0.1,0.4,4.1
F-G,168,Jerome Williams,79,15.3,4.5,1.5,3.1,50.2,0.0,0.1,0.0,1.5,2.2,66.9,1.5,2.1,3.6,0.5,0.7,0.1,0.8,6.4
C,169,Adonal Foyle,78,21.8,4.5,2.0,4.0,50.2,0.0,0.0,0.0,0.5,0.9,55.6,2.1,3.4,5.5,0.7,0.3,2.0,0.7,10.0
G,170,Bryon Russell,70,14.6,4.4,1.4,3.6,37.7,0.8,2.1,37.6,0.9,1.1,79.2,0.7,1.7,2.5,1.0,0.6,0.2,0.5,5.7
G,171,Tierre Brown,76,14.0,4.4,1.6,4.6,35.6,0.3,0.9,36.1,0.8,1.0,78.7,0.3,0.9,1.2,2.0,0.4,0.0,1.0,3.9
G,172,Lucious Harris,73,15.4,4.3,1.6,4.1,39.5,0.3,0.9,32.3,0.8,0.9,81.2,0.5,1.1,1.7,0.7,0.4,0.1,0.4,4.0
G,173,Dikembe Mutombo,80,15.1,4.0,1.4,2.7,49.8,0.0,0.0,0.0,1.3,1.8,74.1,1.9,3.5,5.3,0.1,0.2,1.3,0.6,8.5
F,174,Michael Doleac,80,14.7,4.0,1.9,4.1,44.7,0.0,0.0,0.0,0.3,0.5,61.0,0.9,2.3,3.2,0.6,0.3,0.3,0.5,5.5
F,175,Eric Snow,81,22.7,4.0,1.5,4.0,38.2,0.2,0.6,28.9,0.7,1.0,73.8,0.5,1.5,1.9,3.9,0.8,0.2,1.1,7.0
G,176,Lindsey Hunter,76,15.0,3.8,1.4,4.0,35.8,0.3,1.1,27.4,0.6,0.8,79.3,0.5,1.1,1.6,1.7,0.9,0.2,0.9,4.5
F,177,Eddie Gill,73,14.0,3.7,1.1,3.3,33.5,0.5,1.6,30.8,1.0,1.1,87.7,0.2,1.3,1.5,1.1,0.8,0.1,0.8,4.1
F,178,Walter McCarty,72,12.6,3.6,1.3,3.3,40.4,0.8,2.2,35.5,0.2,0.4,51.7,0.4,1.5,1.9,0.5,0.3,0.2,0.5,4.0
F,179,Alan Henderson,78,15.4,3.5,1.5,2.8,52.7,0.0,0.0,0.0,0.5,1.0,53.9,2.1,2.4,4.5,0.3,0.4,0.5,0.6,6.7
F,180,Shawn Bradley,77,11.5,2.7,1.1,2.4,45.2,0.0,0.0,0.0,0.6,0.8,68.3,0.9,1.9,2.8,0.2,0.3,0.8,0.4,4.8
F,181,Michael Ruffin,79,16.0,1.4,0.5,1.3,41.4,0.0,0.0,0.0,0.4,0.8,43.3,2.0,2.2,4.2,0.8,0.5,0.5,0.6,5.7
