pos,#,player,gp,min,pts,fgm,fga,fg%,3pm,3pa,3p%,ftm,fta,ft%,oreb,dreb,reb,ast,stl,blk,tov,eff
G,1,LeBron James,75,40.4,30.0,10.6,21.9,48.4,1.5,4.8,31.5,7.3,10.3,71.2,1.8,6.1,7.9,7.2,1.8,1.1,3.4,30.3
F-C,2,Kobe Bryant,82,38.9,28.3,9.5,20.6,45.9,1.8,5.1,36.1,7.6,9.0,84.0,1.1,5.2,6.3,5.4,1.8,0.5,3.1,26.6
F-G,3,Allen Iverson,82,41.8,26.4,8.7,19.0,45.8,1.2,3.4,34.5,7.9,9.7,80.9,0.6,2.4,3.0,7.1,2.0,0.1,3.0,23.5
F,4,Carmelo Anthony,77,36.4,25.7,9.5,19.2,49.2,0.8,2.1,35.4,6.0,7.7,78.6,2.3,5.1,7.4,3.4,1.3,0.5,3.3,23.5
G,5,Amar'e Stoudemire,79,33.9,25.2,9.0,15.3,59.0,0.1,0.4,16.1,7.0,8.7,80.5,2.3,6.8,9.1,1.5,0.8,2.1,2.2,28.4
F,6,Kevin Martin,61,36.3,23.7,6.8,15.0,45.6,1.8,4.4,40.2,8.2,9.5,86.9,0.8,3.7,4.5,2.1,1.0,0.1,2.1,19.8
G,7,Dirk Nowitzki,77,36.0,23.6,8.2,17.1,47.9,1.0,2.9,35.9,6.2,7.1,87.9,1.2,7.3,8.6,3.5,0.7,0.9,2.1,25.4
G,8,Michael Redd,72,37.5,22.7,7.6,17.3,44.2,1.8,5.0,36.2,5.6,6.8,82.0,1.2,3.1,4.3,3.4,0.9,0.2,2.5,18.1
F,9,Richard Jefferson,82,39.0,22.6,7.5,16.2,46.6,0.9,2.6,36.2,6.6,8.3,79.8,1.1,3.0,4.2,3.1,0.9,0.3,2.4,18.3
G,10,Chris Bosh,67,36.2,22.3,7.6,15.3,49.4,0.1,0.4,40.0,7.0,8.3,84.4,2.6,6.1,8.7,2.6,0.9,1.0,2.3,24.2
G,11,Corey Maggette,70,35.7,22.1,6.5,14.3,45.8,1.1,2.9,38.4,7.9,9.7,81.2,1.1,4.5,5.6,2.7,1.0,0.1,2.8,19.2
C,12,Baron Davis,82,39.0,21.8,7.9,18.6,42.6,2.1,6.4,33.0,3.9,5.2,75.0,1.2,3.5,4.7,7.6,2.3,0.5,2.8,22.2
G,13,Jason Richardson,82,38.4,21.8,7.9,17.9,44.1,3.0,7.3,40.6,3.0,4.0,75.2,1.0,4.4,5.4,3.1,1.4,0.7,2.0,19.4
G,14,Joe Johnson,82,40.8,21.7,7.9,18.3,43.2,2.1,5.4,38.1,3.9,4.6,83.4,1.0,3.5,4.5,5.8,1.0,0.2,2.7,19.3
G,15,Tracy McGrady,66,37.0,21.6,8.3,19.8,41.9,1.3,4.5,29.2,3.7,5.4,68.4,0.6,4.5,5.1,5.9,1.0,0.5,2.4,18.5
G,16,Antawn Jamison,79,38.7,21.4,7.8,17.9,43.6,1.5,4.5,33.9,4.2,5.5,76.0,2.7,7.5,10.2,1.5,1.3,0.4,1.4,22.0
F,17,Vince Carter,76,38.9,21.3,7.7,16.9,45.6,1.3,3.6,35.9,4.6,5.6,81.6,1.5,4.5,6.0,5.1,1.2,0.4,2.4,21.4
F,18,Carlos Boozer,81,34.9,21.1,8.8,16.0,54.7,0.0,0.0,0.0,3.6,4.9,73.8,2.4,8.0,10.4,2.9,1.2,0.5,2.6,25.0
G,19,Chris Paul,80,37.6,21.1,7.9,16.1,48.8,1.2,3.1,36.9,4.2,4.9,85.1,0.8,3.2,4.0,11.6,2.7,0.1,2.5,27.9
C,20,Al Jefferson,82,35.6,21.0,8.8,17.6,50.0,0.0,0.1,0.0,3.5,4.8,72.1,3.8,7.4,11.1,1.4,0.9,1.5,2.0,23.8
G,21,Dwight Howard,82,37.7,20.7,7.1,11.9,59.9,0.0,0.0,0.0,6.5,10.9,59.0,3.4,10.8,14.2,1.3,0.9,2.1,3.2,26.8
F,22,David West,76,37.8,20.6,8.3,17.2,48.2,0.1,0.3,24.0,3.9,4.6,85.0,2.4,6.5,8.9,2.3,0.8,1.3,2.2,22.1
G,23,Jamal Crawford,80,39.9,20.6,7.1,17.4,41.0,2.2,6.2,35.6,4.1,4.8,86.4,0.5,2.1,2.6,5.0,1.0,0.2,2.4,16.0
F,24,Kevin Durant,80,34.6,20.3,7.3,17.1,43.0,0.7,2.6,28.8,4.9,5.6,87.3,0.9,3.5,4.4,2.4,1.0,0.9,2.9,15.6
G,25,Monta Ellis,81,37.9,20.2,8.0,15.1,53.1,0.1,0.6,23.1,4.0,5.1,76.7,1.6,3.3,5.0,3.9,1.5,0.3,2.1,20.5
G,26,Rudy Gay,81,37.0,20.1,7.7,16.7,46.1,1.7,4.8,34.6,3.1,3.9,78.5,1.7,4.4,6.2,2.0,1.4,1.0,2.3,18.4
F,27,Stephen Jackson,73,39.1,20.1,6.7,16.5,40.5,2.5,6.9,36.3,4.2,5.1,83.2,0.9,3.4,4.4,4.1,1.3,0.4,2.7,16.8
G,28,Josh Howard,76,36.3,19.9,7.5,16.4,45.5,0.9,2.8,31.9,4.1,5.1,81.3,1.6,5.4,7.0,2.2,0.8,0.4,1.5,18.9
F,29,Andre Iguodala,82,39.5,19.9,7.1,15.6,45.6,1.2,3.7,32.9,4.5,6.2,72.1,1.0,4.4,5.4,4.8,2.1,0.6,2.6,20.0
C,30,Paul Pierce,80,35.9,19.6,6.4,13.7,46.4,1.8,4.6,39.2,5.1,6.1,84.3,0.7,4.5,5.1,4.5,1.3,0.5,2.8,19.9
G,31,Danny Granger,80,36.0,19.6,6.7,15.1,44.6,2.1,5.3,40.4,4.0,4.7,85.2,1.2,4.9,6.1,2.1,1.2,1.1,2.1,18.8
G,32,Hedo Turkoglu,82,36.9,19.5,6.8,14.9,45.6,2.0,5.1,40.0,4.0,4.8,82.9,1.0,4.7,5.7,5.0,0.9,0.3,3.0,19.6
G-F,33,Manu Ginobili,74,31.1,19.5,6.1,13.3,46.0,2.1,5.3,40.1,5.1,6.0,86.0,0.9,3.9,4.8,4.5,1.5,0.4,2.7,20.0
F,34,Tim Duncan,78,34.0,19.3,7.5,15.1,49.7,0.0,0.1,0.0,4.3,5.9,73.0,3.0,8.3,11.3,2.8,0.7,1.9,2.3,24.6
F,35,Brandon Roy,74,37.7,19.1,7.2,15.8,45.4,1.0,2.9,34.0,3.8,5.0,75.3,1.1,3.6,4.7,5.8,1.1,0.2,1.8,19.2
C-F,36,Mike Dunleavy,82,36.0,19.1,6.5,13.6,47.6,2.0,4.7,42.4,4.1,4.9,83.4,0.7,4.5,5.2,3.5,1.0,0.4,2.3,18.9
G,37,Deron Williams,82,37.3,18.8,6.9,13.6,50.7,1.0,2.6,39.5,4.0,5.0,80.3,0.4,2.5,3.0,10.5,1.1,0.3,3.4,22.6
F-G,38,Kevin Garnett,71,32.8,18.8,7.5,13.9,53.9,0.0,0.2,0.0,3.8,4.7,80.1,1.9,7.3,9.2,3.4,1.4,1.3,1.9,24.8
G,39,Ben Gordon,72,31.8,18.6,6.4,14.8,43.4,2.0,4.8,41.0,3.7,4.1,90.8,0.6,2.5,3.1,3.0,0.8,0.1,2.1,14.6
C,40,Rashard Lewis,81,38.0,18.2,6.4,14.0,45.5,2.8,6.8,40.9,2.7,3.2,83.8,1.2,4.2,5.4,2.4,1.2,0.5,1.7,17.8
G-F,41,LaMarcus Aldridge,76,34.9,17.8,7.4,15.3,48.4,0.0,0.1,14.3,3.0,3.9,76.2,2.9,4.7,7.6,1.6,0.7,1.2,1.7,18.5
G,42,Ray Allen,73,35.9,17.4,6.0,13.5,44.5,2.5,6.2,39.8,2.9,3.2,90.7,1.0,2.6,3.7,3.1,0.9,0.2,1.7,15.8
C,43,Richard Hamilton,72,33.7,17.3,6.9,14.3,48.4,0.9,2.0,44.0,2.6,3.1,83.3,1.0,2.2,3.3,4.2,1.0,0.1,1.8,16.1
F-C,44,Josh Smith,81,35.5,17.2,6.4,14.0,45.7,0.3,1.2,25.3,4.1,5.8,71.0,2.0,6.2,8.2,3.4,1.5,2.8,3.0,20.8
F,45,Andre Miller,82,36.8,17.0,6.9,14.1,49.2,0.0,0.4,8.8,3.1,4.1,77.2,1.2,2.8,4.0,6.9,1.3,0.1,2.5,18.6
F,46,Chauncey Billups,78,32.3,17.0,5.0,11.2,44.8,1.8,4.4,40.1,5.1,5.6,91.8,0.5,2.2,2.7,6.8,1.3,0.2,2.1,19.3
G,47,Steve Nash,81,34.3,16.9,6.0,11.9,50.4,2.2,4.7,47.0,2.7,3.0,90.6,0.3,3.1,3.5,11.1,0.7,0.1,3.6,22.4
F-G,48,Peja Stojakovic,77,35.2,16.4,5.9,13.3,44.0,3.0,6.8,44.1,1.7,1.8,92.9,0.8,3.5,4.3,1.2,0.7,0.1,0.8,14.4
G-F,49,Mike Miller,70,35.3,16.4,5.9,11.8,50.2,2.2,5.1,43.2,2.3,3.0,77.4,0.7,5.9,6.7,3.4,0.5,0.2,2.6,18.1
F-G,50,Leandro Barbosa,82,29.5,15.6,5.8,12.5,46.2,2.0,5.1,38.9,2.1,2.6,82.2,0.5,2.3,2.8,2.6,0.9,0.2,1.4,13.6
G,51,Jason Terry,82,31.5,15.5,5.7,12.3,46.7,1.7,4.4,37.5,2.3,2.7,85.7,0.4,2.2,2.5,3.2,1.1,0.2,1.1,14.5
G,52,Rashad McCants,75,26.9,14.9,5.7,12.6,45.3,1.9,4.7,40.7,1.5,2.1,74.8,0.7,2.1,2.7,2.2,0.9,0.2,2.3,11.2
F,53,Marvin Williams,80,34.6,14.8,5.3,11.5,46.2,0.0,0.1,10.0,4.2,5.1,82.2,1.5,4.2,5.7,1.7,1.0,0.4,1.6,15.0
C,54,Mehmet Okur,72,33.2,14.5,5.2,11.7,44.5,1.6,4.1,38.8,2.6,3.2,80.4,1.8,5.9,7.7,2.0,0.8,0.4,1.4,16.9
F,55,Raymond Felton,79,37.6,14.4,5.2,12.6,41.3,0.7,2.5,28.0,3.3,4.1,80.0,0.5,2.5,3.0,7.4,1.2,0.2,2.7,15.2
G,56,Andrew Bogut,78,34.9,14.3,6.0,11.7,51.1,0.0,0.1,0.0,2.4,4.1,58.7,3.1,6.6,9.8,2.6,0.8,1.7,2.2,19.6
G-F,57,Lamar Odom,77,37.9,14.2,5.4,10.3,52.5,0.4,1.5,27.4,3.0,4.3,69.8,2.6,8.1,10.6,3.5,1.0,0.9,2.0,22.1
F,58,Zydrunas Ilgauskas,73,30.4,14.1,5.7,12.0,47.4,0.0,0.0,0.0,2.7,3.3,80.2,3.6,5.7,9.3,1.4,0.5,1.6,1.8,18.1
F,59,Emeka Okafor,82,33.1,13.8,5.6,10.5,53.5,0.0,0.0,0.0,2.6,4.6,57.0,3.1,7.6,10.7,0.9,0.8,1.7,2.0,19.0
C,60,Ricky Davis,82,36.1,13.8,5.1,11.8,43.3,1.6,4.1,40.5,1.9,2.4,78.7,0.7,3.6,4.3,3.4,1.1,0.2,2.3,13.1
F,61,Al Harrington,81,27.0,13.6,5.0,11.4,43.4,1.9,5.0,37.5,1.8,2.3,77.4,1.3,4.1,5.4,1.6,0.9,0.2,1.1,13.7
G,62,Brad Miller,72,34.9,13.4,4.7,10.1,46.3,0.4,1.3,31.1,3.6,4.3,84.8,2.3,7.1,9.5,3.7,1.0,1.0,2.3,20.1
F,63,Travis Outlaw,82,26.7,13.3,5.1,11.8,43.3,0.5,1.2,39.6,2.7,3.6,74.1,1.2,3.4,4.6,1.3,0.7,0.8,1.3,11.8
F,64,Andres Nocioni,82,24.6,13.2,4.6,10.7,43.2,1.5,4.2,36.4,2.4,3.0,80.7,0.6,3.6,4.2,1.2,0.3,0.5,1.6,11.1
C,64,Tayshaun Prince,82,32.9,13.2,5.1,11.5,44.8,0.6,1.8,36.3,2.3,2.9,76.8,1.3,3.5,4.9,3.3,0.5,0.4,1.1,14.1
G,66,Grant Hill,70,31.7,13.1,5.1,10.2,50.3,0.5,1.5,31.7,2.4,2.8,86.7,1.1,4.0,5.0,2.9,0.9,0.8,1.4,16.0
F,67,Rafer Alston,74,34.1,13.1,4.9,12.5,39.4,1.9,5.5,35.1,1.3,1.9,71.5,0.4,3.1,3.5,5.3,1.3,0.2,2.2,13.2
C,68,Cuttino Mobley,77,35.1,12.8,4.9,11.3,43.3,0.9,2.5,34.9,2.1,2.6,81.9,0.6,2.9,3.6,2.6,1.0,0.4,1.6,12.0
F,69,Al Thornton,79,27.3,12.7,4.7,11.0,42.9,0.5,1.6,33.1,2.7,3.6,74.3,1.2,3.3,4.5,1.2,0.6,0.5,1.6,10.8
C,70,Rasheed Wallace,77,30.5,12.7,4.9,11.3,43.2,1.5,4.1,35.6,1.5,1.9,76.7,1.1,5.5,6.6,1.8,1.2,1.7,1.1,16.0
G,71,Nate Robinson,72,26.2,12.7,4.6,10.9,42.3,1.3,4.1,33.2,2.1,2.7,78.6,0.7,2.4,3.1,2.9,0.8,0.0,1.4,11.3
G,72,Ryan Gomes,82,29.7,12.6,4.8,10.5,45.7,0.7,2.2,33.0,2.3,2.8,83.0,1.6,4.2,5.8,1.8,0.8,0.1,1.2,13.8
F,73,John Salmons,81,31.1,12.5,4.7,9.9,47.7,0.5,1.5,32.5,2.6,3.2,82.3,0.9,3.4,4.3,2.6,1.1,0.4,2.1,13.1
F,74,Anthony Parker,82,32.1,12.5,4.8,10.1,47.6,1.6,3.7,43.8,1.2,1.5,81.6,0.6,3.5,4.1,2.2,1.0,0.2,1.1,13.3
F,75,Willie Green,74,26.6,12.4,5.1,11.8,43.6,0.7,2.4,28.5,1.5,2.0,75.7,0.4,2.0,2.5,2.0,0.7,0.3,1.5,9.4
G-F,76,Kenyon Martin,71,30.4,12.4,5.3,9.8,53.8,0.0,0.2,18.2,1.7,3.0,58.0,1.5,5.0,6.5,1.3,1.2,1.2,1.3,15.5
G-F,77,Francisco Garcia,79,26.5,12.3,4.4,9.5,46.3,1.4,3.7,39.1,2.1,2.6,77.9,0.7,2.7,3.3,1.6,1.2,0.6,1.6,11.8
G,78,JR Smith,74,19.2,12.3,4.2,9.1,46.1,2.1,5.3,40.3,1.7,2.4,71.9,0.6,1.5,2.1,1.7,0.8,0.2,1.5,9.9
F,79,Troy Murphy,75,28.1,12.2,4.2,9.2,45.5,1.3,3.1,39.8,2.6,3.2,79.7,1.4,5.8,7.2,2.2,0.7,0.4,1.3,15.8
C,80,Ronnie Brewer,76,27.5,12.0,4.7,8.3,55.8,0.1,0.7,22.0,2.6,3.4,75.9,1.3,1.6,2.9,1.8,1.7,0.3,0.9,13.2
G,81,Raja Bell,75,35.3,11.9,4.2,10.0,42.1,2.3,5.9,40.1,1.1,1.2,86.8,0.6,3.0,3.7,2.2,0.7,0.4,0.9,12.0
F-C,82,Josh Childress,76,29.9,11.8,4.3,7.5,57.1,0.3,0.8,36.7,2.9,3.6,80.7,2.3,2.6,4.9,1.5,0.9,0.6,1.3,14.5
G,83,Tyson Chandler,79,35.2,11.8,4.8,7.7,62.3,0.0,0.0,0.0,2.2,3.7,59.3,4.1,7.7,11.7,1.0,0.6,1.1,1.7,20.0
F,84,Derek Fisher,82,27.4,11.7,4.1,9.5,43.6,1.4,3.4,40.6,2.0,2.3,88.3,0.3,1.8,2.1,2.9,1.0,0.0,1.1,11.0
C,85,Charlie Villanueva,76,24.1,11.7,4.7,10.7,43.5,0.7,2.4,29.7,1.6,2.1,78.3,1.9,4.2,6.1,1.0,0.4,0.5,1.4,11.8
C,86,Lou Williams,80,23.3,11.5,4.0,9.4,42.4,0.7,1.9,35.9,2.8,3.6,78.3,0.5,1.6,2.1,3.2,1.0,0.2,1.6,10.2
G-F,87,Kirk Hinrich,75,31.7,11.5,4.4,10.6,41.4,1.1,3.2,35.0,1.6,1.9,83.1,0.4,2.9,3.3,6.0,1.2,0.3,2.1,13.5
F,88,Wally Szczerbiak,75,23.2,11.5,4.1,9.6,43.1,1.2,2.9,41.3,2.0,2.3,85.1,0.5,2.4,2.9,1.4,0.3,0.2,1.0,9.4
G,89,Hakim Warrick,75,23.4,11.4,4.4,8.7,50.2,0.2,0.6,27.1,2.4,3.5,70.4,1.6,3.1,4.7,0.7,0.5,0.4,1.1,11.2
C,90,Jose Calderon,82,30.3,11.2,4.5,8.6,51.9,1.0,2.2,42.9,1.3,1.5,90.8,0.4,2.5,2.9,8.3,1.1,0.1,1.5,17.7
G,91,DeShawn Stevenson,82,31.3,11.2,3.7,9.5,38.6,1.9,5.0,38.3,1.9,2.4,79.7,0.5,2.4,2.9,3.1,0.8,0.2,1.2,10.5
F-G,92,Linas Kleiza,79,23.9,11.1,3.9,8.3,47.2,1.2,3.5,33.9,2.1,2.7,77.0,1.2,3.1,4.2,1.2,0.6,0.2,1.1,11.2
G,93,Andrei Kirilenko,72,30.8,11.0,3.8,7.6,50.6,0.6,1.6,37.9,2.8,3.6,77.0,1.7,3.0,4.7,4.0,1.2,1.5,1.9,15.9
F-C,94,Juan Carlos Navarro,82,25.8,10.9,3.8,9.3,40.2,1.9,5.3,36.1,1.5,1.8,84.9,0.4,2.1,2.6,2.2,0.6,0.0,1.6,8.8
F,95,David Lee,81,29.1,10.8,4.2,7.6,55.2,0.0,0.0,0.0,2.4,2.9,81.9,3.0,6.0,8.9,1.2,0.7,0.4,1.2,16.8
G,96,Jason Kidd,80,36.3,10.8,3.8,9.9,38.5,1.5,3.9,38.1,1.7,2.1,81.8,1.2,6.3,7.5,10.1,1.7,0.3,3.3,20.6
G-F,97,Earl Watson,78,29.1,10.7,4.3,9.6,45.4,0.6,1.7,37.1,1.4,1.9,76.6,0.6,2.3,2.9,6.8,0.9,0.1,2.2,13.6
C,98,Martell Webster,75,28.4,10.7,3.7,8.7,42.2,1.6,4.2,38.8,1.6,2.2,73.5,0.7,3.2,3.9,1.2,0.6,0.4,1.1,10.0
G-F,99,Brendan Haywood,80,27.9,10.6,4.0,7.5,52.8,0.0,0.0,0.0,2.7,3.7,73.5,3.4,3.8,7.2,0.9,0.4,1.7,1.4,14.9
C-F,100,Rajon Rondo,77,29.9,10.6,4.6,9.3,49.2,0.1,0.2,26.3,1.4,2.3,61.1,1.0,3.2,4.2,5.1,1.7,0.2,1.9,14.2
G,101,Samuel Dalembert,82,33.2,10.5,4.1,8.1,51.3,0.0,0.0,0.0,2.3,3.2,70.7,3.7,6.6,10.4,0.5,0.5,2.3,1.9,17.5
C,102,Jeff Green,80,28.2,10.5,4.0,9.4,42.7,0.3,1.0,27.6,2.2,3.0,74.4,1.3,3.5,4.7,1.5,0.6,0.6,2.0,9.8
F,103,Andris Biedrins,76,27.3,10.5,4.5,7.1,62.6,0.0,0.0,0.0,1.5,2.5,62.0,3.4,6.4,9.8,1.0,0.7,1.2,1.1,18.5
F,104,Luis Scola,82,24.7,10.3,4.2,8.2,51.5,0.0,0.0,0.0,1.9,2.9,66.8,2.1,4.3,6.4,1.3,0.7,0.2,1.3,12.8
F-G,105,Andrea Bargnani,78,23.9,10.2,3.6,9.3,38.6,1.2,3.3,34.5,1.8,2.2,84.0,0.6,3.1,3.7,1.1,0.3,0.5,1.1,8.6
G,106,Al Horford,81,31.4,10.1,4.1,8.2,49.9,0.0,0.1,0.0,1.9,2.6,73.1,3.1,6.6,9.7,1.5,0.7,0.9,1.7,16.5
G,107,Joe Smith,77,22.4,10.1,4.1,8.5,47.8,0.0,0.0,0.0,2.0,2.6,75.5,2.1,3.1,5.2,0.9,0.4,0.6,0.9,11.2
C-F,108,Michael Finley,82,26.9,10.1,3.8,9.3,41.4,1.6,4.4,37.0,0.8,1.0,80.0,0.3,2.8,3.1,1.4,0.4,0.1,0.7,8.7
G,109,Jarrett Jack,82,27.2,9.9,3.3,7.6,43.1,0.8,2.3,34.2,2.6,3.0,86.7,0.4,2.5,2.9,3.8,0.7,0.0,2.2,10.5
G,110,Kyle Korver,75,23.1,9.9,3.4,7.7,44.3,1.5,3.9,37.5,1.6,1.7,91.5,0.3,2.0,2.3,1.3,0.6,0.4,1.0,9.0
G-F,111,Bostjan Nachbar,75,22.1,9.8,3.3,8.1,40.2,1.3,3.5,35.9,2.1,2.6,78.6,0.7,2.7,3.5,1.2,0.6,0.3,1.1,8.8
F,112,Nick Collison,78,28.5,9.8,4.1,8.2,50.2,0.0,0.0,0.0,1.6,2.1,73.7,3.3,6.1,9.4,1.4,0.6,0.8,1.5,15.8
F-C,113,Kyle Lowry,82,25.5,9.6,3.1,7.2,43.2,0.4,1.7,25.7,3.0,4.2,69.8,0.5,2.5,3.0,3.6,1.1,0.3,1.5,10.8
F,114,Craig Smith,77,20.1,9.4,3.9,6.9,56.3,0.0,0.1,0.0,1.7,2.6,66.5,1.6,3.0,4.6,0.8,0.5,0.2,1.2,10.5
G,115,Shane Battier,80,36.3,9.3,3.3,7.7,42.8,1.7,4.6,37.7,0.9,1.3,74.3,1.6,3.5,5.1,1.9,1.0,1.1,1.0,12.7
G-F,116,Damien Wilkins,76,24.3,9.2,3.6,8.9,40.3,0.7,2.0,32.3,1.4,1.9,73.6,0.9,2.3,3.2,2.0,0.8,0.3,1.2,8.5
G,117,Jordan Farmar,82,20.6,9.1,3.5,7.7,46.1,1.4,3.7,37.1,0.6,1.0,67.9,0.5,1.8,2.2,2.7,0.9,0.1,1.3,9.3
F-C,118,Marcus Camby,79,34.9,9.1,3.6,8.0,45.0,0.1,0.3,30.0,1.8,2.6,70.8,2.9,10.2,13.1,3.3,1.1,3.6,1.5,23.6
F,119,Bonzi Wells,73,21.4,9.1,3.5,7.8,44.3,0.2,0.7,24.0,2.0,3.1,64.3,1.2,3.4,4.5,1.3,1.0,0.4,1.4,9.5
F,120,Roger Mason Jr.,80,21.4,9.1,3.3,7.5,44.3,1.6,4.1,39.8,0.8,0.9,87.3,0.2,1.4,1.6,1.7,0.5,0.2,0.9,7.9
F,121,Carlos Delfino,82,23.5,9.0,3.1,7.7,39.7,1.5,3.8,38.2,1.4,1.9,74.4,0.8,3.6,4.4,1.8,0.8,0.1,0.9,10.1
G,121,Matt Carroll,80,25.2,9.0,3.2,7.4,42.8,1.3,3.0,43.6,1.4,1.7,80.4,0.4,2.4,2.8,0.9,0.6,0.2,0.7,8.3
F-C,123,Maurice Evans,75,22.9,8.9,3.5,7.3,48.1,1.1,2.8,38.8,0.8,1.1,71.1,1.2,1.7,2.9,1.1,0.6,0.1,0.5,9.0
G,124,Boris Diaw,82,28.1,8.8,3.8,7.9,47.7,0.2,0.5,31.7,1.2,1.6,74.4,1.2,3.4,4.6,3.9,0.7,0.5,1.9,12.1
F-G,125,Sasha Vujacic,72,17.8,8.8,3.0,6.7,45.4,1.6,3.8,43.7,1.1,1.3,83.5,0.3,1.9,2.1,1.0,0.5,0.1,0.7,7.9
F,126,Antonio McDyess,78,29.3,8.8,3.8,7.7,48.8,0.0,0.0,0.0,1.2,2.0,62.2,2.6,5.9,8.5,1.1,0.8,0.7,1.0,14.2
F-G,127,Keith Bogans,82,26.8,8.7,2.9,7.2,41.0,1.8,5.0,36.2,1.0,1.3,73.6,0.5,2.7,3.2,1.3,0.7,0.1,0.6,8.8
F-C,128,Kelenna Azubuike,81,21.4,8.5,3.2,7.2,44.5,0.9,2.4,36.4,1.2,1.7,71.7,1.3,2.7,4.0,0.9,0.6,0.4,0.7,9.2
G,128,Steve Blake,81,29.9,8.5,3.2,7.9,40.8,1.5,3.7,40.6,0.6,0.8,76.6,0.4,2.0,2.4,5.1,0.7,0.0,1.4,10.5
G,130,Mikki Moore,82,29.1,8.5,3.4,6.0,57.7,0.0,0.0,0.0,1.6,2.2,73.6,2.0,4.1,6.0,1.0,0.4,0.6,1.3,12.1
G,131,Jamario Moon,78,27.8,8.5,3.6,7.4,48.5,0.5,1.6,32.8,0.8,1.1,74.1,1.2,5.0,6.2,1.2,1.0,1.4,0.7,13.5
F,132,Antonio Daniels,71,30.4,8.4,2.9,6.3,45.9,0.2,1.0,23.0,2.4,3.1,77.6,0.3,2.5,2.9,4.8,1.0,0.0,1.3,11.7
C,133,Kareem Rush,71,21.2,8.3,3.2,8.0,40.1,1.4,3.7,38.9,0.4,0.6,71.4,0.3,2.1,2.4,1.3,0.6,0.3,0.9,6.9
G,134,Marko Jaric,75,29.2,8.3,3.0,7.0,43.0,0.6,1.7,36.2,1.6,2.2,74.2,0.5,2.5,3.0,4.1,1.3,0.4,1.7,10.8
F,135,Brandon Bass,79,19.7,8.3,3.1,6.2,49.9,0.0,0.1,0.0,2.1,2.5,82.2,1.5,2.9,4.4,0.7,0.3,0.6,1.0,9.7
G,136,Thaddeus Young,74,21.0,8.2,3.6,6.6,53.9,0.1,0.3,31.6,1.0,1.4,73.8,1.6,2.6,4.2,0.8,1.0,0.1,0.9,10.1
F-G,137,Josh Boone,70,25.3,8.2,3.4,6.2,54.8,0.0,0.0,0.0,1.4,3.1,45.6,2.7,4.5,7.3,0.8,0.5,0.9,1.0,12.2
C,138,Marquis Daniels,74,20.9,8.2,3.3,7.6,43.0,0.4,1.4,26.5,1.3,1.9,69.8,0.9,2.0,2.9,1.9,1.1,0.2,1.5,7.8
F,139,Matt Harpring,76,18.1,8.2,3.1,6.2,50.0,0.0,0.1,20.0,1.9,2.7,71.2,1.3,1.9,3.2,1.1,0.6,0.2,1.3,8.1
F,140,Keyon Dooling,72,18.5,8.1,2.8,5.9,46.8,0.3,0.9,33.8,2.3,2.7,84.5,0.1,1.3,1.4,1.8,0.5,0.1,0.8,7.5
F-G,141,Paul Millsap,82,20.8,8.1,3.1,6.1,50.4,0.0,0.0,0.0,1.9,2.8,67.7,2.0,3.6,5.6,1.0,0.9,0.9,1.1,11.4
F,142,Jannero Pargo,80,18.7,8.1,3.2,8.2,39.0,0.8,2.3,34.9,0.9,1.0,87.7,0.3,1.3,1.6,2.4,0.6,0.1,1.2,6.5
F,143,Morris Peterson,76,23.6,8.0,2.8,6.8,41.7,1.5,3.8,39.4,0.9,1.1,76.5,0.5,2.2,2.7,0.9,0.6,0.1,0.5,7.5
F,144,Jason Maxiell,82,21.6,7.9,2.9,5.4,53.8,0.0,0.0,0.0,2.1,3.3,63.3,2.2,3.1,5.3,0.6,0.3,1.1,0.9,10.6
G,145,Nazr Mohammed,82,20.1,7.8,3.3,6.4,51.5,0.0,0.0,0.0,1.2,2.0,58.3,2.4,3.7,6.0,0.9,0.5,0.7,1.2,10.8
G,146,Anthony Carter,70,28.0,7.8,3.1,6.8,45.8,0.6,1.8,34.9,0.9,1.2,75.3,0.4,2.5,2.9,5.5,1.5,0.4,1.8,12.4
F,147,Rasho Nesterovic,71,20.9,7.8,3.6,6.6,55.0,0.0,0.0,33.3,0.5,0.7,75.5,1.8,3.0,4.8,1.2,0.3,0.7,0.8,10.8
G,148,Bobby Jackson,72,19.3,7.7,2.8,7.0,40.3,1.1,3.1,35.8,0.9,1.1,79.0,0.5,2.1,2.5,1.9,0.6,0.1,0.8,7.6
G,149,Luther Head,73,18.9,7.6,2.8,6.5,43.2,1.1,3.1,35.1,0.9,1.1,81.5,0.2,1.6,1.8,1.9,0.6,0.1,1.0,7.2
C,150,Fred Jones,70,25.1,7.6,2.6,6.2,42.1,1.1,2.7,38.5,1.3,1.8,74.6,0.4,2.0,2.4,2.4,0.7,0.3,1.1,8.2
F,151,Bobby Simmons,70,21.7,7.6,3.0,7.1,42.1,0.9,2.4,35.1,0.8,1.0,75.7,1.0,2.3,3.2,1.1,0.7,0.1,1.1,7.3
F,152,Andray Blatche,82,20.4,7.5,3.1,6.5,47.4,0.0,0.2,23.1,1.3,1.9,69.5,2.0,3.2,5.2,1.1,0.6,1.4,1.4,10.5
F,153,Devin Brown,78,22.6,7.5,2.8,6.8,40.9,0.6,1.9,30.8,1.4,1.8,75.4,0.8,2.5,3.4,2.2,0.7,0.1,1.3,8.1
F-C,154,Eddie House,78,19.0,7.5,2.8,6.8,40.9,1.5,3.8,39.3,0.4,0.5,91.7,0.2,1.9,2.1,1.9,0.8,0.1,1.0,7.4
G,155,Nick Young,75,15.4,7.5,2.8,6.4,43.9,0.5,1.3,40.0,1.3,1.7,81.5,0.3,1.2,1.5,0.8,0.5,0.1,1.3,5.3
G,156,James Posey,74,24.6,7.4,2.3,5.6,41.8,1.4,3.8,38.0,1.3,1.6,80.9,0.4,3.9,4.4,1.5,1.0,0.3,0.9,10.1
F,157,Luke Walton,74,23.4,7.2,2.9,6.5,45.0,0.4,1.1,33.3,1.0,1.5,70.6,1.1,2.8,3.9,2.9,0.8,0.2,1.4,9.8
G,158,Darko Milicic,70,23.8,7.2,3.1,7.1,43.8,0.0,0.0,0.0,1.0,1.7,55.4,1.8,4.2,6.1,0.8,0.5,1.6,1.4,10.0
G-F,159,Jason Kapono,81,18.9,7.2,3.0,6.1,48.8,0.7,1.5,48.3,0.5,0.5,86.0,0.4,1.1,1.5,0.8,0.4,0.0,0.7,6.0
C,160,Kendrick Perkins,78,24.5,6.9,2.7,4.5,61.5,0.0,0.0,0.0,1.5,2.3,62.3,1.9,4.2,6.1,1.1,0.4,1.5,1.6,11.8
C-F,161,Channing Frye,78,17.2,6.8,2.8,5.8,48.8,0.0,0.1,30.0,1.1,1.4,78.0,1.4,3.2,4.5,0.7,0.4,0.3,0.7,8.8
G,162,Tyrus Thomas,74,18.0,6.8,2.5,5.9,42.3,0.0,0.1,16.7,1.7,2.4,74.1,1.4,3.2,4.6,1.2,0.6,1.0,1.0,9.2
F-G,163,Jarvis Hayes,82,15.7,6.7,2.6,6.1,43.1,0.9,2.4,37.6,0.5,0.7,75.0,0.4,1.7,2.2,0.8,0.6,0.1,0.6,6.0
C,164,Matt Barnes,73,19.4,6.7,2.6,6.1,42.3,0.7,2.5,29.3,0.8,1.1,74.7,1.3,3.2,4.4,1.9,0.7,0.5,1.2,9.2
G-F,165,Ronny Turiaf,78,18.7,6.6,2.4,5.1,47.4,0.0,0.0,0.0,1.8,2.4,75.3,1.2,2.7,3.9,1.6,0.4,1.4,0.9,9.7
F,166,Joakim Noah,74,20.7,6.6,2.4,5.0,48.2,0.0,0.0,0.0,1.8,2.6,69.1,2.4,3.3,5.6,1.1,0.9,0.9,1.2,10.6
G,167,Tony Allen,75,18.3,6.6,2.3,5.2,43.4,0.2,0.8,31.6,1.8,2.4,76.2,0.5,1.8,2.2,1.5,0.8,0.3,1.5,6.5
F-G,168,Jeff Foster,77,24.5,6.4,2.7,4.8,55.0,0.0,0.0,0.0,1.1,1.9,59.3,3.4,5.2,8.7,1.7,0.7,0.4,0.8,14.2
C,169,Kurt Thomas,70,22.6,6.3,2.8,5.7,49.2,0.0,0.0,0.0,0.8,1.1,66.3,1.9,5.4,7.2,1.0,0.8,0.8,0.7,12.2
G,170,Darius Songaila,80,19.4,6.2,2.7,5.8,45.8,0.0,0.0,0.0,0.8,0.9,91.8,1.0,2.4,3.4,1.7,0.7,0.2,1.1,7.8
G,171,Erick Dampier,72,24.4,6.1,2.5,3.8,64.3,0.0,0.0,0.0,1.2,2.0,57.5,2.9,4.6,7.5,0.9,0.3,1.5,1.1,12.9
G,172,Johan Petro,72,18.2,6.0,2.6,6.1,41.9,0.0,0.0,0.0,0.9,1.2,73.6,1.4,3.8,5.1,0.4,0.5,0.6,1.0,7.8
G,173,Bruce Bowen,81,30.2,6.0,2.1,5.3,40.7,1.1,2.7,41.9,0.6,0.9,65.2,0.4,2.5,2.9,1.1,0.7,0.3,0.6,6.9
F,174,Eduardo Najera,78,21.3,5.9,2.2,4.7,47.3,0.7,1.9,36.1,0.8,1.1,70.8,1.4,2.9,4.3,1.2,0.9,0.5,0.8,9.3
F,175,Rodney Carney,70,14.8,5.8,2.3,5.6,40.3,0.5,1.7,31.7,0.8,1.2,67.9,0.7,1.4,2.1,0.5,0.6,0.3,0.5,5.1
G,176,Corey Brewer,79,22.8,5.8,2.3,6.2,37.4,0.1,0.5,19.4,1.1,1.4,80.0,1.0,2.7,3.7,1.4,1.0,0.3,1.1,6.9
F,177,Ime Udoka,73,18.0,5.8,2.2,5.1,42.4,0.8,2.3,37.0,0.6,0.8,75.9,0.5,2.6,3.1,0.9,0.8,0.2,0.8,6.8
F,178,Jared Dudley,73,19.0,5.8,2.2,4.8,46.8,0.1,0.6,22.0,1.2,1.6,73.7,1.7,2.3,3.9,1.1,0.8,0.1,0.7,8.1
F,179,Kris Humphries,70,13.2,5.7,2.3,4.8,48.3,0.0,0.0,0.0,1.1,1.8,60.5,1.3,2.4,3.7,0.4,0.4,0.4,0.7,6.7
F,180,Sean Williams,73,17.5,5.6,2.2,4.2,53.8,0.0,0.0,0.0,1.1,1.8,60.9,1.6,2.8,4.4,0.4,0.4,1.5,1.0,8.6
F,181,Royal Ivey,75,19.2,5.6,2.0,5.0,39.4,0.5,1.4,32.7,1.1,1.6,72.6,0.5,1.1,1.6,2.1,0.6,0.1,1.0,5.5
G,182,Reggie Evans,81,23.2,5.2,1.9,4.3,43.9,0.0,0.0,100.0,1.5,3.2,46.7,2.8,4.8,7.5,0.8,1.1,0.1,1.3,9.3
F,183,Fabricio Oberto,82,20.0,4.8,2.2,3.6,60.8,0.0,0.0,0.0,0.5,0.7,60.7,1.9,3.4,5.2,1.2,0.5,0.2,0.6,9.6
G,184,Ben Wallace,72,30.6,4.8,1.9,4.9,39.2,0.0,0.1,0.0,1.0,2.3,42.6,3.3,5.1,8.4,1.5,1.2,1.6,0.9,12.3
G,185,Joel Przybilla,77,23.6,4.8,1.9,3.2,57.6,0.0,0.0,0.0,1.1,1.6,68.0,2.5,5.9,8.4,0.4,0.2,1.2,1.2,11.9
G,186,Quincy Douby,74,11.8,4.8,1.8,4.5,39.4,0.6,1.6,34.4,0.6,0.7,92.3,0.2,0.9,1.1,0.7,0.4,0.2,0.8,3.6
G,187,Spencer Hawes,71,13.1,4.7,2.1,4.5,45.9,0.1,0.3,19.0,0.5,0.8,65.5,1.0,2.3,3.2,0.6,0.2,0.6,0.8,5.8
F,188,Malik Allen,73,15.0,4.6,2.2,4.5,48.0,0.0,0.0,50.0,0.3,0.3,92.0,0.9,1.8,2.7,0.6,0.3,0.4,0.6,5.6
G,189,Brevin Knight,74,22.6,4.6,1.9,4.6,40.4,0.0,0.1,0.0,0.8,1.0,87.3,0.2,1.7,1.9,4.4,1.4,0.1,1.0,8.6
G-F,190,Jason Smith,76,14.6,4.5,1.9,4.1,45.5,0.1,0.2,28.6,0.7,1.1,65.9,1.0,2.0,3.0,0.3,0.3,0.7,0.6,5.5
C-F,191,Jacque Vaughn,74,15.4,4.1,1.6,3.8,42.8,0.0,0.1,30.0,0.8,1.1,76.3,0.2,0.8,1.0,2.1,0.3,0.0,0.7,4.4
C-F,192,Quinton Ross,76,19.8,4.1,1.7,4.4,39.1,0.1,0.3,42.9,0.5,0.8,66.7,0.7,1.6,2.3,1.2,0.6,0.4,0.4,5.2
F,193,Jared Jeffries,73,18.2,3.7,1.5,3.7,40.0,0.1,0.3,16.0,0.7,1.3,52.7,1.6,1.7,3.3,0.9,0.5,0.3,0.9,5.0
G-F,194,Arron Afflalo,75,12.9,3.7,1.3,3.2,41.1,0.1,0.6,20.8,0.9,1.2,78.2,0.5,1.3,1.8,0.7,0.4,0.1,0.5,4.1
G,195,Chuck Hayes,79,19.9,3.0,1.4,2.8,51.1,0.0,0.0,0.0,0.1,0.3,45.8,1.7,3.7,5.4,1.2,1.1,0.5,0.8,8.9
G,196,DeSagana Diop,79,16.4,2.9,1.2,2.3,52.2,0.0,0.0,0.0,0.5,0.9,54.3,2.0,2.9,5.0,0.5,0.3,1.1,0.7,7.5
F,197,Sergio Rodriguez,72,8.7,2.5,1.0,2.7,35.2,0.2,0.8,29.3,0.3,0.5,65.8,0.2,0.6,0.8,1.7,0.3,0.0,0.7,2.7
C-F,198,Adonal Foyle,82,9.4,1.9,0.9,1.9,45.8,0.0,0.0,0.0,0.2,0.4,47.1,0.9,1.7,2.5,0.2,0.2,0.5,0.4,3.8
G,199,Jason Collins,74,15.8,1.9,0.7,1.5,46.9,0.0,0.0,0.0,0.5,1.0,45.9,0.9,1.5,2.4,0.3,0.3,0.3,0.6,3.3
G,200,Jarron Collins,70,10.0,1.7,0.5,1.2,43.9,0.0,0.0,0.0,0.7,1.1,62.2,0.6,1.1,1.7,0.5,0.1,0.1,0.3,2.7
C,201,Dominic McGuire,70,9.9,1.3,0.6,1.5,37.9,0.0,0.1,16.7,0.2,0.5,43.8,0.8,1.2,2.0,0.6,0.3,0.4,0.6,2.8
