pos,#,player,gp,min,pts,fgm,fga,fg%,3pm,3pa,3p%,ftm,fta,ft%,oreb,dreb,reb,ast,stl,blk,tov,eff
G,1,Dwyane Wade,79,38.6,30.2,10.8,22.0,49.1,1.1,3.5,31.7,7.5,9.8,76.5,1.1,3.9,5.0,7.5,2.2,1.3,3.4,29.3
F-C,2,LeBron James,81,37.7,28.4,9.7,19.9,48.9,1.6,4.7,34.4,7.3,9.4,78.0,1.3,6.3,7.6,7.2,1.7,1.1,3.0,30.9
F-G,3,Kobe Bryant,82,36.1,26.8,9.8,20.9,46.7,1.4,4.1,35.1,5.9,6.9,85.6,1.1,4.1,5.2,4.9,1.5,0.5,2.6,24.2
F,4,Dirk Nowitzki,81,37.7,25.9,9.6,20.0,47.9,0.8,2.1,35.9,6.0,6.7,89.0,1.1,7.3,8.4,2.4,0.8,0.8,1.9,25.1
G,5,Danny Granger,67,36.2,25.8,8.5,19.1,44.7,2.7,6.7,40.4,6.0,6.9,87.8,0.7,4.4,5.1,2.7,1.0,1.4,2.5,22.3
F,6,Kevin Durant,74,39.0,25.3,8.9,18.8,47.6,1.3,3.1,42.2,6.1,7.1,86.3,1.0,5.5,6.5,2.8,1.3,0.7,3.0,22.7
G,7,Chris Paul,78,38.5,22.8,8.1,16.1,50.3,0.8,2.3,36.4,5.8,6.7,86.8,0.9,4.7,5.5,11.0,2.8,0.1,3.0,30.5
G,8,Carmelo Anthony,66,34.5,22.8,8.1,18.3,44.3,1.0,2.6,37.1,5.6,7.1,79.3,1.6,5.2,6.8,3.4,1.1,0.4,3.0,19.8
F,9,Chris Bosh,77,38.0,22.7,8.0,16.4,48.7,0.2,0.6,24.5,6.5,8.0,81.7,2.8,7.2,10.0,2.5,0.9,1.0,2.3,24.9
G,10,Brandon Roy,78,37.2,22.6,8.1,16.9,48.0,1.1,2.8,37.7,5.3,6.5,82.4,1.3,3.4,4.7,5.1,1.1,0.3,1.9,22.0
G,11,Antawn Jamison,81,38.2,22.2,8.3,17.8,46.8,1.4,3.9,35.1,4.2,5.6,75.4,2.4,6.5,8.9,1.9,1.2,0.3,1.5,22.1
C,12,Tony Parker,72,34.1,22.0,8.9,17.5,50.6,0.3,0.9,29.2,3.9,5.0,78.2,0.4,2.7,3.1,6.9,0.9,0.1,2.6,20.6
G,13,Joe Johnson,79,39.5,21.4,7.8,18.0,43.7,1.9,5.2,36.0,3.8,4.6,82.6,0.8,3.6,4.4,5.8,1.1,0.2,2.5,19.4
G,14,Devin Harris,69,36.1,21.3,6.6,15.1,43.8,0.9,3.2,29.1,7.2,8.8,82.0,0.4,2.9,3.3,6.9,1.7,0.2,3.1,20.3
G,15,David West,76,39.2,21.0,8.0,17.0,47.2,0.1,0.3,24.0,4.8,5.5,88.4,2.1,6.4,8.5,2.3,0.6,0.9,2.1,21.5
G,16,Vince Carter,80,36.8,20.8,7.4,16.8,43.7,1.9,4.9,38.5,4.2,5.1,81.7,0.9,4.2,5.1,4.7,1.0,0.5,2.1,19.6
F,17,Ben Gordon,82,36.6,20.7,7.3,16.0,45.5,2.1,5.1,41.0,4.0,4.7,86.4,0.6,2.8,3.5,3.4,0.9,0.3,2.4,16.9
F,18,Dwight Howard,79,35.7,20.6,7.1,12.4,57.2,0.0,0.0,0.0,6.4,10.7,59.4,4.3,9.6,13.8,1.4,1.0,2.9,3.0,27.0
G,19,Paul Pierce,81,37.5,20.5,6.7,14.6,45.7,1.5,3.8,39.1,5.7,6.8,83.0,0.7,5.0,5.6,3.6,1.0,0.3,2.8,19.2
C,20,Al Harrington,73,34.9,20.1,7.3,16.6,43.9,2.3,6.4,36.4,3.2,4.0,79.3,1.4,4.9,6.2,1.4,1.2,0.3,2.2,16.9
G,21,Yao Ming,77,33.6,19.7,7.4,13.4,54.8,0.0,0.0,100.0,4.9,5.7,86.6,2.6,7.2,9.9,1.8,0.4,1.9,3.0,23.8
F,22,Richard Jefferson,82,35.8,19.6,6.5,14.9,43.9,1.4,3.6,39.7,5.1,6.3,80.5,0.7,3.9,4.6,2.4,0.8,0.2,2.0,16.0
G,23,Jason Terry,74,33.7,19.6,7.3,15.8,46.3,2.3,6.2,36.6,2.7,3.0,88.0,0.5,1.9,2.4,3.4,1.3,0.3,1.6,16.5
F,24,Tim Duncan,75,33.6,19.3,7.4,14.8,50.4,0.0,0.0,0.0,4.5,6.4,69.2,2.7,8.0,10.7,3.5,0.5,1.7,2.2,24.2
G,25,Rudy Gay,79,37.3,18.9,7.2,16.0,45.3,1.1,3.1,35.1,3.3,4.4,76.7,1.4,4.2,5.5,1.7,1.2,0.7,2.6,15.8
G,26,Pau Gasol,81,37.0,18.9,7.3,12.9,56.7,0.0,0.0,50.0,4.2,5.4,78.1,3.2,6.4,9.6,3.5,0.6,1.0,1.9,24.9
F,27,Andre Iguodala,82,39.9,18.8,6.6,14.0,47.3,1.0,3.2,30.7,4.6,6.4,72.4,1.1,4.6,5.7,5.3,1.6,0.4,2.7,20.0
G,28,O.J. Mayo,82,38.0,18.5,6.9,15.6,43.8,1.8,4.6,38.4,3.0,3.4,87.9,0.7,3.1,3.8,3.2,1.1,0.2,2.8,14.7
F,29,John Salmons,79,37.5,18.3,6.5,13.8,47.2,1.6,3.8,41.7,3.6,4.4,83.0,0.7,3.5,4.2,3.2,1.1,0.3,2.1,16.9
C,30,Ray Allen,79,36.4,18.2,6.3,13.2,48.0,2.5,6.2,40.9,3.0,3.2,95.2,0.8,2.7,3.5,2.8,0.9,0.2,1.7,16.8
G,31,LaMarcus Aldridge,81,37.1,18.1,7.4,15.3,48.4,0.1,0.3,25.0,3.2,4.1,78.1,2.9,4.6,7.5,1.9,1.0,1.0,1.5,19.1
G,32,Mo Williams,81,35.0,17.8,6.5,13.9,46.7,2.3,5.2,43.6,2.6,2.8,91.2,0.6,2.9,3.4,4.1,0.9,0.1,2.2,16.4
G-F,33,Shaquille O'Neal,75,30.0,17.8,6.8,11.2,60.9,0.0,0.0,0.0,4.1,6.9,59.5,2.5,5.9,8.4,1.7,0.7,1.4,2.2,20.6
F,34,Rashard Lewis,79,36.2,17.7,6.1,13.8,43.9,2.8,7.0,39.7,2.8,3.4,83.6,1.2,4.6,5.7,2.6,1.0,0.6,2.0,17.4
F,35,Chauncey Billups,79,35.3,17.7,5.2,12.4,41.8,2.1,5.0,40.8,5.3,5.8,91.3,0.4,2.6,3.0,6.4,1.2,0.2,2.2,18.6
C-F,36,Nate Robinson,74,29.9,17.2,6.1,13.9,43.7,1.7,5.2,32.5,3.4,4.0,84.1,1.3,2.6,3.9,4.1,1.3,0.1,1.9,16.2
G,37,Mehmet Okur,72,33.5,17.0,6.0,12.3,48.5,1.3,2.8,44.6,3.8,4.6,81.7,1.7,6.0,7.7,1.7,0.8,0.7,1.8,18.9
F-G,38,Jason Richardson,72,33.5,16.8,6.5,13.5,47.7,1.8,4.5,39.7,2.1,2.8,76.9,1.1,3.4,4.4,2.0,1.1,0.4,1.3,15.7
G,39,Al Thornton,71,37.4,16.8,6.6,14.8,44.6,0.3,1.1,25.3,3.3,4.4,75.4,1.7,3.5,5.2,1.5,0.8,0.9,1.8,14.0
C,40,Hedo Turkoglu,77,36.6,16.8,5.5,13.3,41.3,1.7,4.9,35.6,4.1,5.1,80.7,0.6,4.7,5.3,4.9,0.8,0.2,2.6,16.6
G-F,41,Derrick Rose,81,37.0,16.8,7.1,14.9,47.5,0.2,0.9,22.2,2.4,3.1,78.8,1.2,2.7,3.9,6.3,0.8,0.2,2.5,17.1
G,42,Gerald Wallace,71,37.6,16.6,5.5,11.4,48.0,0.5,1.8,29.8,5.1,6.4,80.4,1.6,6.2,7.8,2.7,1.7,0.9,2.1,20.5
C,43,Jeff Green,78,36.8,16.5,6.1,13.7,44.6,1.2,3.2,38.9,3.1,3.9,78.8,1.5,5.1,6.7,2.0,1.0,0.4,2.2,16.0
F-C,44,Andre Miller,82,36.3,16.3,6.0,12.7,47.3,0.2,0.6,28.3,4.1,5.0,82.6,1.5,3.0,4.5,6.5,1.3,0.2,2.4,18.8
F,45,Randy Foye,70,35.6,16.3,5.7,14.0,40.7,1.6,4.4,36.0,3.3,3.9,84.6,0.5,2.6,3.1,4.3,1.0,0.4,2.1,14.0
F,46,Charlie Villanueva,78,26.9,16.2,6.2,14.0,44.7,1.1,3.3,34.5,2.6,3.1,83.8,2.0,4.7,6.7,1.8,0.6,0.7,1.8,16.0
G,47,Eric Gordon,78,34.3,16.1,5.3,11.6,45.6,1.7,4.3,38.9,3.8,4.5,85.4,0.6,2.0,2.6,2.8,1.0,0.4,2.1,13.8
F-G,48,David Lee,81,34.9,16.0,6.4,11.7,54.9,0.0,0.0,0.0,3.1,4.1,75.5,3.2,8.6,11.7,2.1,1.0,0.3,1.9,23.0
G-F,49,Steve Nash,74,33.6,15.7,5.8,11.5,50.3,1.5,3.3,43.9,2.6,2.8,93.3,0.3,2.8,3.0,9.7,0.7,0.1,3.4,20.0
F-G,50,Andrea Bargnani,78,31.4,15.4,5.5,12.3,45.0,1.5,3.7,40.9,2.8,3.4,83.1,0.9,4.4,5.3,1.2,0.4,1.2,1.7,14.6
G,51,Russell Westbrook,82,32.5,15.3,5.3,13.4,39.8,0.4,1.6,27.1,4.3,5.2,81.5,2.2,2.7,4.9,5.3,1.3,0.2,3.3,14.7
G,52,Thaddeus Young,75,34.4,15.3,6.3,12.8,49.5,0.7,2.2,34.1,1.9,2.5,73.5,1.9,3.2,5.0,1.1,1.3,0.3,1.6,14.4
F,53,JR Smith,81,27.7,15.2,5.2,11.7,44.6,2.2,5.6,39.7,2.5,3.4,75.4,0.5,3.1,3.7,2.8,1.0,0.2,1.9,13.7
C,54,T.J. Ford,74,30.5,14.9,5.6,12.3,45.2,0.5,1.4,33.7,3.3,3.8,87.2,0.8,2.7,3.5,5.3,1.2,0.2,2.4,15.5
F,55,Mike Bibby,79,34.7,14.9,5.5,12.7,43.5,2.1,5.4,39.0,1.7,2.2,78.9,0.5,3.0,3.5,5.0,1.2,0.1,1.6,15.5
G,56,Nene,77,32.6,14.6,5.6,9.2,60.4,0.0,0.1,20.0,3.5,4.8,72.3,2.4,5.4,7.8,1.4,1.2,1.3,1.9,19.4
G-F,57,Wilson Chandler,82,33.4,14.4,5.5,12.9,43.2,1.3,3.8,32.8,2.1,2.6,79.5,1.1,4.3,5.4,2.1,0.9,0.9,1.7,14.2
F,58,Kelenna Azubuike,74,32.1,14.4,5.3,11.4,46.4,1.3,2.8,44.8,2.5,3.1,80.8,1.5,3.5,5.0,1.6,0.8,0.7,1.3,14.4
F,59,Troy Murphy,73,34.0,14.3,5.0,10.5,47.5,2.2,4.9,45.0,2.1,2.5,82.6,2.0,9.8,11.8,2.4,0.8,0.5,1.6,22.2
C,60,Leandro Barbosa,70,24.4,14.2,5.2,10.8,48.2,1.3,3.4,37.5,2.4,2.8,88.1,0.5,2.1,2.6,2.3,1.2,0.1,1.3,13.1
F,61,Tayshaun Prince,82,37.3,14.2,5.6,12.4,45.0,0.7,1.7,39.7,2.3,3.0,77.8,1.6,4.2,5.8,3.1,0.5,0.6,1.2,15.5
G,62,Raymond Felton,82,37.6,14.2,5.4,13.2,40.8,0.7,2.5,28.5,2.7,3.3,80.5,0.7,3.1,3.8,6.7,1.5,0.4,2.8,15.4
F,63,Michael Beasley,81,24.8,13.9,5.6,11.8,47.2,0.4,1.0,40.7,2.3,3.0,77.2,1.4,4.1,5.4,1.0,0.5,0.5,1.5,12.9
F,64,Ronnie Brewer,81,32.2,13.7,5.2,10.2,50.8,0.3,1.0,25.9,3.0,4.3,70.2,1.2,2.5,3.7,2.2,1.7,0.4,1.4,14.0
C,65,Paul Millsap,76,30.1,13.5,5.3,9.9,53.4,0.0,0.1,0.0,3.0,4.3,69.9,3.3,5.3,8.6,1.8,1.0,1.0,1.7,18.4
G,66,Rodney Stuckey,79,31.9,13.4,5.1,11.6,43.9,0.3,1.0,29.5,2.9,3.7,80.3,0.9,2.6,3.5,4.9,1.0,0.1,2.2,13.5
F,67,Ryan Gomes,82,31.9,13.3,5.1,11.9,43.1,1.3,3.5,37.2,1.8,2.2,80.7,1.3,3.5,4.8,1.6,0.8,0.3,1.6,12.0
C,68,Boris Diaw,81,34.0,13.2,5.5,10.9,50.7,0.9,2.2,41.4,1.2,1.8,68.7,1.5,3.9,5.3,4.1,0.8,0.7,2.7,15.5
F,69,Emeka Okafor,82,32.8,13.2,5.3,9.4,56.1,0.0,0.0,0.0,2.7,4.5,59.3,3.4,6.7,10.1,0.6,0.6,1.7,1.8,18.5
C,70,Jarrett Jack,82,33.1,13.1,4.7,10.4,45.3,1.0,2.7,35.3,2.7,3.2,85.2,0.5,2.8,3.4,4.1,1.1,0.2,2.2,13.5
G,71,Brook Lopez,82,30.5,13.0,5.5,10.3,53.1,0.0,0.0,0.0,2.1,2.6,79.3,2.7,5.4,8.1,1.0,0.5,1.8,1.8,17.4
G,72,Lou Williams,81,23.7,12.8,4.1,10.4,39.8,0.8,2.7,28.6,3.8,4.8,79.0,0.4,1.6,2.0,3.0,1.0,0.2,1.9,9.9
F,73,Travis Outlaw,81,27.7,12.8,4.8,10.5,45.3,1.1,2.9,37.7,2.2,3.0,72.3,0.9,3.2,4.1,1.0,0.6,0.7,1.2,11.4
F,74,Luis Scola,82,30.3,12.7,5.2,9.7,53.1,0.0,0.0,0.0,2.4,3.1,76.0,2.4,6.3,8.8,1.5,0.8,0.1,1.5,17.1
F,75,Ramon Sessions,79,27.5,12.4,4.4,9.8,44.5,0.1,0.4,17.6,3.6,4.5,79.4,0.8,2.6,3.4,5.7,1.1,0.1,1.9,14.3
G-F,76,Flip Murray,80,24.7,12.2,4.4,9.9,44.7,1.1,3.0,36.0,2.2,2.9,76.0,0.3,1.8,2.1,2.0,1.1,0.2,1.6,9.8
G-F,77,Grant Hill,82,29.8,12.0,4.8,9.1,52.3,0.3,0.9,31.6,2.2,2.7,80.8,0.8,4.2,4.9,2.3,1.1,0.7,1.5,14.6
G,78,Rajon Rondo,80,33.0,11.9,4.8,9.5,50.5,0.2,0.6,31.3,2.2,3.4,64.2,1.3,4.0,5.2,8.2,1.9,0.1,2.6,18.8
F,79,Marc Gasol,82,30.7,11.9,4.3,8.1,53.0,0.0,0.0,0.0,3.4,4.6,73.3,2.5,4.9,7.4,1.7,0.8,1.1,2.0,15.9
C,80,Brad Miller,70,30.0,11.9,4.2,8.8,47.6,0.3,0.8,41.1,3.2,3.9,82.4,2.1,5.6,7.8,3.3,0.7,0.5,1.9,17.1
G,81,Roger Mason Jr.,82,30.4,11.8,4.3,10.0,42.5,2.0,4.8,42.1,1.3,1.4,89.0,0.2,2.9,3.1,2.1,0.5,0.1,1.2,10.5
F-C,82,D.J. Augustin,72,26.5,11.8,3.7,8.6,43.0,1.5,3.4,43.9,2.9,3.2,89.3,0.2,1.6,1.8,3.5,0.6,0.0,1.7,10.8
G,83,Rafer Alston,77,31.8,11.7,4.1,10.6,38.5,1.5,4.3,33.8,2.0,2.7,75.0,0.4,2.5,2.9,5.3,1.4,0.1,1.8,12.4
F,84,Hakim Warrick,82,24.7,11.6,4.1,8.5,49.1,0.1,0.3,21.7,3.2,4.6,71.1,1.6,3.4,5.0,0.8,0.6,0.5,1.2,11.6
C,85,Andres Nocioni,76,26.2,11.4,3.9,9.2,42.7,1.6,4.1,39.9,1.9,2.4,79.2,0.7,4.0,4.8,1.3,0.5,0.4,1.5,11.2
C,86,Spencer Hawes,77,29.3,11.4,4.8,10.4,46.6,0.5,1.5,34.8,1.2,1.8,66.2,1.9,5.2,7.1,1.9,0.6,1.2,2.1,14.0
G-F,87,Lamar Odom,78,29.7,11.3,4.4,9.0,49.2,0.4,1.3,32.0,2.1,3.3,62.3,2.3,5.9,8.2,2.6,1.0,1.3,1.8,16.8
F,88,Rasual Butler,82,31.9,11.2,4.2,9.8,43.3,1.7,4.4,39.0,1.0,1.3,78.2,0.6,2.7,3.3,0.9,0.6,0.7,0.7,10.3
G,89,Aaron Brooks,80,25.0,11.2,4.0,9.8,40.4,1.4,3.9,36.6,1.9,2.2,86.6,0.4,1.6,2.0,3.0,0.6,0.1,1.6,9.1
C,90,Chris Duhon,79,36.8,11.1,3.6,8.6,42.1,1.6,4.1,39.1,2.3,2.6,85.6,0.6,2.5,3.1,7.2,0.9,0.1,2.8,14.3
G,91,Kevin Love,81,25.3,11.1,3.9,8.5,45.9,0.0,0.2,10.5,3.3,4.1,78.9,3.4,5.7,9.1,1.0,0.4,0.6,1.5,15.3
F-G,92,Jason Thompson,82,28.1,11.1,4.3,8.7,49.7,0.0,0.1,0.0,2.4,3.5,69.2,2.9,4.5,7.4,1.1,0.6,0.7,1.8,13.6
G,93,Beno Udrih,73,31.1,11.0,4.4,9.5,46.1,0.5,1.5,31.0,1.7,2.1,82.0,0.6,2.4,3.0,4.7,1.1,0.2,2.2,12.3
F-C,94,Mike Conley,82,30.6,10.9,3.9,8.9,44.2,1.1,2.6,40.6,2.0,2.4,81.7,0.3,3.1,3.4,4.3,1.1,0.1,1.7,12.6
F,95,Nick Young,82,22.4,10.9,4.1,9.2,44.4,0.7,2.0,34.1,2.0,2.4,85.0,0.4,1.5,1.8,1.2,0.5,0.2,1.1,8.0
G,96,Tyrus Thomas,79,27.5,10.8,3.9,8.6,45.1,0.0,0.1,33.3,3.0,3.8,78.3,1.9,4.6,6.4,1.0,1.2,1.9,1.6,14.1
G-F,97,Anthony Parker,80,33.0,10.7,4.0,9.4,42.6,1.2,3.0,39.0,1.5,1.8,83.4,0.6,3.4,4.0,3.4,1.3,0.2,1.4,12.3
C,98,Udonis Haslem,75,34.1,10.6,4.4,8.6,51.8,0.0,0.0,0.0,1.7,2.3,75.3,2.3,6.0,8.2,1.1,0.6,0.3,1.1,15.1
G-F,99,Rudy Fernandez,78,25.6,10.4,3.4,8.1,42.5,2.0,5.1,39.9,1.5,1.8,83.9,0.6,2.1,2.7,2.0,0.9,0.2,1.1,10.1
C-F,100,Matt Barnes,77,27.0,10.2,3.7,8.8,42.3,1.5,4.4,34.3,1.3,1.8,74.3,1.0,4.4,5.5,2.8,0.7,0.3,1.7,12.3
G,101,Quentin Richardson,72,26.3,10.2,3.6,9.3,39.3,1.7,4.6,36.5,1.2,1.6,76.1,1.0,3.4,4.4,1.6,0.7,0.1,1.0,9.9
C,102,Craig Smith,74,19.7,10.1,3.9,6.9,56.2,0.0,0.0,0.0,2.3,3.4,67.7,1.3,2.5,3.8,1.1,0.4,0.3,1.4,10.1
F,103,Andray Blatche,71,24.0,10.0,4.2,8.9,47.1,0.1,0.3,23.8,1.6,2.3,70.4,1.8,3.5,5.3,1.7,0.7,1.0,1.6,11.8
F,104,Mario Chalmers,82,32.0,10.0,3.4,8.1,42.0,1.4,3.8,36.7,1.8,2.4,76.7,0.5,2.3,2.8,4.9,2.0,0.1,2.0,12.5
F-G,105,Derek Fisher,82,29.8,9.9,3.6,8.4,42.4,1.5,3.7,39.7,1.3,1.6,84.6,0.3,2.0,2.3,3.2,1.2,0.1,0.9,10.7
G,106,Linas Kleiza,82,22.2,9.9,3.5,7.9,44.7,1.1,3.3,32.6,1.8,2.5,72.5,1.1,2.9,4.0,0.8,0.4,0.2,1.0,9.2
G,107,Mike Miller,73,32.3,9.9,3.6,7.5,48.2,1.2,3.1,37.8,1.5,2.0,73.2,1.0,5.6,6.6,4.5,0.4,0.4,2.0,15.4
C-F,108,Sebastian Telfair,75,27.9,9.8,3.6,9.3,38.3,1.0,2.8,34.6,1.7,2.1,81.9,0.4,1.3,1.7,4.6,1.0,0.2,1.9,9.2
G,109,Keyon Dooling,77,26.9,9.7,3.4,7.8,43.6,1.3,3.1,42.1,1.6,2.0,82.5,0.3,1.7,2.0,3.5,0.9,0.1,1.4,10.2
G,110,Michael Finley,81,28.8,9.7,3.7,8.5,43.7,1.6,3.9,41.1,0.6,0.8,82.3,0.3,3.0,3.3,1.4,0.5,0.2,0.8,9.4
G-F,111,Luke Ridnour,72,28.2,9.6,3.5,8.6,40.3,0.8,2.2,35.0,1.8,2.1,86.9,0.5,2.6,3.0,5.1,1.3,0.2,1.8,11.9
F,112,C.J. Watson,77,24.5,9.5,3.3,7.3,45.7,0.6,1.6,40.0,2.2,2.5,87.0,0.5,2.0,2.5,2.7,1.2,0.1,1.2,10.5
F-C,113,Daequan Cook,75,24.4,9.1,3.2,8.6,37.5,2.0,5.3,38.7,0.7,0.7,87.5,0.3,2.3,2.5,0.9,0.5,0.1,0.6,7.2
F,114,CJ Miles,72,22.5,9.1,3.6,7.8,45.9,0.9,2.5,35.2,1.1,1.2,87.6,0.6,1.7,2.3,1.5,0.6,0.2,0.9,8.5
G,115,Kyle Korver,78,24.0,9.0,3.1,7.2,43.8,1.3,3.4,38.6,1.4,1.6,88.2,0.4,2.9,3.3,1.8,0.6,0.4,1.2,9.7
G-F,116,Jason Kidd,81,35.6,9.0,3.2,7.6,41.6,1.6,4.0,40.6,1.1,1.3,81.9,1.0,5.1,6.2,8.7,2.0,0.5,2.3,19.3
G,117,James Posey,75,28.5,8.9,2.9,7.0,41.2,1.5,4.2,36.9,1.6,1.9,82.2,0.5,4.3,4.8,1.1,0.8,0.3,1.1,10.4
F-C,118,Trevor Ariza,82,24.4,8.9,3.3,7.3,46.0,0.7,2.3,31.9,1.5,2.1,71.0,1.4,2.9,4.3,1.8,1.7,0.3,1.1,11.3
F,119,Jarvis Hayes,74,24.8,8.7,3.5,7.8,44.5,1.3,3.3,38.5,0.5,0.7,69.2,0.4,3.2,3.6,0.7,0.7,0.1,0.7,8.6
F,120,Anderson Varejao,81,28.5,8.6,3.3,6.2,53.6,0.0,0.0,0.0,1.9,3.1,61.6,2.0,5.1,7.2,1.0,0.9,0.8,1.0,13.4
F,121,Eddie House,81,18.3,8.5,3.1,6.9,44.5,1.9,4.2,44.4,0.5,0.7,79.2,0.1,1.8,1.9,1.1,0.8,0.1,0.7,7.8
G,122,Kendrick Perkins,76,29.6,8.5,3.6,6.3,57.7,0.0,0.0,0.0,1.3,2.1,60.0,2.7,5.5,8.1,1.3,0.3,2.0,2.2,14.5
F-C,123,Brandon Bass,81,19.4,8.5,3.1,6.3,49.6,0.0,0.1,0.0,2.2,2.6,86.7,1.6,2.9,4.5,0.5,0.3,0.7,1.1,10.0
G,124,Willie Green,81,22.6,8.5,3.5,8.1,43.5,0.6,2.0,31.7,0.8,1.0,72.9,0.4,1.2,1.6,2.0,0.7,0.2,0.8,7.1
F-G,125,Courtney Lee,77,25.2,8.4,3.2,7.0,45.0,1.1,2.6,40.4,1.0,1.2,83.0,0.2,2.1,2.3,1.2,1.0,0.2,0.9,8.1
F,126,Charlie Bell,70,25.5,8.4,3.1,7.5,41.4,1.2,3.4,36.3,0.9,1.1,82.5,0.5,1.5,1.9,2.2,0.7,0.1,1.1,7.6
F-G,127,Matt Bonner,81,23.8,8.2,3.3,6.6,49.6,1.5,3.3,44.0,0.2,0.3,73.9,1.2,3.6,4.8,1.0,0.6,0.3,0.5,11.0
F-C,128,Nick Collison,71,25.8,8.2,3.4,6.0,56.8,0.0,0.0,0.0,1.4,1.9,72.1,2.5,4.3,6.9,0.9,0.7,0.7,1.0,13.3
G,129,Jason Kapono,80,22.9,8.2,3.3,7.6,43.2,1.2,2.9,42.8,0.4,0.5,81.0,0.3,1.7,2.0,1.3,0.3,0.0,0.9,6.6
G,130,Brandon Rush,75,24.0,8.1,3.2,7.7,42.3,1.0,2.8,37.3,0.6,0.9,69.7,0.5,2.7,3.1,0.9,0.5,0.5,1.0,7.4
G,131,Bobby Simmons,71,24.4,7.8,2.8,6.2,44.9,1.6,3.7,44.7,0.6,0.8,74.1,1.0,2.9,3.9,1.3,0.7,0.1,0.9,9.4
F,132,Daniel Gibson,75,23.9,7.8,2.7,7.0,39.1,1.4,3.8,38.2,0.9,1.1,76.7,0.4,1.7,2.1,1.8,0.6,0.2,0.8,7.1
C,133,J.J. Barea,79,20.3,7.8,3.1,7.1,44.2,0.7,1.9,35.7,0.9,1.2,75.3,0.5,1.8,2.2,3.4,0.5,0.1,1.3,8.4
G,134,Marreese Speights,79,16.0,7.7,3.2,6.4,50.2,0.0,0.1,25.0,1.3,1.7,77.3,1.6,2.2,3.7,0.4,0.3,0.7,0.6,8.7
F,135,Leon Powe,70,17.5,7.7,2.5,4.8,52.4,0.0,0.0,0.0,2.6,3.8,68.9,2.1,2.9,4.9,0.7,0.3,0.5,1.1,9.6
G,136,Joey Graham,78,19.8,7.7,3.0,6.2,48.1,0.0,0.2,18.8,1.7,2.1,82.5,1.2,2.5,3.7,0.6,0.4,0.2,0.9,8.1
F-G,137,Kyle Lowry,77,21.8,7.6,2.5,5.6,43.5,0.3,1.3,25.5,2.4,2.9,80.1,0.3,2.1,2.5,3.6,0.9,0.2,1.5,9.4
C,138,Bobby Jackson,71,20.9,7.5,2.7,6.8,39.8,0.8,2.8,30.5,1.2,1.4,85.1,0.6,2.2,2.8,2.0,0.9,0.1,0.9,8.0
F,139,Darius Songaila,77,19.8,7.4,3.2,5.9,53.2,0.0,0.0,0.0,1.0,1.2,88.9,1.0,2.0,2.9,1.2,0.8,0.3,1.0,8.7
F,140,Luc Mbah a Moute,82,25.8,7.2,2.8,6.0,46.2,0.0,0.0,0.0,1.7,2.3,72.9,2.3,3.6,5.9,1.1,1.1,0.5,1.2,10.8
F-G,141,Jamario Moon,80,25.9,7.2,2.8,5.9,46.8,0.8,2.3,35.5,0.9,1.0,85.0,0.7,3.8,4.6,1.2,1.1,0.8,0.5,11.0
F,142,Maurice Evans,80,23.0,7.2,2.6,6.0,43.2,1.2,3.1,39.5,0.8,0.9,82.2,1.1,1.9,3.0,0.7,0.6,0.1,0.5,7.5
F,143,Roy Hibbert,70,14.4,7.1,2.8,6.0,47.1,0.0,0.0,0.0,1.4,2.1,66.7,1.6,1.8,3.5,0.7,0.3,1.1,0.8,7.9
F,144,Wally Szczerbiak,74,20.6,7.0,2.4,5.4,45.0,0.9,2.3,41.1,1.2,1.4,84.9,0.6,2.6,3.1,1.1,0.4,0.1,0.7,7.8
G,145,Glen Davis,76,21.5,7.0,2.6,5.9,44.2,0.0,0.1,40.0,1.7,2.3,73.0,1.6,2.4,4.0,0.9,0.7,0.3,0.9,7.9
G,146,Steve Novak,71,16.4,6.9,2.5,5.6,44.4,1.7,4.0,41.6,0.3,0.3,91.3,0.3,1.5,1.8,0.6,0.3,0.1,0.3,6.2
F,147,Vladimir Radmanovic,78,18.5,6.9,2.5,6.0,42.1,1.3,3.4,40.1,0.6,0.7,74.1,0.6,2.3,2.8,1.0,0.6,0.2,1.3,6.7
G,148,Rasho Nesterovic,70,17.3,6.8,3.2,6.2,51.3,0.0,0.0,0.0,0.4,0.5,78.1,1.3,2.1,3.4,1.6,0.4,0.5,0.9,8.7
G,149,Joakim Noah,80,24.2,6.7,2.6,4.7,55.6,0.0,0.0,0.0,1.5,2.3,67.6,3.1,4.5,7.6,1.3,0.6,1.4,1.0,13.8
C,150,JaVale McGee,75,15.2,6.5,2.5,5.2,49.4,0.0,0.0,0.0,1.4,2.2,66.0,1.6,2.3,3.9,0.3,0.4,1.0,0.8,8.0
F,151,Samuel Dalembert,82,24.8,6.4,2.6,5.3,49.8,0.0,0.0,0.0,1.1,1.5,73.4,2.6,5.9,8.5,0.2,0.4,1.8,1.4,12.8
F,152,Chris Andersen,71,20.6,6.4,2.3,4.1,54.8,0.0,0.1,20.0,1.8,2.5,71.8,2.3,3.9,6.2,0.4,0.6,2.5,1.0,12.5
F,153,Zaza Pachulia,77,19.1,6.2,2.1,4.2,49.7,0.0,0.0,0.0,2.1,3.0,70.9,2.2,3.4,5.7,0.7,0.5,0.3,1.2,9.3
F-C,154,Jeff Foster,74,24.7,6.1,2.4,4.8,50.1,0.0,0.1,28.6,1.3,2.0,65.8,2.9,4.0,6.9,1.8,0.7,0.7,1.2,11.9
G,155,Ronny Turiaf,79,21.5,5.9,2.4,4.6,50.8,0.0,0.0,0.0,1.2,1.6,79.0,1.1,3.4,4.6,2.1,0.4,2.1,0.9,11.7
G,156,Jason Maxiell,78,18.1,5.8,2.4,4.1,57.5,0.0,0.0,0.0,1.1,2.0,53.2,2.2,2.0,4.2,0.3,0.3,0.8,0.6,8.1
F,157,Sasha Vujacic,80,16.2,5.8,1.9,5.0,38.7,1.0,2.8,36.3,0.9,1.0,92.1,0.2,1.5,1.7,1.4,1.0,0.1,0.4,6.3
G,158,George Hill,77,16.5,5.7,1.9,4.8,40.3,0.3,0.9,32.9,1.5,1.9,78.1,0.4,1.7,2.1,1.8,0.6,0.3,1.0,6.1
G-F,159,Erick Dampier,80,23.0,5.7,2.3,3.5,65.0,0.0,0.0,0.0,1.1,1.8,63.8,2.7,4.4,7.1,1.0,0.3,1.2,0.9,12.4
C,160,Darrell Arthur,76,19.3,5.6,2.5,5.7,43.8,0.0,0.0,0.0,0.5,0.8,66.7,1.4,3.1,4.6,0.6,0.7,0.7,0.6,7.9
C-F,161,Joel Przybilla,82,23.8,5.5,2.0,3.3,62.5,0.0,0.0,0.0,1.4,2.1,66.3,2.5,6.3,8.7,0.3,0.4,1.2,1.0,13.3
G,162,Dahntay Jones,79,18.1,5.4,1.9,4.3,45.8,0.1,0.2,64.7,1.4,1.9,72.8,0.7,1.4,2.1,1.0,0.6,0.2,0.9,5.7
F-G,163,Nicolas Batum,79,18.4,5.4,2.0,4.6,44.6,0.8,2.1,36.9,0.5,0.7,80.8,1.1,1.7,2.8,0.9,0.6,0.5,0.6,7.0
C,164,Anthony Carter,78,22.9,5.3,2.1,4.9,43.3,0.3,1.1,23.9,0.7,1.0,73.1,0.5,2.1,2.6,4.7,1.2,0.2,2.0,8.9
G-F,165,Anthony Johnson,80,18.5,5.3,1.9,4.8,40.4,0.7,1.7,39.1,0.8,1.0,75.3,0.4,1.5,1.8,2.5,0.6,0.1,1.0,6.1
F,166,Arron Afflalo,74,16.7,4.9,1.8,4.1,43.7,0.6,1.4,40.2,0.8,1.0,81.7,0.4,1.4,1.8,0.6,0.4,0.2,0.6,4.8
G,167,Tony Battie,77,15.6,4.8,2.1,4.2,48.9,0.0,0.1,22.2,0.7,1.1,65.9,1.2,2.4,3.6,0.4,0.3,0.3,0.6,6.4
F-G,168,Hilton Armstrong,70,15.6,4.8,2.0,3.5,56.1,0.0,0.0,0.0,0.9,1.4,63.3,1.2,1.6,2.8,0.4,0.4,0.6,1.1,5.8
C,169,Dominic McGuire,79,26.2,4.5,1.8,4.1,43.2,0.0,0.1,50.0,0.9,1.3,72.5,1.4,4.0,5.4,2.5,0.8,0.9,1.2,10.3
G,170,Sergio Rodriguez,80,15.3,4.5,1.6,4.1,39.2,0.5,1.4,32.5,0.8,1.0,79.2,0.5,1.1,1.6,3.6,0.7,0.0,1.5,6.2
G,171,Kurt Thomas,79,17.8,4.3,1.9,3.8,50.3,0.0,0.0,0.0,0.5,0.6,82.2,1.7,3.4,5.1,0.8,0.4,0.7,0.5,8.9
G,172,Lou Amundson,76,13.7,4.2,1.8,3.3,53.6,0.0,0.0,0.0,0.7,1.6,44.2,1.7,1.9,3.6,0.4,0.4,0.9,0.7,6.3
G,173,Roko Ukic,72,12.4,4.2,1.7,4.5,38.0,0.2,0.9,17.7,0.6,0.8,73.3,0.4,0.7,1.0,2.1,0.4,0.0,0.8,3.9
F,174,Antonio Daniels,74,13.8,4.1,1.3,3.2,41.9,0.3,0.8,36.7,1.1,1.4,80.0,0.1,1.0,1.0,2.4,0.4,0.0,0.8,4.9
F,175,Mikki Moore,70,17.2,3.9,1.6,2.9,55.3,0.0,0.0,0.0,0.7,0.9,78.7,1.1,2.6,3.7,0.8,0.2,0.3,0.7,6.7
G,176,Reggie Evans,79,14.4,3.3,1.0,2.3,44.4,0.0,0.0,0.0,1.3,2.2,59.4,1.7,2.9,4.6,0.3,0.5,0.1,0.9,5.8
F,177,Royal Ivey,71,12.1,3.0,1.0,2.9,33.2,0.5,1.6,34.2,0.5,0.6,79.1,0.3,0.8,1.1,0.6,0.5,0.1,0.3,2.8
F,178,Bruce Bowen,80,18.8,2.7,1.0,2.3,42.2,0.5,1.2,42.9,0.2,0.3,53.8,0.2,1.6,1.8,0.5,0.5,0.2,0.3,3.8
F,179,Brevin Knight,74,12.7,2.4,0.9,2.6,34.9,0.0,0.1,0.0,0.6,0.9,75.0,0.2,1.0,1.2,2.6,0.9,0.1,0.9,4.4
F,180,DeSagana Diop,75,13.8,2.3,1.0,2.3,43.3,0.0,0.0,0.0,0.3,0.9,33.3,1.5,2.1,3.6,0.4,0.4,0.7,0.5,5.1
F,181,Chuck Hayes,71,12.1,1.3,0.6,1.6,37.2,0.0,0.1,0.0,0.1,0.3,36.8,1.0,2.5,3.5,0.6,0.5,0.3,0.4,4.6
