pos,#,player,gp,min,pts,fgm,fga,fg%,3pm,3pa,3p%,ftm,fta,ft%,oreb,dreb,reb,ast,stl,blk,tov,eff
G,1,Kevin Durant,82,39.5,30.1,9.7,20.3,47.6,1.6,4.3,36.5,9.2,10.2,90.0,1.3,6.3,7.6,2.8,1.4,1.0,3.3,28.0
F-C,2,LeBron James,76,39.0,29.7,10.1,20.1,50.3,1.7,5.1,33.3,7.8,10.2,76.7,0.9,6.4,7.3,8.6,1.6,1.0,3.4,32.4
F-G,3,Carmelo Anthony,69,38.2,28.2,10.0,21.8,45.8,0.9,2.7,31.6,7.4,8.9,83.0,2.2,4.4,6.6,3.2,1.3,0.4,3.0,23.3
F,4,Kobe Bryant,73,38.8,27.0,9.8,21.5,45.6,1.4,4.1,32.9,6.0,7.4,81.1,1.1,4.3,5.4,5.0,1.5,0.3,3.2,22.9
G,5,Dwyane Wade,77,36.3,26.6,9.3,19.6,47.6,0.9,3.2,30.0,6.9,9.1,76.1,1.4,3.5,4.8,6.5,1.8,1.1,3.3,25.1
F,6,Monta Ellis,64,41.4,25.5,9.9,22.0,44.9,1.2,3.6,33.8,4.6,6.1,75.3,0.7,3.3,4.0,5.3,2.2,0.4,3.8,20.0
G,7,Dirk Nowitzki,81,37.5,25.0,8.9,18.5,48.1,0.6,1.5,42.1,6.6,7.2,91.5,1.0,6.7,7.7,2.7,0.9,1.0,1.8,25.2
G,8,Danny Granger,62,36.7,24.1,7.9,18.4,42.8,2.5,7.1,36.1,5.9,6.9,84.8,1.1,4.4,5.5,2.8,1.5,0.8,2.5,20.7
F,9,Chris Bosh,70,36.1,24.0,8.6,16.5,51.8,0.1,0.3,36.4,6.7,8.4,79.7,2.9,7.9,10.8,2.4,0.6,1.0,2.4,26.7
G,10,Amar'e Stoudemire,82,34.6,23.1,8.6,15.4,55.7,0.0,0.1,16.7,5.9,7.7,77.1,2.8,6.1,8.9,1.0,0.6,1.0,2.6,23.5
G,11,Joe Johnson,76,38.0,21.3,8.4,18.2,45.8,1.7,4.6,36.9,2.9,3.5,81.8,1.0,3.7,4.6,4.9,1.1,0.1,1.9,19.5
C,12,Derrick Rose,78,36.8,20.8,8.6,17.6,48.9,0.2,0.8,26.7,3.3,4.3,76.6,0.8,2.9,3.8,6.0,0.7,0.3,2.8,18.8
G,13,Zach Randolph,81,37.7,20.8,8.0,16.5,48.8,0.2,0.6,28.8,4.5,5.7,77.8,4.1,7.7,11.7,1.8,1.0,0.4,2.1,23.9
G,14,Stephen Jackson,81,38.6,20.6,7.4,17.5,42.3,1.6,4.9,32.8,4.2,5.4,77.9,1.0,4.0,5.0,3.7,1.6,0.5,3.2,16.9
G,15,David Lee,81,37.3,20.2,8.5,15.5,54.5,0.0,0.1,0.0,3.3,4.1,81.2,2.8,8.9,11.7,3.6,1.0,0.5,2.3,27.0
G,16,Tyreke Evans,72,37.2,20.1,7.4,16.2,45.8,0.5,2.0,25.5,4.8,6.5,74.8,0.9,4.4,5.3,5.8,1.5,0.4,3.0,19.6
F,17,Corey Maggette,70,29.7,19.8,6.5,12.7,51.6,0.2,0.7,26.0,6.6,7.9,83.5,1.3,4.0,5.3,2.5,0.7,0.1,2.4,18.6
F,18,Rudy Gay,80,39.7,19.6,7.5,16.1,46.6,0.8,2.5,32.7,3.8,5.0,75.3,1.4,4.5,5.9,1.9,1.5,0.8,2.1,17.7
G,19,Aaron Brooks,82,35.6,19.6,7.0,16.2,43.2,2.5,6.4,39.8,3.0,3.6,82.2,0.7,2.0,2.6,5.3,0.8,0.2,2.8,15.8
C,20,Chauncey Billups,73,34.1,19.5,5.5,13.2,41.8,2.2,5.6,38.6,6.4,7.0,91.0,0.3,2.8,3.1,5.6,1.1,0.1,2.4,18.8
G,21,Carlos Boozer,78,34.3,19.5,7.9,14.1,56.2,0.0,0.0,0.0,3.7,4.9,74.2,2.3,8.9,11.2,3.2,1.1,0.5,2.7,25.2
F,22,David West,81,36.4,19.0,7.6,15.1,50.5,0.1,0.3,25.9,3.7,4.2,86.5,2.0,5.4,7.5,3.0,0.9,0.7,2.1,20.9
G,23,Brook Lopez,82,36.9,18.8,6.9,13.8,49.9,0.0,0.0,0.0,5.1,6.2,81.7,3.3,5.4,8.6,2.3,0.7,1.7,2.5,21.6
F,24,Deron Williams,76,36.9,18.7,6.5,13.9,46.9,1.3,3.4,37.1,4.4,5.5,80.1,0.7,3.3,4.0,10.5,1.3,0.2,3.3,22.9
G,25,Chris Kaman,76,34.3,18.5,7.8,15.8,49.0,0.0,0.1,0.0,3.0,4.0,74.9,2.4,6.8,9.3,1.6,0.5,1.2,2.9,19.1
G,26,Dwight Howard,82,34.7,18.3,6.2,10.2,61.2,0.0,0.1,0.0,5.9,10.0,59.2,3.5,9.7,13.2,1.8,0.9,2.8,3.3,25.6
F,27,Paul Pierce,71,34.0,18.3,5.8,12.2,47.2,1.5,3.7,41.4,5.2,6.1,85.2,0.5,3.8,4.4,3.1,1.2,0.4,2.3,17.6
G,28,Gerald Wallace,76,41.0,18.2,6.0,12.4,48.4,0.7,1.8,37.1,5.6,7.2,77.6,2.0,8.1,10.0,2.1,1.5,1.1,2.3,22.7
F,29,Jamal Crawford,79,31.1,18.0,6.3,14.0,44.9,2.1,5.4,38.2,3.4,4.0,85.7,0.4,2.1,2.5,3.0,0.8,0.2,1.7,14.5
C,30,Tim Duncan,78,31.3,17.9,7.2,13.9,51.8,0.0,0.1,18.2,3.5,4.8,72.5,2.8,7.3,10.1,3.2,0.6,1.5,1.8,23.4
G,31,LaMarcus Aldridge,78,37.5,17.9,7.4,15.0,49.5,0.1,0.2,31.3,2.9,3.9,75.7,2.5,5.6,8.0,2.1,0.9,0.6,1.3,19.6
G,32,Al Harrington,72,30.5,17.7,6.2,14.3,43.5,1.9,5.7,34.2,3.3,4.4,75.7,1.2,4.4,5.6,1.5,0.9,0.4,1.8,15.1
G-F,33,Luol Deng,70,37.9,17.6,6.8,14.5,46.6,0.5,1.2,38.6,3.6,4.7,76.4,1.9,5.4,7.3,2.0,0.9,0.9,1.9,18.0
F,34,Stephen Curry,80,36.2,17.5,6.6,14.3,46.2,2.1,4.8,43.7,2.2,2.5,88.5,0.6,3.9,4.5,5.9,1.9,0.2,3.0,19.0
F,35,O.J. Mayo,82,38.0,17.5,6.6,14.4,45.8,1.7,4.3,38.3,2.6,3.2,80.9,0.7,3.0,3.8,3.0,1.2,0.2,2.1,15.0
C-F,36,Andrea Bargnani,80,35.0,17.2,6.7,14.3,47.0,1.5,4.1,37.2,2.3,2.9,77.4,1.3,4.9,6.2,1.2,0.3,1.4,1.5,16.5
G,37,Al Jefferson,76,32.4,17.1,7.4,14.8,49.8,0.0,0.1,0.0,2.4,3.5,68.0,2.4,6.9,9.3,1.8,0.8,1.3,1.8,19.9
F-G,38,Andre Iguodala,82,38.9,17.1,6.0,13.7,44.3,1.1,3.7,31.0,3.8,5.2,73.3,1.0,5.5,6.5,5.8,1.7,0.7,2.7,20.0
G,39,Carl Landry,80,30.9,16.8,6.2,11.6,53.6,0.0,0.0,33.3,4.3,5.3,80.6,2.4,3.5,5.9,0.8,0.7,0.8,1.7,16.8
C,40,Rodney Stuckey,73,34.2,16.6,6.2,15.2,40.5,0.2,1.1,22.8,4.1,4.9,83.3,0.9,2.9,3.8,4.8,1.4,0.2,2.2,14.7
G-F,41,Jason Terry,77,33.0,16.6,5.9,13.5,43.8,1.8,4.8,36.5,3.0,3.5,86.6,0.2,1.6,1.8,3.8,1.2,0.2,1.4,14.2
G,42,Vince Carter,75,30.8,16.6,5.8,13.5,42.8,1.6,4.3,36.7,3.4,4.1,84.0,0.4,3.5,3.9,3.1,0.7,0.2,1.4,14.8
C,43,Manu Ginobili,75,28.7,16.5,5.3,12.0,44.1,1.8,4.7,37.7,4.1,4.7,87.0,0.9,2.9,3.8,4.9,1.4,0.3,2.1,17.5
F-C,44,Steve Nash,81,32.8,16.5,6.2,12.2,50.7,1.5,3.6,42.6,2.6,2.8,93.8,0.4,2.9,3.3,11.0,0.5,0.1,3.6,21.6
F,45,Ray Allen,80,35.2,16.3,5.8,12.2,47.7,1.8,5.0,36.3,2.9,3.2,91.3,0.6,2.6,3.2,2.6,0.8,0.3,1.6,15.0
F,46,Caron Butler,74,37.6,16.3,6.1,14.2,42.8,0.6,2.0,29.0,3.6,4.3,83.8,1.4,4.8,6.2,2.1,1.6,0.3,2.2,15.6
G,47,Luis Scola,82,32.6,16.2,6.8,13.3,51.4,0.0,0.1,20.0,2.5,3.3,77.9,2.1,6.5,8.6,2.1,0.8,0.3,2.0,18.8
F-G,48,Russell Westbrook,82,34.3,16.1,5.9,14.1,41.8,0.3,1.3,22.1,4.0,5.1,78.0,1.7,3.1,4.9,8.0,1.3,0.4,3.3,18.1
G-F,49,Jason Richardson,79,31.5,15.7,6.0,12.6,47.4,2.0,5.1,39.3,1.7,2.3,73.9,1.0,4.1,5.1,1.8,0.8,0.4,1.2,15.4
F-G,50,Josh Smith,81,35.4,15.7,6.2,12.3,50.5,0.0,0.1,0.0,3.2,5.2,61.8,2.8,6.0,8.7,4.2,1.6,2.1,2.4,21.8
G,51,Brandon Jennings,82,32.6,15.5,5.5,14.8,37.1,1.8,4.7,37.4,2.7,3.3,81.7,0.6,2.8,3.4,5.7,1.3,0.2,2.4,13.8
G,52,JR Smith,75,27.8,15.4,5.7,13.8,41.4,2.1,6.2,33.8,1.9,2.7,70.6,0.4,2.7,3.1,2.4,1.3,0.3,1.9,11.9
F,53,John Salmons,81,34.9,15.4,5.4,12.2,44.1,1.5,3.8,38.2,3.1,3.8,83.0,0.4,2.9,3.3,2.8,1.2,0.3,1.5,14.0
C,54,Baron Davis,75,33.6,15.3,5.5,13.5,40.6,1.1,3.9,27.7,3.2,3.9,82.1,0.7,2.9,3.5,8.0,1.7,0.6,2.8,17.5
F,55,Jeff Green,82,37.1,15.1,5.9,13.0,45.3,1.3,3.8,33.3,2.0,2.7,74.0,1.4,4.6,6.0,1.6,1.3,0.9,1.6,15.4
G,56,Danilo Gallinari,81,33.9,15.1,4.8,11.4,42.3,2.3,6.0,38.1,3.1,3.8,81.8,0.8,4.1,4.9,1.7,0.9,0.7,1.4,14.6
G-F,57,Trevor Ariza,72,36.5,14.9,5.5,13.9,39.4,1.9,5.7,33.4,2.1,3.2,64.9,1.1,4.5,5.6,3.8,1.8,0.6,2.2,14.9
F,58,Michael Beasley,78,29.8,14.8,6.0,13.3,45.0,0.4,1.3,27.5,2.5,3.1,80.0,1.6,4.8,6.4,1.3,1.0,0.6,1.7,14.5
F,59,Troy Murphy,72,32.6,14.6,5.3,11.3,47.2,1.8,4.6,38.4,2.1,2.7,79.8,1.8,8.4,10.2,2.1,1.0,0.5,1.4,20.5
C,60,Marcus Thornton,73,25.6,14.5,5.5,12.1,45.1,1.6,4.3,37.4,2.0,2.4,81.4,1.0,1.9,2.9,1.6,0.8,0.2,1.0,11.7
F,61,Al Horford,81,35.1,14.2,5.8,10.5,55.1,0.0,0.0,100.0,2.6,3.3,78.9,2.9,7.0,9.9,2.3,0.7,1.1,1.5,21.3
G,62,Andray Blatche,81,27.9,14.1,5.9,12.3,47.8,0.2,0.5,29.5,2.1,2.9,74.4,2.0,4.3,6.3,2.1,1.0,0.9,2.2,15.0
F,63,Rashard Lewis,72,32.9,14.1,4.9,11.2,43.5,2.3,5.9,39.7,2.0,2.5,80.6,0.9,3.6,4.4,1.5,1.1,0.4,1.5,13.1
F,64,Andre Miller,82,30.5,14.0,4.9,11.1,44.5,0.2,1.0,20.0,3.9,4.8,82.1,1.0,2.3,3.2,5.4,1.1,0.1,2.1,14.8
C,65,Nene,82,33.6,13.8,5.1,8.7,58.7,0.0,0.0,0.0,3.6,5.1,70.4,2.0,5.6,7.6,2.5,1.4,1.0,1.5,19.7
G,66,Rajon Rondo,81,36.6,13.7,5.7,11.2,50.8,0.2,1.0,21.3,2.2,3.5,62.1,1.2,3.2,4.4,9.8,2.3,0.1,3.0,20.6
F,67,Jermaine O'Neal,70,28.4,13.6,5.6,10.6,52.9,0.0,0.0,0.0,2.3,3.2,72.0,1.8,5.2,6.9,1.3,0.4,1.4,1.8,15.8
C,68,Mehmet Okur,73,29.4,13.5,4.9,10.6,45.8,1.1,2.9,38.5,2.7,3.3,82.0,1.8,5.2,7.1,1.6,0.5,1.1,1.7,15.8
F,69,Jonny Flynn,81,28.9,13.5,4.9,11.8,41.7,1.0,2.7,35.8,2.8,3.3,82.6,0.3,2.1,2.4,4.4,1.0,0.0,2.9,11.0
C,70,Elton Brand,76,30.2,13.1,5.4,11.3,48.0,0.0,0.0,0.0,2.3,3.1,73.8,2.4,3.7,6.1,1.4,1.1,1.1,1.7,14.3
G,71,Corey Brewer,82,30.3,13.0,5.0,11.6,43.1,1.0,2.9,34.6,2.0,3.1,64.8,0.9,2.5,3.4,2.4,1.4,0.4,2.0,10.9
G,72,Beno Udrih,79,31.4,12.9,5.3,10.6,49.3,0.9,2.5,37.7,1.5,1.8,83.7,0.5,2.3,2.8,4.7,1.1,0.1,1.7,14.3
F,73,Jason Thompson,75,31.4,12.5,4.9,10.5,47.2,0.0,0.1,10.0,2.6,3.7,71.5,3.0,5.5,8.5,1.7,0.5,1.0,1.9,15.8
F,74,Courtney Lee,71,33.5,12.5,4.8,10.9,43.6,1.1,3.2,33.8,1.9,2.2,86.9,0.8,2.7,3.5,1.7,1.3,0.3,1.1,11.8
F,75,Darren Collison,76,27.8,12.4,4.9,10.4,47.7,0.6,1.5,40.0,1.9,2.3,85.1,0.5,2.0,2.5,5.7,1.0,0.1,2.7,13.3
G-F,76,George Hill,78,29.2,12.4,4.5,9.5,47.8,1.0,2.4,39.9,2.3,3.0,77.2,0.5,2.1,2.6,2.9,0.9,0.3,1.3,12.2
G-F,77,Richard Jefferson,81,31.1,12.3,4.5,9.6,46.7,0.7,2.3,31.6,2.6,3.5,73.5,0.7,3.7,4.4,2.0,0.6,0.5,1.3,12.3
G,78,Raymond Felton,80,33.0,12.1,4.9,10.6,45.9,0.8,2.0,38.5,1.7,2.2,76.3,0.7,2.9,3.6,5.6,1.5,0.3,2.1,14.8
F,79,Mike Conley,80,32.1,12.0,4.6,10.4,44.5,1.0,2.7,38.7,1.7,2.3,74.3,0.4,2.0,2.4,5.3,1.4,0.2,2.1,12.7
C,80,Shawn Marion,75,31.8,12.0,5.3,10.4,50.8,0.0,0.3,15.8,1.4,1.9,75.5,2.1,4.3,6.4,1.4,0.9,0.8,1.3,14.6
G,81,Rasual Butler,82,33.0,11.9,4.3,10.6,40.9,1.8,5.3,33.6,1.5,1.8,84.1,0.5,2.5,2.9,1.4,0.4,0.8,1.0,10.0
F-C,82,Charlie Villanueva,78,23.7,11.9,4.7,10.6,43.9,1.3,3.6,35.1,1.4,1.7,81.5,1.1,3.6,4.7,0.7,0.6,0.7,0.9,11.4
G,83,Roy Hibbert,81,25.1,11.7,4.8,9.7,49.5,0.0,0.1,50.0,2.1,2.8,75.4,2.2,3.5,5.7,2.0,0.4,1.6,1.8,14.0
F,84,Paul Millsap,82,27.8,11.6,4.7,8.7,53.8,0.0,0.1,11.1,2.2,3.2,69.3,2.3,4.5,6.8,1.6,0.8,1.2,1.4,15.6
C,85,Jarrett Jack,82,27.4,11.4,3.9,8.2,48.1,1.0,2.4,41.2,2.5,2.9,84.2,0.4,2.3,2.7,5.0,0.7,0.1,2.0,13.2
C,86,Hedo Turkoglu,74,30.7,11.3,3.7,9.1,40.9,1.5,3.9,37.4,2.4,3.1,77.4,0.6,4.1,4.6,4.1,0.7,0.4,1.7,13.4
G-F,87,Boris Diaw,82,35.4,11.3,4.5,9.4,48.3,0.8,2.5,32.0,1.4,1.8,76.9,1.6,3.6,5.2,4.0,0.7,0.7,2.2,14.4
F,88,Grant Hill,81,30.0,11.3,4.1,8.7,47.8,0.4,1.0,43.8,2.5,3.1,81.7,0.9,4.6,5.5,2.4,0.7,0.4,1.3,13.9
G,89,Channing Frye,81,27.0,11.2,3.9,8.7,45.1,2.1,4.8,43.9,1.2,1.5,81.0,0.8,4.5,5.3,1.4,0.8,0.9,0.9,13.6
C,90,Carlos Delfino,75,30.4,11.0,4.0,9.8,40.8,1.8,4.9,36.7,1.2,1.6,78.2,0.7,4.6,5.3,2.7,1.1,0.3,1.6,12.6
G,91,Metta World Peace,77,33.8,11.0,4.0,9.6,41.4,1.4,3.8,35.5,1.7,2.4,68.8,1.3,3.0,4.3,3.0,1.4,0.3,1.6,12.0
F-G,92,Ryan Gomes,76,29.1,10.9,4.3,9.6,44.7,1.0,2.6,37.2,1.4,1.7,82.5,1.0,3.6,4.6,1.6,0.8,0.2,1.3,11.3
G,93,Drew Gooden,70,25.1,10.9,4.1,8.6,47.8,0.0,0.1,12.5,2.7,3.1,86.1,3.0,4.8,7.7,0.7,0.6,0.8,1.5,14.3
F-C,94,Kirk Hinrich,74,33.5,10.9,4.2,10.2,40.9,1.4,3.8,37.1,1.1,1.5,75.2,0.3,3.2,3.5,4.5,1.1,0.3,1.5,12.4
F,95,Lamar Odom,82,31.5,10.8,4.2,9.0,46.3,0.7,2.2,31.9,1.7,2.5,69.3,2.2,7.5,9.8,3.3,0.9,0.7,1.8,18.0
G,96,Al Thornton,75,27.7,10.7,4.3,9.0,47.3,0.1,0.4,35.5,2.0,2.8,72.5,1.5,2.4,3.9,1.2,0.6,0.5,1.4,10.0
G-F,97,Luke Ridnour,82,21.5,10.4,4.0,8.4,47.8,0.8,2.2,38.1,1.5,1.7,90.7,0.3,1.5,1.7,4.0,0.7,0.1,1.3,11.0
C,98,Ersan Ilyasova,81,23.4,10.4,4.0,9.0,44.3,1.0,3.0,33.6,1.4,2.0,71.5,1.9,4.4,6.4,1.0,0.7,0.3,0.9,12.3
G-F,99,Emeka Okafor,82,28.9,10.4,4.2,8.0,53.0,0.0,0.0,0.0,1.9,3.3,56.2,3.1,6.0,9.0,0.7,0.7,1.5,1.4,15.7
C-F,100,Jason Kidd,80,36.0,10.3,3.6,8.4,42.3,2.2,5.2,42.5,1.0,1.2,80.8,0.6,5.0,5.6,9.1,1.8,0.4,2.4,19.7
G,101,Omri Casspi,77,25.1,10.3,3.9,8.7,44.6,1.0,2.6,36.9,1.5,2.3,67.2,1.0,3.6,4.5,1.2,0.7,0.2,1.3,10.1
C,102,Dahntay Jones,76,24.9,10.2,3.8,8.2,46.1,0.1,0.4,12.5,2.6,3.4,77.0,0.6,2.4,3.0,2.0,0.5,0.5,1.7,9.3
F,103,Kendrick Perkins,78,27.6,10.1,4.0,6.7,60.2,0.0,0.0,0.0,2.1,3.6,58.2,2.0,5.6,7.6,1.0,0.3,1.7,2.1,14.5
F,104,Marvin Williams,81,30.5,10.1,3.7,8.2,45.5,0.5,1.6,30.3,2.2,2.7,81.9,1.3,3.8,5.1,1.1,0.8,0.6,0.9,12.0
F-G,105,Randy Foye,70,23.8,10.1,3.7,8.8,41.4,0.9,2.6,34.6,1.8,2.1,89.0,0.2,1.6,1.9,3.3,0.5,0.1,1.3,9.0
G,106,Spencer Hawes,72,26.4,10.0,4.3,9.3,46.8,0.4,1.2,29.9,1.0,1.5,68.9,2.0,4.0,6.1,2.2,0.4,1.2,1.8,12.7
G,107,Flip Murray,75,22.3,9.9,3.6,9.1,39.2,0.9,2.9,31.2,1.9,2.6,72.7,0.4,2.1,2.4,1.8,0.6,0.2,1.2,7.6
C-F,108,James Harden,76,22.9,9.9,3.1,7.6,40.3,1.2,3.3,37.5,2.6,3.2,80.8,0.6,2.6,3.2,1.8,1.1,0.3,1.4,9.7
G,109,Udonis Haslem,78,27.9,9.9,4.0,8.1,49.4,0.0,0.0,0.0,1.9,2.5,76.2,2.1,5.9,8.1,0.7,0.4,0.3,1.0,13.6
G,110,Hakim Warrick,76,20.5,9.6,3.5,7.2,48.2,0.0,0.1,14.3,2.7,3.6,73.7,1.7,2.5,4.1,0.7,0.3,0.2,1.1,9.3
G-F,111,JJ Redick,82,22.0,9.6,3.0,6.7,43.9,1.4,3.3,40.5,2.3,2.7,86.0,0.2,1.7,1.9,1.9,0.3,0.0,0.8,8.9
F,112,Brandon Rush,82,30.4,9.4,3.6,8.6,42.3,1.5,3.7,41.1,0.7,1.1,62.9,0.5,3.7,4.2,1.4,0.7,0.8,1.1,10.0
F-C,113,Wesley Matthews,82,24.7,9.4,3.3,6.9,48.3,0.8,2.0,38.2,2.0,2.4,82.9,0.6,1.7,2.3,1.5,0.8,0.2,1.1,9.1
F,114,Martell Webster,82,24.5,9.4,3.2,7.8,40.5,1.5,4.0,37.3,1.5,1.9,81.3,0.6,2.7,3.3,0.8,0.5,0.5,0.7,8.7
G,115,Jonas Jerebko,80,27.9,9.3,3.6,7.5,48.1,0.5,1.4,31.3,1.6,2.2,71.0,2.4,3.6,6.0,0.7,1.0,0.4,1.0,11.7
G-F,116,Brendan Haywood,77,30.6,9.1,3.6,6.4,56.2,0.0,0.0,0.0,2.0,3.2,62.0,3.6,5.7,9.3,0.6,0.3,2.1,1.3,16.1
G,117,Mike Bibby,80,27.4,9.1,3.4,8.1,41.6,1.6,4.1,38.9,0.9,1.0,86.1,0.3,2.1,2.3,3.9,0.8,0.0,1.1,10.2
F-C,118,Rasheed Wallace,79,22.5,9.0,3.4,8.2,40.9,1.0,3.7,28.3,1.2,1.6,76.8,0.5,3.6,4.1,1.0,1.0,0.9,0.8,10.0
F,119,Taj Gibson,82,26.9,9.0,3.8,7.7,49.4,0.0,0.0,0.0,1.4,2.1,64.6,2.8,4.7,7.5,0.9,0.6,1.3,1.4,13.1
F,120,Quentin Richardson,76,27.4,8.9,3.2,7.4,43.1,1.9,4.7,39.7,0.7,0.9,73.2,0.8,4.1,4.9,1.2,0.9,0.2,0.8,11.0
F,121,Chase Budinger,74,20.1,8.9,3.4,7.6,44.1,1.2,3.4,36.9,0.9,1.2,77.0,0.5,2.5,3.0,1.2,0.5,0.1,0.6,8.5
G,122,Matt Barnes,81,25.9,8.8,3.3,6.9,48.7,0.8,2.6,31.9,1.3,1.8,74.0,1.3,4.2,5.5,1.7,0.7,0.4,1.4,11.7
F-C,123,Arron Afflalo,82,27.1,8.8,3.3,7.1,46.5,1.3,3.0,43.4,0.9,1.2,73.5,0.7,2.4,3.1,1.7,0.6,0.4,0.9,9.5
G,124,Brad Miller,82,23.8,8.8,3.0,7.1,43.0,0.5,1.6,28.0,2.2,2.7,82.7,1.0,3.9,4.9,1.9,0.5,0.4,1.3,10.6
F-G,125,Willie Green,73,21.3,8.7,3.4,7.4,45.7,0.6,1.9,34.6,1.3,1.6,83.3,0.3,1.5,1.8,2.1,0.4,0.2,0.9,8.0
F,126,Mickael Pietrus,75,22.5,8.7,3.1,7.2,43.2,1.5,4.1,37.9,0.9,1.5,63.3,0.5,2.3,2.9,0.7,0.7,0.4,0.9,7.8
F-G,127,Nick Young,74,19.2,8.6,3.1,7.5,41.8,0.9,2.3,40.6,1.4,1.8,80.0,0.3,1.1,1.4,0.6,0.4,0.1,0.8,5.6
F-C,128,DeMar DeRozan,77,21.6,8.6,3.3,6.6,49.8,0.1,0.2,25.0,1.9,2.5,76.3,0.9,2.0,2.9,0.7,0.6,0.2,0.8,8.2
G,129,Anderson Varejao,76,28.5,8.6,3.5,6.1,57.2,0.0,0.1,20.0,1.5,2.3,66.3,2.5,5.1,7.6,1.1,0.9,0.9,0.9,14.8
G,130,Jerryd Bayless,74,17.6,8.5,2.7,6.5,41.4,0.4,1.2,31.5,2.7,3.3,83.1,0.2,1.4,1.6,2.3,0.4,0.1,1.3,7.2
G,131,Donte Greene,76,21.4,8.5,3.2,7.3,44.1,0.9,2.4,37.7,1.2,1.8,64.3,0.7,2.4,3.1,0.9,0.5,0.7,1.2,7.8
F,132,JJ Hickson,81,20.9,8.5,3.6,6.4,55.4,0.0,0.0,0.0,1.4,2.0,68.1,1.4,3.6,4.9,0.5,0.4,0.5,1.1,10.2
C,133,Andres Nocioni,75,19.7,8.5,3.1,7.8,39.9,1.3,3.3,38.6,0.9,1.3,71.7,0.4,2.5,3.0,1.0,0.4,0.3,0.9,7.2
G,134,Terrence Williams,78,22.6,8.4,3.3,8.3,40.1,0.4,1.3,31.0,1.3,1.8,71.5,0.6,3.9,4.5,2.9,0.6,0.1,1.6,9.3
F,135,Nenad Krstic,76,22.9,8.4,3.7,7.4,50.2,0.0,0.1,20.0,1.0,1.4,71.7,1.8,3.3,5.0,0.7,0.4,0.6,0.8,10.3
G,136,Jared Dudley,82,24.3,8.2,2.7,6.0,45.9,1.5,3.2,45.8,1.3,1.7,75.4,1.2,2.2,3.4,1.4,1.0,0.2,0.8,9.8
F-G,136,Ramon Sessions,82,21.1,8.2,3.1,6.8,45.6,0.0,0.2,6.7,2.0,2.8,71.7,0.7,1.9,2.6,3.1,0.7,0.1,1.7,8.5
C,138,Samuel Dalembert,82,25.9,8.1,3.5,6.4,54.5,0.0,0.0,0.0,1.2,1.6,72.9,2.9,6.6,9.6,0.8,0.5,1.8,1.5,16.0
F,138,Shannon Brown,82,20.7,8.1,3.1,7.2,42.7,0.8,2.3,32.8,1.2,1.5,81.8,0.4,1.9,2.2,1.3,0.7,0.4,0.8,7.5
F,140,Jrue Holiday,73,24.2,8.0,3.2,7.1,44.2,0.8,2.2,39.0,0.9,1.2,75.6,0.8,1.8,2.6,3.8,1.1,0.2,2.1,9.4
F-G,141,Goran Dragic,80,18.0,7.9,2.8,6.1,45.2,0.9,2.4,39.4,1.5,2.0,73.6,0.5,1.7,2.1,3.0,0.6,0.1,1.6,8.3
F,142,Earl Watson,79,29.4,7.8,2.8,6.6,42.6,0.7,2.3,28.8,1.5,2.1,71.0,0.7,2.4,3.0,5.1,1.3,0.2,2.2,10.8
F,143,Craig Smith,75,16.4,7.8,3.0,5.3,56.9,0.0,0.1,20.0,1.8,2.8,63.5,1.3,2.5,3.8,1.1,0.4,0.3,1.2,9.1
F,144,DeJuan Blair,82,18.2,7.8,3.4,6.0,55.6,0.0,0.0,0.0,1.1,2.0,54.7,2.4,4.0,6.4,0.8,0.6,0.5,1.4,11.1
G,145,J.J. Barea,78,19.8,7.6,3.0,6.8,44.0,0.7,2.0,35.7,1.0,1.2,84.4,0.2,1.7,1.9,3.3,0.4,0.1,1.3,8.1
G,146,Marcus Camby,74,31.3,7.5,3.2,6.8,47.5,0.0,0.1,28.6,1.1,1.6,63.9,3.4,8.4,11.8,2.5,1.3,2.0,1.2,19.7
F,147,Derek Fisher,82,27.2,7.5,2.6,6.8,38.0,1.0,2.7,34.8,1.4,1.6,85.6,0.3,1.8,2.1,2.5,1.1,0.1,1.0,7.8
G,148,Sam Young,80,16.5,7.4,2.8,6.2,45.1,0.1,0.7,19.6,1.7,2.2,77.7,1.0,1.6,2.5,0.7,0.4,0.3,1.2,6.2
G,149,Anthony Parker,81,28.3,7.3,2.5,5.9,43.4,1.3,3.2,41.4,0.9,1.2,78.9,0.4,2.5,2.9,1.9,0.8,0.2,0.9,8.7
C,150,Steve Blake,80,27.0,7.3,2.7,6.5,41.6,1.5,3.7,39.5,0.5,0.6,75.0,0.3,2.1,2.3,4.8,0.7,0.1,1.6,9.7
F,151,Darius Songaila,75,18.8,7.2,3.2,6.5,49.4,0.0,0.1,16.7,0.8,1.0,81.1,0.8,2.3,3.1,0.9,0.8,0.2,1.1,7.7
F,152,Jordan Farmar,82,18.0,7.2,2.7,6.3,43.5,1.0,2.8,37.6,0.7,1.0,67.1,0.2,1.4,1.6,1.5,0.6,0.1,0.9,6.4
F,153,Mario Chalmers,73,24.8,7.1,2.5,6.2,40.1,1.0,3.2,31.8,1.1,1.5,74.5,0.3,1.5,1.8,3.4,1.2,0.2,1.7,8.0
F-C,154,Dorell Wright,72,20.8,7.1,2.7,5.8,46.3,0.8,2.2,38.9,0.8,1.0,88.4,0.7,2.6,3.3,1.3,0.7,0.4,0.7,8.8
G,155,Jason Maxiell,76,20.4,6.8,2.8,5.5,51.1,0.0,0.0,0.0,1.2,2.0,57.4,2.1,3.2,5.3,0.5,0.5,0.5,0.9,9.1
G,156,Wayne Ellington,76,18.2,6.6,2.5,5.9,42.4,0.8,2.1,39.5,0.8,0.9,87.1,0.4,1.7,2.1,1.0,0.3,0.1,1.0,5.6
F,157,Charlie Bell,71,22.7,6.5,2.4,6.2,38.1,1.0,2.8,36.5,0.7,0.9,71.6,0.4,1.4,1.9,1.5,0.5,0.2,0.8,5.6
G,158,D.J. Augustin,80,18.4,6.4,2.1,5.4,38.6,0.9,2.2,39.3,1.3,1.6,77.9,0.1,1.1,1.2,2.4,0.6,0.1,0.9,6.0
G-F,159,Roger Mason Jr.,79,19.2,6.3,2.4,6.3,38.9,1.1,3.3,33.3,0.3,0.4,79.4,0.1,1.9,2.1,1.7,0.4,0.2,0.7,6.0
C,160,Serge Ibaka,73,18.1,6.3,2.8,5.1,54.3,0.0,0.0,50.0,0.8,1.3,63.0,1.9,3.5,5.4,0.1,0.3,1.3,0.9,9.8
C-F,161,Amir Johnson,82,17.7,6.2,2.5,4.1,62.3,0.0,0.0,0.0,1.2,1.8,63.8,1.9,2.9,4.8,0.6,0.5,0.8,0.8,10.0
G,162,Luc Mbah a Moute,73,25.6,6.2,2.4,5.1,48.0,0.1,0.2,35.3,1.3,1.8,69.9,2.3,3.1,5.5,1.1,0.8,0.5,1.0,10.0
F-G,163,Ryan Hollins,73,16.8,6.1,2.3,4.2,55.8,0.0,0.0,0.0,1.5,2.2,69.0,1.1,1.8,2.8,0.7,0.3,0.5,1.3,6.6
C,164,Carlos Arroyo,72,22.0,6.1,2.5,5.2,47.5,0.1,0.3,28.0,1.1,1.3,84.4,0.4,1.4,1.8,3.1,0.5,0.1,0.8,7.9
G-F,165,Jason Williams,82,20.8,6.0,2.3,5.2,44.4,1.0,2.7,38.0,0.4,0.5,75.6,0.1,1.5,1.5,3.6,0.6,0.0,1.1,7.8
F,166,Juwan Howard,73,22.4,6.0,2.6,5.1,50.9,0.0,0.0,0.0,0.8,1.0,78.6,1.5,3.1,4.6,0.8,0.4,0.1,1.0,8.2
G,167,Thabo Sefolosha,82,28.6,6.0,2.4,5.4,44.0,0.5,1.6,31.3,0.7,1.1,67.4,0.9,3.8,4.7,1.8,1.2,0.6,1.1,9.7
F-G,168,Chris Andersen,76,22.3,5.9,1.9,3.3,56.6,0.0,0.0,0.0,2.2,3.1,69.5,1.9,4.4,6.4,0.4,0.6,1.9,0.8,12.0
C,169,Nick Collison,75,20.8,5.9,2.4,4.1,58.9,0.0,0.1,25.0,1.0,1.4,69.2,2.0,3.1,5.1,0.5,0.5,0.6,0.8,9.6
G,170,Antonio McDyess,77,21.0,5.8,2.7,5.6,47.9,0.0,0.0,0.0,0.5,0.7,63.2,1.9,4.0,5.9,1.1,0.6,0.4,1.0,9.6
G,171,Maurice Evans,79,16.7,5.7,2.2,5.0,44.5,0.7,2.1,33.7,0.6,0.8,75.4,0.7,1.2,1.9,0.6,0.4,0.2,0.3,5.7
G,172,Damien Wilkins,80,19.8,5.6,2.1,4.8,43.3,0.2,0.8,29.5,1.3,1.6,79.8,0.9,2.2,3.1,1.7,0.8,0.3,1.0,7.6
G,173,Jared Jeffries,70,25.6,5.3,2.0,4.5,43.9,0.3,1.0,29.6,1.1,1.7,62.5,1.9,2.3,4.1,1.4,0.9,1.0,1.1,8.5
F,174,James Posey,77,22.5,5.2,1.6,4.5,36.5,1.1,3.1,33.5,0.9,1.0,82.5,0.4,3.9,4.3,1.5,0.5,0.2,0.7,8.1
F,175,DeAndre Jordan,70,16.2,4.8,2.1,3.4,60.5,0.0,0.0,0.0,0.7,1.8,37.5,1.7,3.3,5.0,0.3,0.2,0.9,1.1,7.7
G,176,Eric Maynor,81,15.7,4.7,1.9,4.5,41.8,0.3,0.9,31.0,0.6,0.9,72.2,0.3,1.3,1.6,3.3,0.5,0.1,1.0,6.3
F,177,Lou Amundson,79,14.8,4.7,1.9,3.5,55.1,0.0,0.0,0.0,0.8,1.6,54.5,1.6,2.8,4.4,0.4,0.3,0.9,0.7,7.7
F,178,Keith Bogans,79,19.7,4.4,1.5,3.8,40.3,0.9,2.5,35.7,0.5,0.6,74.0,0.3,1.9,2.2,1.2,0.6,0.2,0.7,5.5
F,179,Chuck Hayes,82,21.6,4.4,2.0,4.0,48.9,0.0,0.0,0.0,0.4,0.8,54.5,1.8,3.8,5.7,1.7,0.9,0.5,0.9,9.8
F,180,Zaza Pachulia,78,14.0,4.3,1.5,3.2,48.8,0.0,0.1,0.0,1.2,1.8,65.0,1.5,2.3,3.8,0.5,0.5,0.4,0.7,6.4
F,181,Stephen Graham,70,11.5,4.2,1.7,3.4,49.6,0.2,0.7,32.0,0.6,0.9,64.6,0.3,1.6,1.9,0.3,0.3,0.1,0.5,4.3
G,182,Sasha Pavlovic,71,12.4,3.7,1.5,4.2,36.3,0.5,1.7,29.7,0.1,0.4,38.5,0.2,1.5,1.6,0.8,0.3,0.1,0.7,2.9
F,183,Marcin Gortat,81,13.4,3.6,1.5,2.8,53.3,0.0,0.0,0.0,0.6,0.9,68.0,1.3,2.9,4.2,0.2,0.2,0.9,0.6,6.9
G,184,Jeff Teague,71,10.1,3.2,1.3,3.2,39.6,0.1,0.5,21.9,0.6,0.7,83.7,0.1,0.9,0.9,1.7,0.5,0.2,0.7,3.8
G,185,Kurt Thomas,70,15.0,3.0,1.4,3.0,47.6,0.0,0.0,0.0,0.2,0.2,80.0,1.2,3.0,4.2,0.7,0.4,0.7,0.7,6.6
G,186,DeMarre Carroll,71,11.2,2.9,1.2,3.1,39.6,0.0,0.1,0.0,0.5,0.7,62.3,0.7,1.4,2.1,0.5,0.4,0.1,0.3,3.5
G,187,Joel Anthony,80,16.5,2.7,1.0,2.0,47.8,0.0,0.0,0.0,0.8,1.2,71.7,1.5,1.6,3.1,0.2,0.3,1.4,0.6,5.7
