pos,#,player,gp,min,pts,fgm,fga,fg%,3pm,3pa,3p%,ftm,fta,ft%,oreb,dreb,reb,ast,stl,blk,tov,eff
G,1,Kevin Durant,66,38.6,28.0,9.7,19.7,49.6,2.0,5.2,38.7,6.5,7.6,86.0,0.6,7.4,8.0,3.5,1.3,1.2,3.8,27.3
F-C,2,Kobe Bryant,58,38.5,27.9,9.9,23.0,43.0,1.5,4.9,30.3,6.6,7.8,84.5,1.1,4.3,5.4,4.6,1.2,0.3,3.5,21.4
F-G,3,LeBron James,62,37.5,27.1,10.0,18.9,53.1,0.9,2.4,36.2,6.2,8.1,77.1,1.5,6.4,7.9,6.2,1.9,0.8,3.4,29.9
F,4,Kevin Love,55,39.0,26.0,8.6,19.3,44.8,1.9,5.1,37.2,6.9,8.4,82.4,4.1,9.2,13.3,2.0,0.9,0.5,2.3,28.3
G,5,Russell Westbrook,66,35.3,23.6,8.8,19.2,45.7,0.9,3.0,31.6,5.2,6.3,82.3,1.5,3.1,4.6,5.5,1.7,0.3,3.6,20.5
F,6,Carmelo Anthony,55,34.1,22.6,8.0,18.6,43.0,1.2,3.7,33.5,5.4,6.7,80.4,1.6,4.7,6.3,3.6,1.1,0.4,2.6,19.5
G,7,LaMarcus Aldridge,55,36.3,21.7,8.8,17.1,51.2,0.0,0.2,18.2,4.1,5.0,81.4,2.7,5.3,8.0,2.4,0.9,0.8,2.0,22.6
G,8,Dirk Nowitzki,62,33.5,21.6,7.6,16.7,45.7,1.3,3.4,36.8,5.1,5.7,89.6,0.7,6.0,6.7,2.2,0.7,0.5,1.9,20.2
F,9,Deron Williams,55,36.3,21.0,7.1,17.5,40.7,2.1,6.2,33.6,4.7,5.5,84.3,0.4,2.9,3.3,8.7,1.2,0.4,4.0,19.4
G,10,Blake Griffin,66,36.2,20.7,8.5,15.5,54.9,0.0,0.2,12.5,3.7,7.1,52.1,3.3,7.6,10.9,3.2,0.8,0.7,2.3,23.7
G,11,Monta Ellis,58,36.6,20.4,7.8,17.9,43.3,1.1,3.5,30.8,3.8,4.7,79.6,0.3,3.1,3.4,6.0,1.5,0.3,3.1,17.4
C,12,David Lee,57,37.2,20.1,8.1,16.2,50.3,0.0,0.1,0.0,3.8,4.9,78.2,3.0,6.6,9.6,2.8,0.9,0.4,2.6,22.1
G,13,Chris Paul,60,36.4,19.8,7.1,14.8,47.8,1.3,3.6,37.1,4.3,5.0,86.1,0.7,2.9,3.6,9.1,2.5,0.1,2.1,24.5
G,14,Paul Pierce,61,34.0,19.4,6.5,14.6,44.3,1.6,4.5,36.6,4.8,5.6,85.2,0.6,4.6,5.2,4.5,1.1,0.4,2.8,18.8
G,15,Al Jefferson,61,34.0,19.2,8.5,17.2,49.2,0.0,0.1,25.0,2.2,2.9,77.4,2.2,7.4,9.6,2.2,0.8,1.7,1.0,23.0
G,16,Brandon Jennings,66,35.3,19.1,7.1,17.0,41.8,2.0,5.9,33.2,2.9,3.6,80.8,0.7,2.7,3.4,5.5,1.6,0.3,2.2,17.2
F,17,Rudy Gay,65,37.3,19.0,7.5,16.4,45.5,0.8,2.7,31.2,3.2,4.0,79.1,2.0,4.4,6.4,2.3,1.5,0.8,2.5,17.7
F,18,Joe Johnson,60,35.5,18.8,7.1,15.5,45.4,2.1,5.4,38.8,2.6,3.1,84.9,0.9,2.8,3.7,3.9,0.8,0.2,1.9,16.5
G,19,Josh Smith,66,35.3,18.8,7.6,16.7,45.8,0.4,1.7,25.7,3.1,4.9,63.0,2.1,7.5,9.6,3.9,1.4,1.7,2.5,22.1
C,20,Andrew Bynum,60,35.2,18.7,7.4,13.3,55.8,0.0,0.1,20.0,3.9,5.6,69.2,3.2,8.6,11.8,1.4,0.5,1.9,2.5,24.2
G,21,Danny Granger,62,33.3,18.7,6.3,15.2,41.6,2.0,5.2,38.1,4.1,4.7,87.3,1.3,3.7,5.0,1.8,1.0,0.6,1.8,15.8
F,22,Tony Parker,60,32.1,18.3,7.1,14.8,48.0,0.2,1.0,23.0,3.8,4.7,79.9,0.4,2.5,2.9,7.7,1.0,0.1,2.6,18.6
G,23,DeMarcus Cousins,64,30.5,18.1,7.0,15.6,44.8,0.0,0.2,14.3,4.1,5.8,70.2,4.1,6.8,11.0,1.6,1.5,1.2,2.7,20.3
F,24,Chris Bosh,57,35.2,18.0,6.9,14.2,48.7,0.2,0.6,28.6,4.0,4.9,82.1,1.6,6.3,7.9,1.8,0.9,0.8,2.1,19.2
G,25,Pau Gasol,65,37.4,17.4,7.1,14.1,50.1,0.1,0.4,25.9,3.1,4.0,78.2,2.8,7.6,10.4,3.6,0.6,1.4,2.2,23.3
G,26,Antawn Jamison,65,33.1,17.2,6.5,16.1,40.3,1.4,4.1,34.1,2.8,4.2,68.3,1.9,4.4,6.3,2.0,0.8,0.7,1.4,14.6
F,27,James Harden,62,31.4,16.8,5.0,10.1,49.1,1.8,4.7,39.0,5.0,6.0,84.6,0.5,3.6,4.1,3.7,1.0,0.2,2.2,17.5
G,28,DeMar DeRozan,63,35.0,16.7,6.0,14.3,42.2,0.4,1.5,26.1,4.3,5.3,81.0,0.6,2.7,3.3,2.0,0.8,0.3,2.0,11.9
F,29,Paul Millsap,64,32.8,16.6,6.7,13.5,49.5,0.1,0.5,22.6,3.2,4.0,79.2,2.8,6.0,8.8,2.3,1.8,0.8,1.8,21.0
C,30,Tyreke Evans,63,34.3,16.5,6.5,14.3,45.3,0.3,1.6,20.2,3.2,4.1,77.9,1.0,3.6,4.6,4.5,1.3,0.5,2.7,15.9
G,31,Ty Lawson,61,34.8,16.4,6.1,12.6,48.8,1.2,3.3,36.5,2.9,3.5,82.4,0.9,2.8,3.7,6.6,1.3,0.1,2.4,18.6
G,32,John Wall,66,36.2,16.3,5.7,13.5,42.3,0.0,0.6,7.1,4.8,6.1,78.9,0.7,3.8,4.5,8.0,1.4,0.9,3.9,18.2
G-F,33,Ryan Anderson,61,32.2,16.1,5.4,12.4,43.9,2.7,6.9,39.3,2.5,2.8,87.7,3.7,4.0,7.7,0.9,0.8,0.4,0.9,17.7
F,34,Kevin Garnett,60,31.1,15.8,6.5,13.0,50.3,0.1,0.2,33.3,2.7,3.2,85.7,1.1,7.1,8.2,2.9,0.9,1.0,1.8,20.2
F,35,Luis Scola,66,31.3,15.5,6.6,13.5,49.1,0.0,0.0,0.0,2.3,3.0,77.3,1.8,4.6,6.5,2.1,0.5,0.4,2.3,15.2
C-F,36,Tim Duncan,58,28.2,15.4,6.2,12.6,49.2,0.0,0.1,0.0,3.0,4.3,69.5,1.9,7.1,9.0,2.3,0.7,1.5,1.7,19.4
G,37,Marcin Gortat,66,32.0,15.4,6.5,11.7,55.5,0.0,0.0,0.0,2.5,3.8,64.9,2.8,7.2,10.0,0.9,0.7,1.5,1.4,20.6
F-G,38,Greg Monroe,66,31.5,15.4,6.2,11.8,52.1,0.0,0.0,0.0,3.0,4.1,73.9,3.6,6.0,9.7,2.3,1.3,0.7,2.4,20.1
G,39,Arron Afflalo,62,33.6,15.2,5.3,11.3,47.1,1.4,3.6,39.8,3.2,4.0,79.8,0.6,2.5,3.2,2.4,0.6,0.2,1.4,13.4
C,40,Jason Terry,63,31.7,15.1,5.7,13.2,43.0,2.2,5.8,37.8,1.6,1.8,88.3,0.3,2.1,2.4,3.6,1.2,0.2,2.0,12.6
G-F,41,Carlos Boozer,66,29.5,15.0,6.8,12.8,53.2,0.0,0.0,0.0,1.4,2.1,69.3,1.7,6.8,8.5,1.9,1.0,0.4,1.7,18.4
G,42,Lou Williams,64,26.3,14.9,5.0,12.2,40.7,1.3,3.6,36.2,3.7,4.6,81.2,0.5,2.0,2.4,3.5,0.8,0.3,1.1,12.7
C,43,Jordan Crawford,64,27.4,14.7,5.5,13.6,40.0,1.2,4.3,28.9,2.5,3.2,79.3,0.7,1.9,2.6,3.0,0.9,0.1,2.2,10.2
F-C,44,Marc Gasol,65,36.5,14.6,5.5,11.4,48.2,0.0,0.2,8.3,3.6,4.9,74.8,1.8,7.1,8.9,3.1,1.0,1.9,1.9,20.5
F,45,Al Harrington,64,27.5,14.2,5.4,12.1,44.6,1.6,4.7,33.3,1.9,2.8,67.6,1.1,5.0,6.1,1.4,0.9,0.2,1.8,13.5
F,46,Nick Young,62,27.9,14.2,5.1,12.6,40.3,1.7,4.5,36.5,2.3,2.7,85.2,0.5,1.6,2.1,0.9,0.7,0.3,1.3,8.9
G,47,Jamal Crawford,60,26.9,14.0,4.7,12.3,38.4,1.3,4.3,30.8,3.2,3.4,92.7,0.3,1.7,2.0,3.2,0.9,0.2,1.9,10.6
F-G,48,Nicolas Batum,59,30.4,13.9,4.9,10.9,45.1,1.8,4.6,39.1,2.3,2.7,83.6,1.4,3.2,4.6,1.4,1.0,1.0,1.5,13.9
G-F,49,Gerald Wallace,58,35.8,13.8,4.9,10.9,45.4,0.8,2.6,30.7,3.1,3.9,80.0,1.5,5.2,6.7,2.8,1.5,0.6,1.9,16.7
F-G,50,Kris Humphries,62,34.9,13.8,5.2,10.8,48.1,0.0,0.0,0.0,3.4,4.5,75.2,3.8,7.2,11.0,1.5,0.8,1.2,1.9,19.6
G,51,Wesley Matthews,66,33.8,13.7,4.8,11.6,41.2,2.0,5.1,38.3,2.2,2.6,86.0,0.8,2.5,3.4,1.7,1.5,0.2,1.1,12.2
G,52,Jrue Holiday,65,33.8,13.5,5.5,12.8,43.2,1.0,2.6,38.0,1.4,1.8,78.3,0.9,2.4,3.3,4.5,1.6,0.3,2.1,13.3
F,53,Ersan Ilyasova,60,27.6,13.0,4.9,10.0,49.2,0.9,1.9,45.5,2.4,3.1,78.1,3.3,5.6,8.8,1.2,0.7,0.7,1.3,17.5
C,54,Brandon Knight,66,32.3,12.8,4.8,11.7,41.5,1.6,4.2,38.0,1.6,2.1,75.9,0.5,2.7,3.2,3.8,0.7,0.2,2.6,10.8
F,55,Roy Hibbert,65,29.8,12.8,5.1,10.3,49.7,0.0,0.0,0.0,2.6,3.7,71.1,3.3,5.5,8.8,1.7,0.5,2.0,2.0,17.6
G,56,Thaddeus Young,63,27.9,12.8,5.5,10.9,50.7,0.0,0.1,25.0,1.8,2.3,77.1,2.2,3.0,5.2,1.2,1.0,0.7,0.9,14.0
G-F,57,David West,66,29.2,12.8,5.3,10.8,48.7,0.0,0.1,22.2,2.2,2.7,80.7,1.8,4.8,6.6,2.1,0.8,0.7,1.4,15.4
F,58,Mike Conley,62,35.1,12.7,4.8,11.0,43.3,1.0,2.6,37.7,2.2,2.5,86.1,0.4,2.2,2.5,6.5,2.2,0.2,2.0,15.5
F,59,Tayshaun Prince,63,33.1,12.7,5.3,12.7,42.1,0.6,1.7,35.6,1.4,1.8,77.4,1.1,3.3,4.5,2.4,0.4,0.5,1.2,11.6
C,60,Jared Dudley,65,31.1,12.7,4.8,9.9,48.5,1.2,3.2,38.3,1.8,2.5,72.6,1.5,3.2,4.6,1.7,0.8,0.3,1.1,13.2
F,61,O.J. Mayo,66,26.8,12.6,4.5,11.2,40.8,1.5,4.2,36.4,2.0,2.6,77.3,0.5,2.7,3.2,2.6,1.1,0.3,1.9,10.7
G,62,Jeff Teague,66,33.1,12.6,4.8,10.2,47.6,0.8,2.3,34.2,2.1,2.8,75.7,0.3,2.1,2.4,4.9,1.6,0.6,2.0,14.0
F,63,Klay Thompson,66,24.4,12.5,4.8,10.9,44.3,1.7,4.1,41.4,1.2,1.4,86.8,0.4,2.1,2.4,2.0,0.7,0.3,1.6,10.2
F,64,Brandon Bass,59,31.7,12.5,5.1,10.7,47.9,0.0,0.0,0.0,2.2,2.8,81.0,1.6,4.6,6.2,0.9,0.6,0.9,1.1,13.9
C,65,Steve Nash,62,31.6,12.5,4.8,9.0,53.2,0.9,2.3,39.0,2.0,2.3,89.4,0.4,2.6,3.0,10.7,0.6,0.1,3.7,18.8
G,66,Andre Iguodala,62,35.6,12.4,4.6,10.2,45.4,1.2,3.1,39.4,2.0,3.2,61.7,0.9,5.2,6.1,5.5,1.7,0.5,1.9,17.6
F,67,Kemba Walker,66,27.2,12.1,4.3,11.6,36.6,1.0,3.4,30.5,2.5,3.2,78.9,0.5,3.1,3.5,4.4,0.9,0.3,1.8,11.4
C,68,Paul George,66,29.7,12.1,4.3,9.7,44.0,1.4,3.5,38.5,2.2,2.8,80.2,0.8,4.8,5.6,2.4,1.6,0.6,1.8,14.6
F,69,Anthony Morrow,62,26.4,12.0,4.4,10.6,41.3,1.7,4.6,37.1,1.6,1.7,93.3,0.5,1.5,2.0,1.0,0.7,0.1,1.1,8.5
C,70,Caron Butler,63,29.7,12.0,4.6,11.2,40.7,1.5,4.1,35.8,1.4,1.7,81.3,0.7,3.0,3.7,1.2,0.8,0.1,1.2,9.6
G,71,Jameer Nelson,57,29.9,11.9,4.5,10.6,42.7,1.5,4.1,37.7,1.2,1.5,80.7,0.5,2.7,3.2,5.7,0.7,0.1,2.4,12.7
G,72,Gordon Hayward,66,30.5,11.8,4.0,8.9,45.6,0.8,2.4,34.6,2.9,3.5,83.2,0.9,2.6,3.5,3.1,0.8,0.6,1.7,12.8
F,73,Marco Belinelli,66,29.8,11.8,4.3,10.4,41.7,1.6,4.3,37.7,1.5,2.0,78.3,0.3,2.3,2.6,1.5,0.7,0.1,1.0,9.2
F,74,Goran Dragic,66,26.5,11.7,4.2,9.1,46.2,1.0,3.1,33.7,2.3,2.9,80.5,0.8,1.7,2.5,5.3,1.3,0.2,2.4,13.2
F,75,JJ Redick,65,27.2,11.6,3.8,9.0,42.5,1.7,4.1,41.8,2.2,2.4,91.1,0.3,2.0,2.3,2.5,0.4,0.1,1.0,10.5
G-F,76,Isaiah Thomas,65,25.5,11.5,3.9,8.8,44.8,1.3,3.4,37.9,2.4,2.8,83.2,0.7,1.8,2.6,4.1,0.8,0.1,1.6,12.2
G-F,77,Raymond Felton,60,31.8,11.4,4.4,10.7,40.7,1.0,3.4,30.5,1.7,2.1,80.6,0.5,2.0,2.5,6.5,1.3,0.2,2.8,12.3
G,78,Courtney Lee,58,30.3,11.4,4.3,10.0,43.3,1.5,3.7,40.1,1.2,1.5,82.6,0.4,2.3,2.7,1.5,1.2,0.4,1.1,10.2
F,79,Devin Harris,63,27.6,11.3,3.8,8.6,44.5,1.2,3.4,36.2,2.5,3.3,74.6,0.2,1.6,1.8,5.0,1.0,0.2,1.9,11.8
C,80,JaVale McGee,61,25.2,11.3,5.0,9.0,55.6,0.0,0.0,0.0,1.3,2.7,46.1,2.7,5.1,7.8,0.5,0.6,2.2,1.4,15.5
G,81,Tyson Chandler,62,33.2,11.3,3.9,5.7,67.9,0.0,0.0,0.0,3.5,5.1,68.9,3.4,6.5,9.9,0.9,0.9,1.4,1.6,19.3
F-C,82,Ramon Sessions,64,26.7,11.3,3.8,8.8,42.8,0.7,1.5,44.3,3.0,3.9,78.2,0.5,2.8,3.3,5.5,0.7,0.0,2.2,12.8
G,83,Leandro Barbosa,64,21.6,11.1,4.2,10.0,42.5,1.0,2.7,38.2,1.6,1.9,81.5,0.5,1.5,2.0,1.5,0.9,0.1,1.5,8.0
F,84,Shannon Brown,59,23.7,11.0,4.3,10.1,42.0,1.2,3.2,36.2,1.4,1.7,80.8,0.6,2.0,2.7,1.2,0.7,0.3,1.1,8.6
C,85,Elton Brand,60,28.9,11.0,4.8,9.7,49.4,0.0,0.0,0.0,1.4,1.9,73.3,2.4,4.7,7.2,1.6,1.0,1.6,1.1,15.8
C,86,Randy Foye,65,25.9,11.0,3.9,9.9,39.8,2.0,5.1,38.6,1.1,1.3,85.9,0.4,1.7,2.1,2.2,0.7,0.4,1.1,9.1
G-F,87,Shawn Marion,63,30.5,10.6,4.6,10.3,44.6,0.3,1.1,29.4,1.2,1.5,79.6,2.3,5.1,7.4,2.1,1.1,0.6,1.6,14.2
F,88,Alonzo Gee,63,29.0,10.6,3.6,8.7,41.2,0.7,2.2,32.1,2.7,3.4,78.8,1.6,3.5,5.1,1.8,1.3,0.3,1.8,11.4
G,89,Channing Frye,64,26.1,10.5,4.0,9.6,41.6,1.4,4.1,34.6,1.1,1.3,89.0,1.1,4.8,5.9,1.4,0.7,1.1,1.0,12.9
C,90,Darren Collison,60,31.3,10.4,3.8,8.7,44.0,0.6,1.6,36.2,2.1,2.6,83.0,0.5,2.6,3.1,4.8,0.8,0.2,1.9,12.1
G,91,Dorell Wright,61,27.0,10.3,3.6,8.6,42.2,1.7,4.8,36.0,1.3,1.6,81.6,1.0,3.6,4.6,1.5,1.0,0.4,0.8,11.7
F-G,92,Joakim Noah,64,30.4,10.2,3.9,7.7,50.8,0.0,0.0,0.0,2.4,3.2,74.8,3.8,6.0,9.8,2.5,0.6,1.4,1.4,18.6
G,93,Marvin Williams,57,26.3,10.2,3.6,8.2,43.2,1.0,2.6,38.9,2.0,2.6,78.8,1.3,3.8,5.2,1.2,0.8,0.3,0.7,11.8
F-C,94,Vince Carter,61,25.3,10.1,3.7,8.9,41.1,1.2,3.4,36.1,1.6,1.9,82.6,0.5,2.8,3.4,2.3,0.9,0.4,1.4,10.1
F,95,Mario Chalmers,64,28.5,9.8,3.5,7.8,44.8,1.6,4.1,38.8,1.3,1.6,79.2,0.3,2.4,2.7,3.5,1.5,0.2,2.2,10.8
G,96,Tony Allen,58,26.3,9.8,3.6,7.7,46.9,0.1,0.4,30.8,2.4,3.0,80.0,1.7,2.3,4.0,1.4,1.8,0.6,1.6,11.2
G-F,97,Brandon Rush,65,26.4,9.8,3.6,7.2,50.1,1.5,3.4,45.2,1.0,1.3,79.3,0.5,3.4,3.9,1.4,0.5,0.9,1.0,11.5
C,98,Andre Miller,66,27.4,9.7,3.7,8.4,43.8,0.3,1.3,21.7,2.1,2.6,81.1,0.8,2.5,3.3,6.7,1.0,0.1,2.7,12.9
G-F,99,Chase Budinger,58,22.4,9.6,3.6,8.1,44.2,1.5,3.8,40.2,0.9,1.2,77.1,0.7,3.1,3.7,1.3,0.5,0.1,0.9,9.5
C-F,100,DeJuan Blair,64,21.3,9.5,4.2,7.9,53.4,0.0,0.0,0.0,1.1,1.9,61.3,2.4,3.1,5.5,1.2,0.9,0.2,1.4,11.5
G,101,Iman Shumpert,59,28.9,9.5,3.6,9.1,40.1,0.8,2.7,30.6,1.5,1.8,79.8,0.7,2.4,3.2,2.8,1.7,0.1,1.9,9.6
C,102,Chandler Parsons,63,28.6,9.5,3.9,8.7,45.2,1.0,2.8,33.7,0.7,1.2,55.1,1.4,3.3,4.8,2.1,1.2,0.5,1.3,11.4
F,103,Evan Turner,65,26.4,9.4,4.0,9.1,44.6,0.2,0.8,22.4,1.1,1.7,67.6,0.4,5.4,5.8,2.8,0.6,0.3,1.6,11.7
F,104,Byron Mullens,65,22.5,9.3,3.9,9.1,42.5,0.2,0.8,23.5,1.4,1.7,82.1,1.5,3.6,5.0,0.9,0.3,0.8,1.1,9.7
F-G,105,Tiago Splitter,59,19.0,9.3,3.6,5.8,61.8,0.0,0.0,0.0,2.1,3.1,69.1,1.6,3.6,5.2,1.1,0.4,0.8,1.5,12.1
G,106,Tyler Hansbrough,66,21.8,9.3,2.9,7.3,40.5,0.0,0.0,0.0,3.4,4.2,81.3,1.7,2.7,4.4,0.5,0.8,0.1,1.0,9.0
G,107,Glen Davis,61,23.4,9.3,3.7,8.8,42.1,0.0,0.2,14.3,1.9,2.7,68.3,1.8,3.7,5.4,0.8,0.7,0.3,1.2,9.3
C-F,108,Richard Jefferson,63,27.7,9.2,3.2,7.7,41.6,1.8,4.3,42.0,0.9,1.3,69.4,0.4,3.1,3.5,1.4,0.6,0.3,0.8,9.2
G,109,Danny Green,66,23.1,9.1,3.2,7.2,44.2,1.5,3.5,43.6,1.2,1.5,79.0,0.8,2.6,3.5,1.3,0.9,0.7,1.0,10.1
G,109,Serge Ibaka,66,27.2,9.1,4.0,7.4,53.5,0.0,0.0,33.3,1.2,1.8,66.1,2.9,4.6,7.5,0.4,0.5,3.7,1.2,16.0
G-F,111,James Johnson,62,25.2,9.1,3.8,8.4,45.0,0.3,1.0,31.7,1.3,1.9,70.4,1.2,3.5,4.7,2.0,1.1,1.4,1.6,11.5
F,112,Jason Thompson,64,25.9,9.1,3.7,6.9,53.5,0.0,0.0,0.0,1.7,2.8,60.2,2.6,4.3,6.9,1.2,0.7,0.7,1.1,13.2
F-C,113,Greivis Vasquez,66,25.8,8.9,3.4,7.9,43.0,0.7,2.0,31.9,1.5,1.8,82.1,0.3,2.3,2.6,5.4,0.9,0.1,2.2,10.9
F,114,Corey Brewer,59,21.8,8.9,3.4,7.8,43.4,0.6,2.2,26.0,1.5,2.2,69.2,0.7,1.8,2.5,1.5,1.2,0.3,0.9,8.4
G,115,Derrick Williams,66,21.5,8.8,3.1,7.5,41.2,0.6,2.1,26.8,2.1,3.0,69.7,1.2,3.5,4.7,0.6,0.5,0.5,1.2,8.5
G-F,116,Landry Fields,66,28.7,8.8,3.6,7.8,46.0,0.5,1.8,25.6,1.2,2.1,56.2,0.9,3.3,4.2,2.6,1.2,0.3,1.5,10.4
G,117,Derrick Favors,65,21.2,8.8,3.4,6.8,49.9,0.0,0.0,0.0,1.9,3.0,64.9,2.4,4.1,6.5,0.7,0.6,1.0,1.6,11.5
F-C,118,Marreese Speights,60,22.4,8.8,3.7,8.1,45.3,0.0,0.1,0.0,1.4,1.8,77.1,2.2,4.0,6.2,0.8,0.4,0.5,1.2,10.5
F,119,Jonas Jerebko,64,22.9,8.7,3.3,7.1,46.8,0.5,1.7,30.2,1.6,1.9,80.6,1.5,3.3,4.8,0.7,0.6,0.3,1.0,10.0
F,120,Jodie Meeks,66,24.9,8.4,2.9,7.1,40.9,1.5,4.0,36.5,1.2,1.3,90.6,0.3,2.2,2.4,0.8,0.6,0.0,0.4,7.6
F,121,Tristan Thompson,60,23.7,8.2,3.2,7.4,43.9,0.0,0.0,0.0,1.8,3.2,55.2,3.1,3.4,6.5,0.5,0.5,1.0,1.4,9.7
G,122,Kyle Korver,65,22.6,8.1,2.7,6.3,43.2,1.8,4.2,43.5,0.8,1.0,83.3,0.4,2.0,2.4,1.7,0.6,0.2,0.8,8.5
F-C,123,Derrick Brown,65,22.2,8.1,3.3,6.3,51.8,0.1,0.4,25.0,1.4,2.2,66.7,1.5,2.2,3.6,1.0,0.7,0.2,0.8,9.0
G,124,Kevin Seraphin,57,20.6,7.9,3.6,6.7,53.1,0.0,0.0,0.0,0.8,1.2,67.1,1.8,3.1,4.9,0.6,0.3,1.3,1.2,10.4
F-G,125,Kawhi Leonard,64,24.0,7.9,3.1,6.3,49.3,0.6,1.7,37.6,1.1,1.4,77.3,1.6,3.5,5.1,1.1,1.3,0.4,0.7,11.6
F,126,Zaza Pachulia,58,28.3,7.8,2.9,5.8,49.9,0.0,0.0,0.0,2.0,2.7,74.1,2.7,5.2,7.9,1.4,0.9,0.5,1.4,13.5
F-G,127,Matt Barnes,63,22.9,7.8,2.8,6.1,45.2,0.7,2.2,33.3,1.5,2.0,74.2,1.5,3.9,5.5,2.0,0.6,0.8,1.2,11.5
F-C,128,Metta World Peace,64,26.9,7.7,2.9,7.3,39.4,0.9,3.0,29.6,1.1,1.8,61.7,1.1,2.3,3.4,2.2,1.1,0.4,1.1,8.6
G,129,Taj Gibson,63,20.4,7.7,3.2,6.4,49.5,0.0,0.0,0.0,1.3,2.1,62.2,2.1,3.1,5.3,0.7,0.4,1.3,1.0,10.4
G,130,Patrick Patterson,64,23.2,7.7,3.5,8.0,44.0,0.0,0.0,0.0,0.6,0.9,70.2,1.8,2.7,4.5,0.8,0.4,0.6,0.8,8.4
G,131,Jimmer Fredette,61,18.6,7.6,2.8,7.3,38.6,1.3,3.5,36.1,0.7,0.8,83.3,0.3,0.9,1.2,1.8,0.5,0.0,1.1,5.4
F,132,Avery Bradley,64,21.4,7.6,3.1,6.3,49.8,0.3,0.8,40.7,1.0,1.2,79.5,0.5,1.3,1.8,1.4,0.7,0.2,1.2,7.0
C,133,Samuel Dalembert,65,22.2,7.5,3.1,6.1,50.6,0.0,0.0,0.0,1.4,1.7,79.6,2.4,4.6,7.0,0.5,0.6,1.7,1.3,12.7
G,134,Markieff Morris,63,19.5,7.4,2.8,6.9,39.9,0.7,2.0,34.7,1.2,1.7,71.7,1.1,3.3,4.4,1.0,0.7,0.7,1.1,8.4
F,135,DeAndre Jordan,66,27.2,7.4,3.1,4.9,63.2,0.0,0.0,0.0,1.1,2.1,52.5,3.1,5.2,8.3,0.3,0.5,2.0,1.1,14.4
G,136,Alec Burks,59,15.9,7.2,2.6,6.1,42.9,0.3,0.8,33.3,1.8,2.4,72.7,1.0,1.3,2.2,0.9,0.5,0.1,0.9,5.9
F-G,137,Amir Johnson,64,24.3,7.1,3.1,5.3,57.6,0.0,0.1,40.0,0.9,1.3,69.0,2.3,4.0,6.4,1.2,0.5,1.1,1.5,12.1
C,138,Omri Casspi,65,20.6,7.1,2.6,6.3,40.3,0.8,2.6,31.5,1.1,1.7,68.5,1.0,2.5,3.5,1.0,0.6,0.3,1.0,7.2
F,139,Ronnie Brewer,66,24.8,6.9,2.9,6.7,42.7,0.3,1.0,27.5,0.8,1.5,56.0,1.1,2.4,3.5,2.1,1.1,0.3,0.9,8.5
F,140,Norris Cole,65,19.4,6.8,2.7,6.9,39.3,0.3,1.2,27.6,1.0,1.3,77.6,0.3,1.1,1.4,2.0,0.7,0.0,1.6,4.8
F-G,141,DJ White,58,18.9,6.8,3.0,6.1,49.3,0.0,0.0,100.0,0.7,1.1,70.5,0.9,2.7,3.6,0.8,0.3,0.4,0.7,7.7
F,142,Matt Bonner,65,20.4,6.6,2.4,5.4,44.0,1.6,3.8,42.0,0.2,0.3,76.2,0.4,2.8,3.3,0.9,0.2,0.3,0.2,8.1
F,143,Jason Maxiell,65,22.6,6.5,2.8,5.9,47.8,0.0,0.0,0.0,0.9,1.6,54.7,1.9,3.2,5.1,0.6,0.5,0.8,1.1,8.6
F,144,Boris Diaw,57,25.0,6.4,2.7,6.2,44.4,0.5,1.7,31.3,0.4,0.6,62.9,1.2,3.7,4.9,3.6,0.6,0.4,2.0,10.3
G,145,Ed Davis,66,23.2,6.3,2.6,5.1,51.3,0.0,0.0,0.0,1.1,1.6,67.0,2.0,4.6,6.6,0.9,0.6,1.0,1.0,11.4
G,146,Sebastian Telfair,60,14.9,6.1,2.4,5.7,41.2,0.6,1.8,31.4,0.9,1.1,79.1,0.3,1.2,1.5,2.3,0.7,0.2,1.1,6.1
F,147,Wesley Johnson,65,22.6,6.0,2.4,6.1,39.8,0.8,2.6,31.4,0.4,0.5,70.6,0.4,2.4,2.7,0.9,0.5,0.7,0.9,6.2
G,148,Al-Farouq Aminu,66,22.4,6.0,2.3,5.5,41.1,0.2,0.7,27.7,1.3,1.7,75.4,1.4,3.2,4.7,1.0,0.9,0.5,1.4,8.1
G,149,Udonis Haslem,64,24.8,6.0,2.4,5.6,42.3,0.0,0.0,0.0,1.3,1.6,81.4,1.8,5.5,7.3,0.7,0.5,0.4,0.9,10.5
C,150,Beno Udrih,59,18.3,5.9,2.5,5.6,44.0,0.3,1.0,28.8,0.7,0.9,70.9,0.4,1.3,1.7,3.8,0.6,0.0,1.3,7.4
F,151,Ian Mahinmi,61,18.7,5.8,2.1,3.9,54.6,0.0,0.0,0.0,1.5,2.4,63.9,1.8,3.0,4.7,0.2,0.6,0.5,0.8,8.4
F,152,Ekpe Udoh,61,21.1,5.6,2.1,4.8,43.1,0.0,0.0,0.0,1.4,1.9,75.4,1.6,2.5,4.2,0.9,0.7,1.7,0.9,8.9
F,153,Derek Fisher,63,23.9,5.6,2.0,5.5,37.1,0.6,1.7,32.1,0.9,1.1,85.1,0.2,1.7,1.9,2.7,0.8,0.1,1.2,6.3
F-C,154,Shaun Livingston,58,18.8,5.5,2.2,4.7,46.9,0.0,0.1,66.7,1.1,1.4,78.5,0.7,1.4,2.1,2.1,0.5,0.3,1.1,6.6
G,155,Daequan Cook,57,17.4,5.5,1.9,5.2,36.8,1.4,4.0,34.6,0.2,0.4,63.6,0.2,1.9,2.1,0.3,0.4,0.2,0.3,4.7
G,156,Robin Lopez,64,14.0,5.4,1.9,4.2,46.1,0.0,0.0,0.0,1.6,2.2,71.4,1.4,1.9,3.3,0.3,0.3,0.9,0.7,6.7
F,157,Dahntay Jones,65,16.2,5.3,1.8,4.3,40.9,0.5,1.2,42.9,1.3,1.5,83.8,0.4,1.4,1.8,1.0,0.4,0.2,0.7,5.1
G,158,Dante Cunningham,64,17.6,5.2,2.3,4.4,51.6,0.0,0.0,0.0,0.7,1.1,65.2,1.4,2.4,3.8,0.6,0.7,0.5,0.5,7.9
G-F,159,Bismack Biyombo,63,23.1,5.2,2.0,4.4,46.4,0.0,0.0,0.0,1.1,2.3,48.3,1.8,4.0,5.8,0.4,0.3,1.8,1.1,8.9
C,160,Sundiata Gaines,57,13.9,5.1,1.8,4.8,37.6,0.5,1.4,34.1,1.0,1.7,61.5,0.5,1.4,1.9,2.2,1.0,0.0,0.9,5.7
C-F,161,Kendrick Perkins,65,26.8,5.1,2.0,4.0,48.9,0.0,0.0,0.0,1.1,1.7,65.2,1.8,4.7,6.6,1.2,0.4,1.1,1.8,9.8
G,162,Marcus Camby,59,22.9,4.9,2.2,4.9,44.6,0.0,0.1,40.0,0.5,1.1,45.3,2.7,6.3,9.0,1.8,0.8,1.4,1.0,13.7
F-G,163,Shane Battier,65,23.1,4.8,1.7,4.5,38.7,1.0,2.8,33.9,0.4,0.6,62.2,0.9,1.5,2.4,1.3,1.0,0.5,0.6,6.4
C,164,Jan Vesely,57,18.9,4.7,2.1,3.8,53.7,0.0,0.0,0.0,0.6,1.1,53.2,1.8,2.6,4.4,0.8,0.7,0.6,1.1,7.8
G-F,165,Chris Singleton,66,21.7,4.6,1.8,4.7,37.2,0.7,1.9,34.6,0.5,0.7,68.2,0.7,2.9,3.5,0.7,1.1,0.5,0.6,6.7
F,166,Shelden Williams,58,22.0,4.6,1.7,3.5,47.8,0.0,0.0,0.0,1.3,1.8,73.1,2.4,3.6,6.0,0.6,0.8,0.7,1.1,9.3
G,167,Enes Kanter,66,13.2,4.6,1.8,3.6,49.6,0.0,0.0,0.0,1.1,1.6,66.7,1.6,2.6,4.2,0.1,0.3,0.3,0.8,6.4
F-G,168,Nick Collison,63,20.7,4.5,1.9,3.2,59.7,0.0,0.0,0.0,0.7,1.0,71.0,1.9,2.5,4.3,1.3,0.5,0.4,1.0,8.6
C,169,Johan Petro,59,15.6,4.2,1.8,4.4,41.9,0.0,0.0,100.0,0.5,0.6,83.8,1.2,2.6,3.8,0.8,0.4,0.4,0.6,6.2
G,170,Quincy Pondexter,64,15.7,4.2,1.7,3.7,45.2,0.3,1.1,30.1,0.5,0.8,62.3,0.9,1.1,2.0,0.4,0.4,0.1,0.5,4.3
G,171,Chris Duhon,63,19.5,3.8,1.3,3.2,41.9,0.8,1.9,42.0,0.3,0.3,81.0,0.2,1.4,1.6,2.4,0.6,0.1,1.3,5.3
G,172,Shelvin Mack,64,12.2,3.6,1.4,3.4,40.0,0.2,0.7,28.6,0.7,0.9,71.2,0.2,1.3,1.4,2.0,0.4,0.0,0.8,4.5
G,173,Lou Amundson,60,12.6,3.6,1.5,3.5,43.0,0.0,0.0,0.0,0.6,1.4,42.7,1.6,2.1,3.7,0.2,0.5,0.7,0.8,5.2
F,174,Dominic McGuire,64,17.6,3.5,1.5,3.3,44.8,0.0,0.1,0.0,0.6,0.8,73.6,1.1,2.7,3.8,1.7,0.7,0.6,0.9,7.5
F,175,Joel Anthony,64,21.1,3.4,1.3,2.4,55.9,0.0,0.0,0.0,0.8,1.1,69.0,1.6,2.3,3.9,0.1,0.6,1.3,0.7,7.3
G,176,Damien Wilkins,60,15.4,3.2,1.3,3.2,39.4,0.1,0.4,30.4,0.6,0.9,63.0,0.4,1.3,1.7,0.7,0.5,0.2,0.5,3.5
F,177,Troy Murphy,59,16.2,3.2,1.3,2.9,45.0,0.5,1.1,41.8,0.1,0.2,66.7,0.7,2.6,3.2,0.9,0.3,0.3,0.4,5.7
F,178,Omer Asik,66,14.7,3.1,1.2,2.4,50.6,0.0,0.0,0.0,0.7,1.6,45.6,1.9,3.4,5.3,0.5,0.5,1.0,1.0,7.3
F,179,Nazr Mohammed,63,11.0,2.7,1.3,2.7,46.7,0.0,0.0,0.0,0.2,0.4,56.5,0.9,1.8,2.7,0.2,0.3,0.6,0.4,4.5
F,180,Ben Wallace,62,15.8,1.4,0.5,1.4,39.5,0.0,0.1,25.0,0.3,0.8,34.0,1.3,3.0,4.3,0.7,0.8,0.8,0.5,6.1
