pos,#,player,gp,min,pts,fgm,fga,fg%,3pm,3pa,3p%,ftm,fta,ft%,oreb,dreb,reb,ast,stl,blk,tov,eff
G,1,Carmelo Anthony,67,37.0,28.7,10.0,22.2,44.9,2.3,6.2,37.9,6.3,7.6,83.0,2.0,4.9,6.9,2.6,0.8,0.5,2.6,23.2
F-C,2,Kevin Durant,81,38.5,28.1,9.0,17.7,51.0,1.7,4.1,41.6,8.4,9.3,90.5,0.6,7.3,7.9,4.6,1.4,1.3,3.5,30.4
F-G,3,Kobe Bryant,78,38.6,27.3,9.5,20.4,46.3,1.7,5.2,32.4,6.7,8.0,83.9,0.8,4.7,5.6,6.0,1.4,0.3,3.7,24.6
F,4,LeBron James,76,37.9,26.8,10.1,17.8,56.5,1.4,3.3,40.6,5.3,7.0,75.3,1.3,6.8,8.0,7.3,1.7,0.9,3.0,32.2
G,5,James Harden,78,38.3,25.9,7.5,17.1,43.8,2.3,6.2,36.8,8.6,10.2,85.1,0.8,4.1,4.9,5.8,1.8,0.5,3.8,24.0
F,6,Russell Westbrook,82,34.9,23.2,8.2,18.7,43.8,1.2,3.7,32.3,5.6,7.0,80.0,1.4,3.9,5.2,7.4,1.8,0.3,3.3,22.6
G,7,Stephen Curry,78,38.2,22.9,8.0,17.8,45.1,3.5,7.7,45.3,3.4,3.7,90.0,0.8,3.3,4.0,6.9,1.6,0.2,3.1,22.4
G,8,Dwyane Wade,69,34.7,21.2,8.2,15.8,52.1,0.2,1.0,25.8,4.5,6.2,72.5,1.2,3.7,5.0,5.1,1.9,0.8,2.8,21.9
F,9,LaMarcus Aldridge,74,37.7,21.1,8.6,17.8,48.4,0.0,0.2,14.3,3.8,4.7,81.0,2.4,6.7,9.1,2.6,0.8,1.2,1.9,22.8
G,10,Brook Lopez,74,30.4,19.4,7.7,14.8,52.1,0.0,0.0,0.0,4.0,5.3,75.8,2.8,4.1,6.9,0.9,0.4,2.1,1.8,19.7
G,11,Monta Ellis,82,37.5,19.2,7.3,17.5,41.6,1.1,4.0,28.7,3.5,4.6,77.3,0.5,3.3,3.9,6.0,2.1,0.4,3.1,17.3
C,12,Damian Lillard,82,38.6,19.0,6.7,15.7,42.9,2.3,6.1,36.8,3.3,3.9,84.4,0.5,2.6,3.1,6.5,0.9,0.2,3.0,17.3
G,13,Deron Williams,78,36.4,18.9,6.3,14.4,44.0,2.2,5.7,37.8,4.1,4.7,85.9,0.4,2.6,3.0,7.7,1.0,0.4,2.8,19.5
G,14,Paul Pierce,77,33.4,18.6,6.2,14.2,43.6,1.9,5.0,38.0,4.3,5.5,78.7,0.6,5.7,6.3,4.8,1.1,0.4,2.8,19.2
G,15,David Lee,79,36.8,18.5,7.6,14.7,51.9,0.0,0.1,0.0,3.2,4.1,79.7,2.8,8.5,11.2,3.5,0.8,0.3,2.6,23.8
G,16,Rudy Gay,75,35.8,18.2,6.9,16.7,41.6,1.1,3.5,32.3,3.2,3.9,81.4,1.3,4.8,6.1,2.7,1.5,0.7,2.6,16.1
F,17,DeMar DeRozan,82,36.7,18.1,6.7,15.0,44.5,0.4,1.5,28.3,4.3,5.2,83.1,0.6,3.3,3.9,2.5,0.9,0.3,1.8,14.7
F,18,JR Smith,80,33.5,18.1,6.6,15.6,42.2,1.9,5.5,35.6,3.0,3.9,76.2,0.8,4.5,5.3,2.7,1.3,0.3,1.7,16.0
G,19,Blake Griffin,80,32.5,18.0,7.2,13.4,53.8,0.1,0.4,17.9,3.5,5.3,66.0,2.3,6.0,8.3,3.7,1.2,0.6,2.3,21.5
C,20,Al Jefferson,78,33.1,17.8,7.8,15.8,49.4,0.0,0.2,11.8,2.1,2.8,77.0,2.0,7.2,9.2,2.1,1.0,1.1,1.3,21.3
G,21,Kemba Walker,82,34.9,17.7,6.4,15.2,42.3,1.3,4.0,32.2,3.6,4.5,79.8,0.7,2.7,3.5,5.7,2.0,0.4,2.4,17.2
F,22,Jrue Holiday,78,37.5,17.7,7.1,16.5,43.1,1.2,3.2,36.8,2.3,3.1,75.2,1.1,3.1,4.2,8.0,1.6,0.4,3.7,18.0
G,23,Brandon Jennings,80,36.2,17.5,6.2,15.6,39.9,2.2,5.8,37.5,2.9,3.5,81.9,0.7,2.3,3.1,6.5,1.6,0.1,2.5,16.2
F,24,Josh Smith,76,35.3,17.5,7.2,15.6,46.5,0.8,2.6,30.3,2.2,4.2,51.7,1.8,6.7,8.4,4.2,1.2,1.8,3.0,19.8
G,25,Paul George,79,37.6,17.4,6.2,14.9,41.9,2.2,5.9,36.2,2.8,3.5,80.7,1.1,6.5,7.6,4.1,1.8,0.6,2.9,19.4
G,26,Al Horford,74,37.2,17.4,7.8,14.3,54.3,0.0,0.1,50.0,1.8,2.8,64.4,2.6,7.6,10.2,3.2,1.1,1.1,2.0,23.5
F,27,David West,73,33.4,17.1,6.9,13.8,49.8,0.1,0.3,21.1,3.3,4.3,76.8,2.0,5.7,7.7,2.9,1.0,0.9,2.2,19.6
G,28,DeMarcus Cousins,75,30.5,17.1,6.4,13.8,46.5,0.1,0.3,18.2,4.2,5.6,73.8,3.0,7.0,9.9,2.7,1.4,0.7,3.0,20.0
F,29,Dwight Howard,76,35.8,17.1,6.2,10.7,57.8,0.0,0.1,16.7,4.7,9.5,49.2,3.3,9.1,12.4,1.4,1.1,2.4,3.0,22.2
C,30,Chris Paul,70,33.4,16.9,5.9,12.2,48.1,1.1,3.3,32.8,4.1,4.6,88.5,0.8,3.0,3.7,9.7,2.4,0.1,2.3,23.8
G,31,Ty Lawson,73,34.4,16.7,6.1,13.3,46.1,1.2,3.2,36.6,3.2,4.3,75.6,0.5,2.2,2.7,6.9,1.5,0.1,2.5,17.1
G,32,Chris Bosh,74,33.2,16.6,6.6,12.3,53.5,0.3,1.0,28.4,3.3,4.1,79.8,1.8,5.0,6.8,1.7,0.9,1.4,1.7,19.1
G-F,33,Klay Thompson,82,35.8,16.6,6.2,14.7,42.2,2.6,6.4,40.1,1.6,1.9,84.1,0.4,3.3,3.7,2.2,1.0,0.5,1.9,13.4
F,34,Jamal Crawford,76,29.3,16.5,5.9,13.4,43.8,2.0,5.2,37.6,2.8,3.3,87.1,0.3,1.4,1.7,2.5,1.0,0.2,1.9,12.1
F,35,Luol Deng,75,38.7,16.5,6.2,14.6,42.6,1.0,3.1,32.2,3.1,3.8,81.6,2.2,4.2,6.3,3.0,1.1,0.4,1.9,16.3
C-F,36,Joe Johnson,72,36.7,16.3,6.2,14.6,42.3,2.1,5.5,37.5,1.8,2.2,82.0,0.7,2.3,3.0,3.5,0.7,0.2,1.7,13.1
G,37,Carlos Boozer,79,32.2,16.2,6.9,14.4,47.7,0.0,0.0,0.0,2.4,3.3,73.1,2.2,7.5,9.8,2.3,0.8,0.4,2.2,18.8
F-G,38,Danilo Gallinari,71,32.5,16.2,5.1,12.3,41.8,1.9,5.1,37.3,4.0,4.9,82.2,0.9,4.3,5.2,2.5,0.9,0.5,1.6,15.7
G,39,Ryan Anderson,81,30.9,16.2,5.8,13.8,42.3,2.6,6.9,38.2,1.9,2.2,84.4,2.4,4.0,6.4,1.2,0.5,0.4,1.2,15.2
C,40,Greg Monroe,81,33.2,16.0,6.3,13.1,48.6,0.0,0.0,0.0,3.3,4.8,68.9,2.9,6.7,9.6,3.5,1.3,0.7,2.9,20.0
G-F,41,Chandler Parsons,76,36.3,15.5,6.0,12.4,48.6,2.0,5.2,38.5,1.5,2.0,72.9,1.0,4.3,5.3,3.5,1.0,0.4,1.9,16.9
G,42,Zach Randolph,76,34.3,15.4,6.2,13.5,46.0,0.0,0.3,8.7,3.0,3.9,75.0,4.1,7.2,11.2,1.4,0.8,0.4,2.0,19.0
C,43,O.J. Mayo,82,35.5,15.3,5.6,12.5,44.9,1.7,4.3,40.7,2.3,2.8,82.0,0.4,3.1,3.5,4.4,1.1,0.3,2.6,14.7
F-C,44,Thaddeus Young,76,34.6,14.8,6.7,12.6,53.1,0.0,0.1,12.5,1.4,2.5,57.4,2.4,5.1,7.5,1.6,1.8,0.7,1.2,18.3
F,45,Goran Dragic,77,33.5,14.7,5.2,11.8,44.3,1.1,3.6,31.9,3.2,4.2,74.8,0.8,2.3,3.1,7.4,1.6,0.3,2.8,16.8
F,46,Mike Conley,80,34.5,14.6,5.2,11.8,44.0,1.3,3.7,36.2,2.9,3.5,83.0,0.5,2.3,2.8,6.1,2.2,0.3,2.4,16.4
G,47,Jeff Teague,80,32.9,14.6,5.5,12.2,45.1,1.1,3.1,35.9,2.5,2.8,88.1,0.3,1.9,2.3,7.2,1.5,0.4,2.9,16.0
F-G,48,Paul Millsap,78,30.4,14.6,5.5,11.2,49.0,0.2,0.5,33.3,3.4,4.6,74.2,2.3,4.8,7.1,2.6,1.3,1.0,1.8,17.9
G-F,49,Nicolas Batum,73,38.5,14.3,4.8,11.4,42.3,2.3,6.1,37.2,2.4,2.9,84.8,1.3,4.3,5.6,4.9,1.2,1.1,2.6,17.7
F-G,50,George Hill,76,34.5,14.2,5.1,11.5,44.3,1.7,4.6,36.8,2.3,2.8,81.7,0.6,3.1,3.7,4.7,1.1,0.3,1.5,15.6
G,51,Gordon Hayward,72,29.2,14.1,4.7,10.7,43.5,1.4,3.4,41.5,3.4,4.1,82.7,0.7,2.4,3.1,3.0,0.8,0.5,1.7,13.1
G,52,JJ Redick,78,30.5,14.1,4.9,11.3,43.4,2.1,5.8,36.6,2.2,2.4,90.0,0.2,2.0,2.2,3.8,0.5,0.1,1.8,12.3
F,53,Marc Gasol,80,35.0,14.1,5.4,10.9,49.4,0.0,0.2,7.1,3.4,4.0,84.8,2.3,5.5,7.8,4.0,1.0,1.7,2.0,20.5
C,54,Kevin Martin,77,27.7,14.0,4.5,10.1,45.0,2.1,4.8,42.6,2.8,3.2,89.0,0.4,1.9,2.3,1.4,0.9,0.1,1.3,11.5
F,55,Isaiah Thomas,79,26.9,13.9,4.6,10.5,44.0,1.5,4.1,35.8,3.2,3.6,88.2,0.4,1.7,2.0,4.0,0.8,0.0,1.8,12.7
G,56,Greivis Vasquez,78,34.4,13.9,5.6,13.0,43.3,1.1,3.1,34.2,1.6,2.0,80.5,0.6,3.8,4.3,9.0,0.8,0.1,3.2,17.2
G-F,57,Vince Carter,81,25.8,13.4,4.6,10.6,43.5,2.0,4.9,40.6,2.2,2.8,81.6,0.7,3.4,4.1,2.4,0.9,0.5,1.3,13.6
F,58,Jeremy Lin,82,32.2,13.4,4.8,10.9,44.1,1.1,3.1,33.9,2.6,3.4,78.5,0.4,2.6,3.0,6.1,1.6,0.4,2.9,14.7
F,59,Evan Turner,82,35.3,13.3,5.4,12.8,41.9,0.7,1.9,36.5,1.9,2.5,74.0,0.7,5.6,6.3,4.3,0.9,0.2,2.3,14.6
C,60,Brandon Knight,75,31.5,13.3,4.8,11.7,40.7,1.6,4.4,36.7,2.2,3.0,73.3,0.7,2.6,3.3,4.0,0.8,0.1,2.7,11.1
F,61,Serge Ibaka,80,31.1,13.2,5.6,9.7,57.3,0.3,0.7,35.1,1.8,2.4,74.9,2.8,4.9,7.7,0.5,0.4,3.0,1.6,18.5
G,62,Ersan Ilyasova,73,27.6,13.2,5.1,11.0,46.2,1.3,2.9,44.4,1.7,2.2,79.6,2.1,5.0,7.1,1.6,0.9,0.5,1.0,15.9
F,63,Nate Robinson,82,25.4,13.1,4.9,11.2,43.3,1.7,4.2,40.5,1.6,2.1,79.9,0.4,1.9,2.2,4.4,1.0,0.1,1.8,12.3
F,64,Nikola Vucevic,77,33.2,13.1,6.0,11.5,51.9,0.0,0.0,0.0,1.1,1.6,68.3,3.5,8.4,11.9,1.9,0.8,1.0,1.8,20.8
C,65,Andre Iguodala,80,34.7,13.0,5.0,11.0,45.1,1.1,3.6,31.7,1.9,3.4,57.4,1.0,4.3,5.3,5.4,1.7,0.7,2.6,16.0
G,66,Jarrett Jack,79,29.7,12.9,4.9,10.8,45.2,1.0,2.6,40.4,2.1,2.5,84.3,0.3,2.8,3.1,5.6,0.8,0.1,2.0,14.2
F,67,Jeff Green,81,27.8,12.8,4.6,10.0,46.7,0.9,2.2,38.5,2.6,3.3,80.8,0.7,3.2,3.9,1.6,0.7,0.8,1.6,12.3
C,68,Luis Scola,82,26.6,12.8,5.3,11.2,47.2,0.0,0.2,18.8,2.2,2.8,78.7,1.9,4.7,6.6,2.2,0.8,0.4,1.5,14.8
F,69,JJ Hickson,80,29.0,12.7,5.2,9.3,56.2,0.0,0.0,0.0,2.3,3.4,67.9,3.3,7.0,10.4,1.1,0.6,0.6,1.8,18.5
C,70,Marcus Thornton,72,24.0,12.7,4.6,10.8,42.9,2.0,5.3,37.2,1.5,1.8,88.1,0.7,1.8,2.5,1.3,0.8,0.1,0.9,10.1
G,71,Metta World Peace,75,33.7,12.4,4.4,11.0,40.3,1.9,5.5,34.2,1.7,2.3,73.4,1.3,3.6,5.0,1.5,1.6,0.6,1.3,12.6
G,72,Corey Brewer,82,24.4,12.1,4.6,10.8,42.5,1.1,3.7,29.6,1.8,2.6,69.0,0.7,2.2,2.9,1.5,1.4,0.3,1.2,9.9
F,73,Darren Collison,81,29.3,12.0,4.2,8.9,47.1,0.6,1.7,35.3,3.0,3.4,88.0,0.4,2.3,2.7,5.1,1.2,0.1,2.1,13.9
F,74,Derrick Williams,78,24.6,12.0,4.3,10.1,43.0,0.8,2.5,33.2,2.5,3.5,70.6,1.2,4.3,5.5,0.6,0.6,0.5,1.3,11.0
F,75,Roy Hibbert,79,28.7,11.9,4.9,10.9,44.8,0.0,0.1,25.0,2.1,2.8,74.1,3.7,4.6,8.3,1.4,0.5,2.6,2.1,15.9
G-F,76,Tristan Thompson,82,31.3,11.7,4.8,9.7,48.8,0.0,0.0,0.0,2.2,3.5,60.8,3.7,5.7,9.4,1.3,0.7,0.9,1.5,16.1
G-F,77,Jordan Crawford,70,24.4,11.6,4.3,10.4,41.5,1.2,3.5,33.7,1.8,2.3,81.1,0.6,2.4,3.0,3.2,0.6,0.1,2.0,10.0
G,78,Kenneth Faried,80,28.1,11.5,4.8,8.6,55.2,0.0,0.0,0.0,2.0,3.3,61.3,3.3,5.9,9.2,1.0,1.0,1.0,1.4,17.2
F,79,Rodney Stuckey,76,28.6,11.5,4.0,9.8,40.6,0.7,2.4,30.2,2.8,3.6,78.3,0.6,2.2,2.8,3.6,0.7,0.2,1.8,10.4
C,80,Luke Ridnour,82,30.2,11.5,4.5,9.9,45.3,0.8,2.6,31.1,1.7,2.0,84.8,0.5,2.0,2.5,3.8,1.0,0.2,1.6,11.6
G,81,Martell Webster,76,28.9,11.4,3.7,8.4,44.2,1.8,4.3,42.2,2.2,2.6,84.8,0.7,3.2,3.9,1.9,0.6,0.2,1.2,11.8
F-C,82,Robin Lopez,82,26.0,11.3,4.7,8.8,53.4,0.0,0.0,0.0,2.0,2.5,77.8,2.8,2.9,5.6,0.8,0.4,1.6,1.3,13.7
G,83,Jose Calderon,73,29.6,11.3,4.3,8.7,49.1,1.8,3.9,46.1,1.0,1.1,90.0,0.3,2.1,2.4,7.1,0.8,0.1,1.7,15.5
F,84,J.J. Barea,74,23.1,11.3,4.3,10.2,41.7,1.3,3.8,34.6,1.4,1.8,78.4,0.5,2.3,2.8,4.0,0.4,0.0,2.0,10.1
C,85,Ben Gordon,75,20.8,11.2,4.1,10.1,40.8,1.5,3.9,38.7,1.4,1.7,84.3,0.2,1.5,1.7,1.9,0.5,0.2,1.8,7.4
C,86,Spencer Hawes,82,27.2,11.0,4.6,9.9,46.4,0.4,1.1,35.6,1.5,1.9,77.7,2.1,5.1,7.2,2.2,0.3,1.4,1.6,14.8
G-F,87,Kyle Korver,74,30.5,10.9,3.7,8.1,46.1,2.6,5.6,45.7,0.9,1.1,85.9,0.3,3.6,4.0,2.0,0.9,0.5,0.9,12.9
F,88,Ray Allen,79,25.8,10.9,3.7,8.2,44.9,1.8,4.2,41.9,1.8,2.0,88.6,0.5,2.2,2.7,1.7,0.8,0.2,1.3,10.3
G,89,Jared Dudley,79,27.5,10.9,4.0,8.5,46.8,1.3,3.4,39.1,1.6,2.1,79.6,1.0,2.1,3.1,2.6,0.9,0.1,1.3,11.4
C,90,Jason Thompson,82,27.9,10.9,4.6,9.1,50.2,0.0,0.0,0.0,1.7,2.5,69.4,2.1,4.6,6.7,1.0,0.6,0.7,1.2,13.4
G,91,Carl Landry,81,23.2,10.8,4.0,7.4,54.0,0.0,0.0,33.3,2.8,3.4,81.7,2.2,3.7,6.0,0.8,0.4,0.4,1.4,12.9
F-G,92,Randy Foye,82,27.4,10.8,3.6,9.0,39.7,2.2,5.3,41.0,1.4,1.8,81.9,0.2,1.3,1.5,2.0,0.8,0.3,1.1,8.6
G,93,Danny Green,80,27.5,10.5,3.7,8.3,44.8,2.2,5.2,42.9,0.8,1.0,84.8,0.5,2.6,3.1,1.8,1.2,0.7,1.2,11.2
F-C,94,Mike Dunleavy,75,25.9,10.5,3.7,8.3,44.2,1.7,4.0,42.8,1.4,1.7,82.0,0.4,3.5,3.9,1.9,0.5,0.5,1.2,11.1
F,95,Caron Butler,78,24.1,10.4,3.9,9.2,42.4,1.6,4.2,38.8,1.0,1.2,83.3,0.5,2.3,2.9,1.0,0.7,0.1,0.9,8.6
G,96,Tayshaun Prince,82,32.1,10.4,4.4,10.0,43.8,0.5,1.1,40.4,1.2,1.6,73.8,0.9,3.6,4.4,2.4,0.6,0.3,1.1,11.0
G-F,97,Patrick Patterson,71,25.0,10.4,4.5,8.8,51.2,0.7,1.9,38.6,0.7,0.9,76.2,1.6,3.2,4.7,1.1,0.4,0.6,0.9,11.9
C,98,Tiago Splitter,81,24.7,10.3,3.9,7.0,56.0,0.0,0.0,0.0,2.6,3.5,73.0,1.8,4.6,6.4,1.6,0.8,0.8,1.2,14.6
G-F,99,Andray Blatche,82,19.0,10.3,4.2,8.2,51.2,0.0,0.3,13.6,1.8,2.6,68.5,2.0,3.1,5.1,1.0,1.0,0.7,1.5,11.8
C-F,100,Matt Barnes,80,25.7,10.3,3.9,8.4,46.2,1.4,4.1,34.2,1.1,1.5,74.4,1.4,3.2,4.6,1.5,1.0,0.8,1.1,12.2
G,101,Alonzo Gee,82,31.0,10.3,3.7,9.1,41.0,0.8,2.7,31.5,2.0,2.5,79.5,0.9,3.0,3.9,1.6,1.3,0.4,1.6,10.0
C,102,Omer Asik,82,30.0,10.1,4.0,7.5,54.1,0.0,0.0,0.0,2.0,3.6,56.2,3.4,8.3,11.7,0.9,0.6,1.1,2.1,17.2
F,103,Michael Beasley,75,20.7,10.1,4.1,10.2,40.5,0.6,1.9,31.3,1.3,1.7,74.6,0.7,3.1,3.8,1.5,0.4,0.5,1.9,7.8
F,104,Jason Terry,79,26.9,10.1,3.6,8.2,43.4,1.6,4.2,37.2,1.4,1.7,87.0,0.2,1.8,2.0,2.5,0.8,0.1,1.3,9.5
F-G,105,Amir Johnson,81,28.7,10.0,4.1,7.5,55.4,0.1,0.2,38.5,1.7,2.3,72.7,2.8,4.7,7.5,1.5,1.0,1.4,1.4,16.0
G,106,Larry Sanders,71,27.3,9.8,4.3,8.5,50.6,0.0,0.0,0.0,1.2,1.9,61.8,3.2,6.3,9.5,1.2,0.7,2.8,1.2,17.8
G,107,Emeka Okafor,79,26.0,9.7,4.2,8.7,47.7,0.0,0.0,0.0,1.4,2.4,57.1,2.5,6.2,8.8,1.2,0.6,1.0,1.4,14.2
C-F,108,Marco Belinelli,73,25.8,9.6,3.3,8.4,39.5,1.1,3.0,35.7,1.9,2.3,83.9,0.2,1.7,1.9,2.0,0.6,0.1,1.1,7.7
G,109,Andre Miller,82,26.2,9.6,3.7,7.7,47.9,0.2,0.8,26.6,2.0,2.4,84.0,0.7,2.2,2.9,5.9,0.9,0.1,2.1,12.9
G,110,Derrick Favors,77,23.2,9.4,3.6,7.4,48.2,0.0,0.1,0.0,2.3,3.4,68.8,2.4,4.7,7.1,1.0,0.9,1.7,1.7,13.5
G-F,111,Antawn Jamison,76,21.5,9.4,3.5,7.6,46.4,1.1,3.1,36.1,1.2,1.8,69.1,1.4,3.3,4.8,0.7,0.4,0.3,0.7,10.2
F,112,Harrison Barnes,81,25.4,9.2,3.4,7.8,43.9,0.6,1.8,35.9,1.8,2.3,75.8,0.7,3.5,4.1,1.2,0.6,0.2,1.2,9.2
F-C,113,Dorell Wright,79,22.6,9.2,3.0,7.6,39.6,1.7,4.6,37.4,1.5,1.8,85.1,0.5,3.3,3.8,1.9,0.8,0.4,0.8,10.5
F,114,Kevin Seraphin,79,21.8,9.1,4.2,9.1,46.1,0.0,0.0,0.0,0.8,1.1,69.3,1.4,3.0,4.4,0.7,0.3,0.7,1.6,8.4
G,115,JaVale McGee,79,18.1,9.1,3.8,6.7,57.5,0.0,0.0,100.0,1.4,2.4,59.1,2.0,2.8,4.8,0.3,0.4,2.0,1.1,11.6
G-F,116,Michael Kidd-Gilchrist,78,26.0,9.0,3.6,7.9,45.8,0.0,0.1,22.2,1.8,2.4,74.9,1.7,4.2,5.8,1.5,0.7,0.9,1.3,11.8
G,117,Tony Allen,79,26.7,8.9,3.6,8.1,44.5,0.0,0.3,12.5,1.7,2.4,71.7,1.5,3.1,4.6,1.2,1.5,0.6,1.2,10.5
F-C,118,John Salmons,76,30.0,8.8,3.2,8.1,39.9,1.3,3.5,37.1,1.1,1.4,77.3,0.4,2.3,2.7,3.0,0.7,0.3,1.1,9.3
F,119,DeAndre Jordan,82,24.5,8.8,3.8,6.0,64.3,0.0,0.0,0.0,1.2,3.0,38.6,2.6,4.7,7.2,0.3,0.6,1.4,1.2,13.2
F,120,Lance Stephenson,78,29.2,8.8,3.5,7.7,46.0,0.8,2.4,33.0,1.0,1.5,65.2,0.6,3.3,3.9,2.9,1.0,0.2,1.4,10.8
F,121,Kyle Singler,82,28.0,8.8,3.4,7.8,42.8,0.9,2.4,35.0,1.2,1.5,80.6,1.3,2.7,4.0,0.9,0.7,0.5,1.2,8.9
G,122,Dante Cunningham,80,25.1,8.7,3.9,8.4,46.8,0.0,0.1,0.0,0.8,1.3,65.0,1.8,3.3,5.1,0.8,1.1,0.5,0.7,10.5
F-C,123,Jerryd Bayless,80,22.1,8.7,3.3,7.8,41.9,0.9,2.5,35.3,1.3,1.5,83.6,0.3,1.9,2.2,3.3,0.7,0.2,1.5,8.9
G,124,Brandon Bass,81,27.6,8.7,3.5,7.3,48.6,0.0,0.0,0.0,1.6,1.9,86.0,1.6,3.7,5.2,1.0,0.5,0.8,1.0,11.3
F-G,125,Mario Chalmers,77,26.9,8.6,2.9,6.9,42.9,1.6,3.9,40.9,1.2,1.5,79.5,0.2,2.0,2.2,3.5,1.5,0.2,1.5,10.3
F,126,Alexey Shved,77,23.9,8.6,3.1,8.2,37.2,1.1,3.7,29.5,1.4,1.9,72.0,0.5,1.7,2.3,3.7,0.7,0.4,1.9,8.0
F-G,127,Jimmy Butler,82,26.0,8.6,2.9,6.2,46.7,0.5,1.3,38.1,2.3,2.8,80.3,1.7,2.3,4.0,1.4,1.0,0.4,0.8,10.7
F-C,128,Eric Bledsoe,76,20.4,8.5,3.3,7.5,44.5,0.4,1.0,39.7,1.4,1.8,79.1,1.0,1.9,3.0,3.1,1.4,0.7,1.8,10.3
G,129,Marreese Speights,79,16.5,8.3,3.3,7.4,44.5,0.0,0.1,30.0,1.7,2.2,77.1,1.8,3.0,4.9,0.6,0.3,0.7,1.0,9.2
G,130,Maurice Harkless,76,26.0,8.2,3.4,7.4,46.1,0.4,1.5,27.4,1.0,1.7,57.0,1.6,2.8,4.4,0.7,1.2,0.8,0.9,9.6
G,131,Markieff Morris,82,22.4,8.2,3.2,8.0,40.7,0.5,1.6,33.6,1.1,1.5,73.2,1.6,3.2,4.8,1.3,0.9,0.8,1.3,9.6
F,132,Kosta Koufos,81,22.4,8.0,3.6,6.3,58.1,0.0,0.0,0.0,0.7,1.3,55.8,2.6,4.3,6.9,0.4,0.5,1.3,0.7,13.3
C,133,Jodie Meeks,78,21.3,7.9,2.6,6.8,38.7,1.6,4.4,35.7,1.1,1.2,89.6,0.5,1.7,2.2,0.9,0.7,0.1,0.7,6.8
G,134,Tyler Zeller,77,26.4,7.9,3.2,7.3,43.8,0.0,0.1,0.0,1.6,2.0,76.4,2.1,3.6,5.7,1.2,0.5,0.9,1.2,10.4
F,135,Wayne Ellington,78,21.3,7.9,2.9,6.8,42.7,1.2,3.1,39.2,0.9,1.0,90.7,0.3,1.8,2.1,1.3,0.6,0.0,0.7,7.2
G,136,Courtney Lee,78,24.9,7.8,3.2,6.8,46.4,0.7,2.0,37.2,0.8,0.9,86.1,0.4,2.0,2.4,1.8,1.1,0.3,1.1,8.7
F-G,137,E'Twaun Moore,75,22.4,7.8,3.2,8.0,39.6,0.9,2.6,34.0,0.6,0.8,79.7,0.6,1.6,2.2,2.7,0.7,0.3,1.4,7.4
C,138,Andrew Nicholson,75,16.7,7.8,3.4,6.5,52.7,0.0,0.0,0.0,1.0,1.3,79.8,0.9,2.5,3.4,0.6,0.3,0.4,1.1,8.2
F,139,Marcus Morris,77,19.8,7.7,2.9,6.8,42.2,1.1,3.0,36.9,0.9,1.5,56.4,1.0,2.6,3.6,0.8,0.6,0.3,1.0,7.4
F,140,Ed Davis,81,20.1,7.7,3.2,6.0,53.9,0.0,0.0,0.0,1.3,2.1,61.7,1.9,3.8,5.7,0.8,0.5,1.0,0.8,11.4
F-G,141,Thabo Sefolosha,81,27.5,7.6,2.8,5.8,48.1,1.3,3.2,41.9,0.7,0.9,82.6,0.7,3.2,3.9,1.5,1.3,0.5,0.8,10.9
F,142,Toney Douglas,71,18.1,7.5,2.6,6.6,40.3,1.2,3.0,38.0,1.1,1.2,90.5,0.5,1.5,1.9,2.1,1.0,0.0,1.1,7.5
F,143,Al-Farouq Aminu,76,27.2,7.3,3.0,6.2,47.5,0.1,0.3,21.1,1.3,1.8,73.7,1.8,5.9,7.7,1.4,1.2,0.7,1.5,13.0
F,144,Marvin Williams,73,23.7,7.2,2.7,6.4,42.3,0.7,2.3,32.5,1.1,1.4,77.8,0.8,2.8,3.6,1.1,0.5,0.5,0.8,8.1
G,145,Enes Kanter,70,15.4,7.2,2.9,5.4,54.4,0.0,0.0,100.0,1.3,1.7,79.5,1.9,2.4,4.3,0.4,0.4,0.5,1.4,8.6
G,146,Elton Brand,72,21.2,7.2,3.1,6.6,47.3,0.0,0.0,0.0,0.9,1.3,71.0,1.8,4.2,6.0,1.0,0.7,1.3,0.8,11.4
F,147,Brian Roberts,78,17.0,7.1,2.7,6.6,41.7,0.8,2.0,38.6,0.9,1.0,90.9,0.2,1.0,1.2,2.8,0.5,0.0,0.9,6.9
G,148,Tyler Hansbrough,81,16.9,7.0,2.2,5.0,43.2,0.0,0.0,0.0,2.7,3.7,72.0,2.0,2.6,4.6,0.4,0.4,0.2,1.0,7.8
G,149,Jason Maxiell,72,24.8,6.9,2.8,6.3,44.6,0.0,0.0,0.0,1.3,2.0,62.1,1.9,3.8,5.7,0.8,0.4,1.3,1.1,9.7
C,150,C.J. Watson,80,19.0,6.8,2.4,5.7,41.8,1.1,2.7,41.1,0.9,1.1,78.0,0.5,1.3,1.8,2.0,0.8,0.2,0.9,7.1
F,151,Steve Novak,81,20.3,6.6,2.2,5.3,41.4,1.8,4.3,42.5,0.4,0.4,90.9,0.2,1.7,1.9,0.4,0.3,0.1,0.1,6.1
F,152,Shane Battier,72,24.8,6.6,2.1,5.0,42.0,1.9,4.4,43.0,0.4,0.5,84.2,0.5,1.8,2.3,1.0,0.6,0.8,0.5,7.7
F,153,PJ Tucker,79,24.2,6.4,2.7,5.6,47.3,0.3,0.9,31.4,0.8,1.1,74.4,1.7,2.8,4.4,1.4,0.8,0.2,0.8,9.2
F-C,154,Terrence Ross,73,17.0,6.4,2.5,6.3,40.7,0.9,2.7,33.2,0.4,0.6,71.4,0.5,1.5,2.0,0.7,0.6,0.2,0.7,5.3
G,155,Willie Green,72,16.5,6.3,2.5,5.4,46.1,1.0,2.3,42.8,0.3,0.4,71.9,0.2,1.1,1.3,0.8,0.4,0.2,0.4,5.5
G,156,Jeffery Taylor,77,19.6,6.1,2.2,5.2,43.1,0.7,2.0,34.4,1.0,1.3,72.8,0.7,1.3,1.9,0.8,0.6,0.2,0.6,5.8
F,157,Jason Kidd,76,26.9,6.0,2.0,5.4,37.2,1.5,4.3,35.1,0.5,0.6,83.3,0.7,3.6,4.3,3.3,1.6,0.3,1.0,11.0
G,158,Greg Smith,70,15.9,6.0,2.4,3.9,62.0,0.0,0.0,0.0,1.2,1.9,62.3,1.6,3.0,4.6,0.4,0.3,0.6,0.6,9.0
G-F,159,Boris Diaw,75,22.8,5.8,2.4,4.4,53.9,0.4,1.0,38.5,0.6,0.9,72.3,0.9,2.5,3.4,2.4,0.7,0.4,1.1,9.2
C,160,Lavoy Allen,79,21.1,5.8,2.6,5.7,45.4,0.0,0.0,0.0,0.5,0.8,71.7,2.0,3.0,5.0,0.9,0.3,0.7,0.7,8.6
C-F,161,Norris Cole,80,19.9,5.6,2.2,5.3,42.1,0.4,1.2,35.7,0.7,1.0,65.0,0.2,1.4,1.6,2.1,0.7,0.1,1.3,5.3
G,162,MarShon Brooks,73,12.5,5.4,2.1,4.6,46.3,0.2,0.8,27.3,0.9,1.3,73.4,0.4,1.0,1.4,1.0,0.5,0.2,0.9,4.8
F-G,163,Reggie Jackson,70,14.2,5.3,2.1,4.6,45.8,0.3,1.5,23.1,0.7,0.9,83.9,0.3,2.1,2.4,1.7,0.4,0.2,0.8,6.6
C,164,Nick Collison,81,19.5,5.1,2.2,3.7,59.5,0.0,0.0,0.0,0.7,1.0,76.9,1.5,2.6,4.1,1.5,0.6,0.4,0.9,9.1
G-F,165,Jae Crowder,78,17.3,5.0,1.8,4.7,38.4,0.8,2.5,32.8,0.6,0.9,64.4,0.4,1.9,2.4,1.2,0.8,0.2,0.6,5.8
F,166,Ian Mahinmi,80,16.5,5.0,1.9,4.1,45.3,0.0,0.0,0.0,1.3,2.1,60.8,1.4,2.5,3.9,0.3,0.5,0.8,1.2,6.3
G,167,Bismack Biyombo,80,27.3,4.8,2.0,4.3,45.1,0.0,0.0,0.0,0.9,1.8,52.1,2.4,4.9,7.3,0.4,0.4,1.8,1.0,10.4
F-G,168,Thomas Robinson,70,15.1,4.8,2.0,4.6,43.0,0.0,0.0,0.0,0.8,1.6,52.3,1.7,2.8,4.5,0.7,0.6,0.4,1.3,6.3
C,169,D.J. Augustin,76,16.1,4.7,1.4,3.9,35.0,0.9,2.5,35.3,1.1,1.3,83.8,0.3,0.9,1.2,2.2,0.4,0.0,0.9,5.0
G,170,Reggie Evans,80,24.6,4.5,1.6,3.3,47.9,0.0,0.0,0.0,1.4,2.8,50.9,3.3,7.9,11.1,0.5,0.9,0.2,1.4,12.8
G,171,Ekpe Udoh,76,17.3,4.3,1.5,3.5,43.5,0.0,0.0,0.0,1.2,1.6,74.8,1.5,1.8,3.3,0.6,0.5,1.1,0.6,6.8
G,172,Kendrick Perkins,78,25.1,4.2,1.8,4.0,45.7,0.0,0.0,0.0,0.6,0.9,61.1,1.4,4.6,6.0,1.4,0.6,1.1,1.4,9.3
G,173,Keith Bogans,74,19.0,4.2,1.5,3.8,38.0,1.1,3.3,34.3,0.1,0.2,64.7,0.2,1.4,1.6,1.0,0.4,0.1,0.7,4.2
F,174,Will Barton,73,12.2,4.0,1.6,4.2,38.2,0.1,0.9,13.8,0.7,0.9,76.9,0.5,1.5,2.0,0.8,0.5,0.1,0.8,3.8
F,175,Greg Stiemsma,76,15.9,4.0,1.7,3.7,45.7,0.0,0.0,0.0,0.7,0.9,76.8,0.8,2.6,3.4,0.4,0.6,1.2,0.8,6.7
G,176,Lamar Odom,82,19.7,4.0,1.8,4.5,39.9,0.2,1.1,20.0,0.2,0.5,47.6,1.4,4.4,5.9,1.7,0.8,0.7,1.0,9.2
F,177,Udonis Haslem,75,18.9,3.9,1.7,3.3,51.4,0.0,0.0,0.0,0.4,0.6,71.1,1.3,4.1,5.4,0.5,0.4,0.2,0.6,8.0
F,178,Nando De Colo,72,12.8,3.8,1.5,3.3,43.6,0.4,1.1,37.8,0.5,0.6,79.5,0.3,1.6,1.9,1.9,0.6,0.1,1.1,5.2
F,179,Pablo Prigioni,78,16.2,3.5,1.3,2.8,45.5,0.7,1.7,39.6,0.3,0.3,88.0,0.5,1.3,1.8,3.0,0.9,0.0,1.1,6.6
F,180,Dahntay Jones,78,13.0,3.4,1.1,2.8,36.9,0.1,0.6,22.4,1.1,1.4,77.0,0.3,1.0,1.3,0.6,0.3,0.1,0.5,3.0
F,181,Draymond Green,79,13.4,2.9,1.1,3.3,32.7,0.2,0.8,20.9,0.6,0.7,81.8,0.7,2.6,3.3,0.7,0.5,0.3,0.6,4.7
G,182,Chuck Hayes,74,16.3,2.7,1.1,2.6,44.2,0.0,0.0,0.0,0.4,0.6,62.5,1.5,2.5,4.0,1.5,0.4,0.2,0.6,6.6
F,183,Festus Ezeli,78,14.4,2.4,0.9,2.2,43.8,0.0,0.0,0.0,0.6,1.0,53.1,1.8,2.2,4.0,0.3,0.3,0.9,0.8,5.5
