pos,#,player,gp,min,pts,fgm,fga,fg%,3pm,3pa,3p%,ftm,fta,ft%,oreb,dreb,reb,ast,stl,blk,tov,eff
G,1,Kevin Durant,81,38.5,32.0,10.5,20.8,50.3,2.4,6.1,39.1,8.7,9.9,87.3,0.7,6.7,7.4,5.5,1.3,0.7,3.5,31.8
F-C,2,Carmelo Anthony,77,38.7,27.4,9.6,21.3,45.2,2.2,5.4,40.2,6.0,7.0,84.8,1.9,6.2,8.1,3.1,1.2,0.7,2.6,25.2
F-G,3,LeBron James,77,37.7,27.1,10.0,17.6,56.7,1.5,4.0,37.9,5.7,7.6,75.0,1.1,5.9,6.9,6.3,1.6,0.3,3.5,29.3
F,4,Kevin Love,77,36.3,26.1,8.4,18.5,45.7,2.5,6.6,37.6,6.8,8.2,82.1,2.9,9.6,12.5,4.4,0.8,0.5,2.5,30.2
G,5,James Harden,73,38.0,25.4,7.5,16.5,45.6,2.4,6.6,36.6,7.9,9.1,86.6,0.8,3.9,4.7,6.1,1.6,0.4,3.6,24.3
F,6,Blake Griffin,80,35.8,24.1,9.0,17.0,52.8,0.2,0.6,27.3,6.0,8.4,71.5,2.4,7.1,9.5,3.9,1.2,0.6,2.8,26.0
G,7,Stephen Curry,78,36.5,24.0,8.4,17.7,47.1,3.3,7.9,42.4,3.9,4.5,88.5,0.6,3.7,4.3,8.5,1.6,0.2,3.8,25.0
G,8,LaMarcus Aldridge,69,36.2,23.2,9.4,20.6,45.8,0.0,0.2,20.0,4.3,5.2,82.2,2.4,8.7,11.1,2.6,0.9,1.0,1.8,24.9
F,9,DeMarcus Cousins,71,32.4,22.7,8.3,16.8,49.6,0.0,0.1,0.0,6.1,8.4,72.6,3.1,8.6,11.7,2.9,1.5,1.3,3.5,25.9
G,10,DeMar DeRozan,79,38.2,22.7,7.6,17.8,42.9,0.8,2.7,30.5,6.6,8.0,82.4,0.6,3.7,4.3,4.0,1.1,0.4,2.2,18.6
G,11,Al Jefferson,73,35.0,21.8,9.6,18.8,50.9,0.0,0.2,20.0,2.6,3.8,69.0,2.1,8.7,10.8,2.1,0.9,1.1,1.7,24.7
C,12,Paul George,80,36.2,21.7,7.2,17.0,42.4,2.3,6.3,36.4,5.0,5.8,86.4,0.8,6.0,6.8,3.5,1.9,0.3,2.8,20.8
G,13,Dirk Nowitzki,80,32.9,21.7,7.9,15.9,49.7,1.6,4.1,39.8,4.2,4.7,89.9,0.5,5.7,6.2,2.7,0.9,0.6,1.5,22.2
G,14,Kyrie Irving,71,35.2,20.8,7.5,17.4,43.0,1.7,4.8,35.8,4.1,4.8,86.1,0.7,2.9,3.6,6.1,1.5,0.3,2.7,19.1
G,15,Anthony Davis,67,35.2,20.8,7.8,15.0,51.9,0.0,0.1,22.2,5.2,6.6,79.1,3.1,7.0,10.0,1.6,1.3,2.8,1.6,26.4
G,16,Damian Lillard,82,35.8,20.7,6.7,15.9,42.4,2.7,6.8,39.4,4.5,5.2,87.1,0.4,3.1,3.5,5.6,0.8,0.3,2.4,18.6
F,17,Isaiah Thomas,72,34.7,20.3,6.9,15.2,45.3,1.8,5.1,34.9,4.8,5.7,85.0,0.7,2.3,2.9,6.3,1.3,0.1,3.0,18.8
F,18,Goran Dragic,76,35.1,20.3,7.3,14.4,50.5,1.6,3.9,40.8,4.2,5.5,76.0,0.9,2.3,3.2,5.9,1.4,0.3,2.8,19.8
G,19,Rudy Gay,73,34.7,20.0,7.4,16.2,45.5,0.9,2.7,33.0,4.4,5.3,82.2,1.5,4.4,6.0,2.9,1.3,0.8,3.1,18.1
C,20,John Wall,82,36.3,19.3,7.1,16.3,43.3,1.3,3.8,35.1,3.9,4.8,80.5,0.5,3.6,4.1,8.8,1.8,0.5,3.6,20.7
G,21,Chris Paul,62,35.0,19.1,6.5,14.0,46.7,1.3,3.4,36.8,4.8,5.6,85.5,0.6,3.7,4.3,10.7,2.5,0.1,2.3,26.0
F,22,Kevin Martin,68,32.0,19.1,6.5,15.0,43.0,1.7,4.4,38.7,4.5,5.0,89.1,0.5,2.5,3.0,1.8,1.0,0.1,1.6,14.2
G,23,Monta Ellis,82,36.9,19.0,7.0,15.6,45.1,0.8,2.5,33.0,4.1,5.2,78.8,0.5,3.1,3.6,5.7,1.7,0.3,3.2,17.5
F,24,Jamal Crawford,69,30.3,18.6,6.1,14.7,41.6,2.3,6.5,36.1,4.0,4.7,86.6,0.5,1.8,2.3,3.2,0.9,0.2,2.0,14.0
G,25,Klay Thompson,81,35.4,18.4,6.9,15.5,44.4,2.8,6.6,41.7,1.8,2.3,79.5,0.5,2.6,3.1,2.2,0.9,0.5,1.7,14.3
G,26,Dwight Howard,71,33.7,18.3,6.7,11.3,59.1,0.0,0.1,28.6,4.9,9.0,54.7,3.3,8.9,12.2,1.8,0.8,1.8,3.2,23.1
F,27,Arron Afflalo,73,35.0,18.2,6.4,13.8,45.9,1.8,4.1,42.7,3.8,4.6,81.5,0.4,3.2,3.6,3.4,0.5,0.0,2.0,15.4
G,28,David Lee,69,33.2,18.2,7.4,14.2,52.3,0.0,0.0,0.0,3.3,4.3,78.0,2.6,6.7,9.3,2.1,0.7,0.4,2.2,20.8
F,29,Paul Millsap,74,33.5,17.9,6.5,14.1,46.1,1.0,2.9,35.8,3.9,5.3,73.1,2.1,6.4,8.5,3.1,1.7,1.1,2.5,20.8
C,30,Kyle Lowry,79,36.2,17.9,5.8,13.7,42.3,2.4,6.3,38.0,4.0,4.9,81.3,1.1,3.6,4.7,7.4,1.5,0.2,2.5,20.5
G,30,Thaddeus Young,79,34.4,17.9,7.4,16.2,45.4,1.1,3.7,30.8,2.1,2.9,71.2,2.1,3.9,6.0,2.3,2.1,0.5,2.1,17.0
G,32,Brandon Knight,72,33.3,17.9,6.4,15.2,42.2,1.5,4.7,32.5,3.6,4.5,80.2,0.6,2.9,3.5,4.9,1.0,0.2,2.6,15.3
G-F,33,Nick Young,64,28.3,17.9,6.0,13.9,43.5,2.1,5.5,38.6,3.7,4.5,82.5,0.5,2.1,2.6,1.5,0.7,0.2,1.5,12.8
F,34,Kemba Walker,73,35.8,17.7,6.2,15.7,39.3,1.5,4.5,33.3,3.9,4.6,83.7,0.5,3.7,4.2,6.1,1.2,0.4,2.3,17.0
F,35,Ty Lawson,62,35.8,17.6,5.6,13.0,43.1,1.2,3.3,35.6,5.2,6.5,79.8,0.6,2.8,3.5,8.8,1.6,0.2,3.2,19.6
C-F,36,Zach Randolph,79,34.2,17.4,7.1,15.2,46.7,0.0,0.3,10.0,3.2,4.3,74.2,3.4,6.7,10.1,2.5,0.7,0.3,2.3,19.4
G,37,Pau Gasol,60,31.4,17.4,7.1,14.8,48.0,0.1,0.2,28.6,3.1,4.2,73.6,2.1,7.6,9.7,3.4,0.5,1.5,2.4,21.2
F-G,38,Mike Conley,73,33.5,17.2,6.3,14.1,45.0,1.4,4.0,36.1,3.1,3.8,81.5,0.6,2.4,2.9,6.0,1.5,0.2,2.1,17.3
G,39,Bradley Beal,73,34.7,17.1,6.6,15.7,41.9,1.9,4.7,40.2,2.0,2.6,78.8,0.7,3.0,3.7,3.3,1.0,0.2,1.8,13.9
C,40,Jeff Green,82,34.2,16.9,5.9,14.3,41.2,1.6,4.8,34.1,3.5,4.3,79.5,0.7,4.0,4.6,1.7,0.7,0.6,2.0,13.1
G-F,41,Tony Parker,68,29.4,16.7,6.7,13.4,49.9,0.4,1.0,37.3,2.9,3.6,81.1,0.3,2.0,2.3,5.7,0.5,0.1,2.2,15.7
G,42,Michael Carter-Williams,70,34.5,16.7,6.1,15.1,40.5,0.8,3.0,26.4,3.7,5.2,70.3,1.4,4.8,6.2,6.3,1.9,0.6,3.5,17.6
C,43,Chandler Parsons,74,37.6,16.6,6.3,13.3,47.2,1.8,4.7,37.0,2.2,3.0,74.2,0.9,4.6,5.5,4.0,1.2,0.4,1.9,17.9
F-C,44,Jeff Teague,79,32.2,16.5,5.8,13.2,43.8,0.9,2.8,32.9,4.0,4.8,84.6,0.4,2.2,2.6,6.7,1.1,0.2,2.9,16.1
F,45,Josh Smith,77,35.5,16.4,6.7,16.0,41.9,0.9,3.4,26.4,2.1,3.9,53.2,1.3,5.4,6.8,3.3,1.4,1.4,2.6,15.5
F,46,Wesley Matthews,82,33.9,16.4,5.4,12.3,44.1,2.5,6.2,39.3,3.1,3.7,83.7,0.6,2.9,3.5,2.4,0.9,0.2,1.3,14.6
G,47,Chris Bosh,79,32.0,16.2,6.2,12.1,51.6,0.9,2.8,33.9,2.8,3.4,82.0,1.2,5.4,6.6,1.1,1.0,1.0,1.6,17.9
F-G,48,Gordon Hayward,77,36.4,16.2,5.5,13.4,41.3,1.1,3.6,30.4,4.0,4.9,81.6,0.8,4.3,5.1,5.2,1.4,0.5,2.8,16.9
G-F,49,Luol Deng,63,35.1,16.0,5.9,13.7,43.1,0.9,3.0,30.2,3.4,4.3,79.1,1.6,4.2,5.7,2.9,1.0,0.1,1.8,15.3
F-G,50,Dion Waiters,70,29.6,15.9,6.1,14.2,43.3,1.3,3.6,36.8,2.3,3.4,68.5,0.5,2.3,2.8,3.0,0.9,0.2,2.2,11.5
G,51,Gerald Green,82,28.4,15.8,5.5,12.3,44.5,2.5,6.2,40.0,2.4,2.8,84.8,0.6,2.8,3.4,1.5,0.9,0.5,1.8,13.0
G,52,Joe Johnson,79,32.6,15.8,5.8,12.9,45.4,2.1,5.1,40.1,2.0,2.5,81.5,0.6,2.8,3.4,2.7,0.6,0.1,1.5,13.6
F,53,Jodie Meeks,77,33.2,15.7,5.4,11.6,46.3,2.1,5.2,40.1,2.9,3.4,85.7,0.4,2.1,2.5,1.8,1.4,0.1,1.4,13.4
C,54,Brandon Jennings,80,34.1,15.5,5.3,14.2,37.3,1.9,5.7,33.7,3.0,4.0,75.1,0.7,2.3,3.1,7.6,1.3,0.1,2.7,15.0
F,55,Eric Gordon,64,32.1,15.4,5.6,12.8,43.6,1.6,4.0,39.1,2.7,3.5,78.5,0.5,2.1,2.6,3.3,1.2,0.2,2.1,12.6
G,56,Greg Monroe,82,32.8,15.2,6.1,12.4,49.7,0.0,0.0,0.0,2.9,4.5,65.7,3.1,6.1,9.3,2.1,1.1,0.6,2.0,18.5
G-F,57,Serge Ibaka,81,32.9,15.1,6.5,12.1,53.6,0.3,0.7,38.3,1.9,2.5,78.4,2.8,6.0,8.8,1.0,0.5,2.7,1.5,20.5
F,58,Tim Duncan,74,29.2,15.1,6.0,12.2,49.0,0.0,0.1,0.0,3.1,4.3,73.1,2.1,7.6,9.7,3.0,0.6,1.9,2.1,20.8
F,59,Avery Bradley,60,30.9,14.9,6.0,13.8,43.8,1.3,3.3,39.5,1.5,1.9,80.4,0.8,3.0,3.8,1.4,1.1,0.2,1.6,11.6
C,60,Tobias Harris,61,30.3,14.6,5.4,11.7,46.4,0.5,2.1,25.4,3.2,4.0,80.7,1.4,5.5,7.0,1.3,0.7,0.4,1.3,15.7
F,61,Marc Gasol,59,33.4,14.6,5.7,12.1,47.3,0.0,0.2,18.2,3.1,4.1,76.8,1.4,5.8,7.2,3.6,1.0,1.3,1.9,18.5
G,62,JR Smith,74,32.7,14.5,5.4,12.9,41.5,2.6,6.5,39.4,1.2,1.9,65.2,0.5,3.5,4.0,3.0,0.9,0.3,1.5,12.9
F,63,Tyreke Evans,72,28.2,14.5,5.4,12.5,43.6,0.3,1.3,22.1,3.3,4.3,77.1,1.1,3.7,4.7,5.0,1.2,0.3,2.4,15.3
F,64,Trevor Ariza,77,35.4,14.4,5.1,11.1,45.6,2.3,5.7,40.7,1.9,2.5,77.2,1.3,4.9,6.2,2.5,1.6,0.3,1.7,16.6
C,65,Deron Williams,64,32.2,14.3,5.0,11.2,45.0,1.5,4.2,36.6,2.7,3.4,80.1,0.2,2.4,2.6,6.1,1.5,0.2,2.2,15.6
G,66,Gerald Henderson,77,32.0,14.0,5.2,12.1,43.3,0.5,1.5,34.8,3.1,4.0,76.1,0.4,3.6,4.0,2.6,0.7,0.4,1.5,12.5
F,67,David West,80,30.9,14.0,5.7,11.7,48.8,0.1,0.2,26.7,2.5,3.1,78.9,1.5,5.3,6.8,2.8,0.8,0.9,1.7,16.9
C,68,Evan Turner,81,30.3,14.0,5.4,12.6,42.5,0.6,1.9,32.1,2.6,3.2,81.3,0.8,4.3,5.0,3.2,0.8,0.1,2.3,13.0
F,69,Alec Burks,78,28.1,14.0,4.9,10.7,45.7,0.6,1.8,35.0,3.6,4.8,74.8,0.8,2.5,3.3,2.7,0.9,0.2,1.9,12.1
C,70,Rodney Stuckey,73,26.7,13.9,5.1,11.7,43.6,0.3,1.2,27.3,3.3,4.0,83.6,0.5,1.8,2.3,2.1,0.7,0.1,1.7,10.2
G,71,Lance Stephenson,78,35.3,13.8,5.5,11.2,49.1,1.1,3.1,35.2,1.8,2.5,71.1,1.2,5.9,7.2,4.6,0.7,0.1,2.7,17.3
G,72,Victor Oladipo,80,31.1,13.8,4.9,11.7,41.9,0.9,2.8,32.7,3.1,4.0,78.0,0.5,3.6,4.1,4.1,1.6,0.5,3.2,13.2
F,73,Markieff Morris,81,26.6,13.8,5.1,10.4,48.6,0.4,1.3,31.5,3.2,4.0,79.2,1.7,4.3,6.0,1.8,0.8,0.6,1.8,15.0
F,74,Carlos Boozer,76,28.2,13.7,5.9,12.9,45.6,0.0,0.0,0.0,1.9,2.5,76.7,1.8,6.5,8.3,1.6,0.7,0.3,2.0,14.9
F,75,Kenneth Faried,80,27.2,13.7,5.6,10.3,54.5,0.0,0.0,0.0,2.5,3.9,65.0,3.0,5.6,8.6,1.2,0.9,0.9,1.7,17.5
G-F,76,Wilson Chandler,62,31.1,13.6,5.0,11.9,41.6,2.0,5.7,34.8,1.8,2.5,72.4,0.9,3.8,4.7,1.8,0.7,0.5,1.3,12.6
G-F,77,Andre Drummond,81,32.3,13.5,5.9,9.5,62.3,0.0,0.0,0.0,1.7,4.0,41.8,5.4,7.8,13.2,0.4,1.2,1.6,1.4,22.7
G,78,Paul Pierce,75,28.0,13.5,4.3,9.5,45.1,1.5,4.0,37.3,3.4,4.1,82.6,0.3,4.3,4.6,2.4,1.1,0.4,2.0,14.1
F,79,Derrick Favors,73,30.2,13.3,5.3,10.2,52.2,0.0,0.0,0.0,2.6,3.9,66.9,2.7,6.0,8.7,1.2,1.0,1.5,1.8,17.8
C,80,Jared Sullinger,74,27.6,13.3,5.2,12.1,42.7,0.8,2.8,26.9,2.1,2.7,77.8,3.3,4.9,8.1,1.6,0.5,0.7,1.6,14.9
G,81,Marcin Gortat,81,32.8,13.2,5.6,10.4,54.2,0.0,0.0,100.0,1.9,2.8,68.6,2.5,7.0,9.5,1.7,0.5,1.5,1.6,19.2
F-C,81,Randy Foye,81,30.7,13.2,4.5,10.8,41.3,2.3,6.1,38.0,1.9,2.3,84.9,0.4,2.4,2.9,3.5,0.8,0.5,1.8,12.4
G,83,Spencer Hawes,80,30.9,13.2,5.0,11.0,45.6,1.6,3.9,41.6,1.5,1.9,78.3,1.6,6.6,8.3,3.0,0.6,1.2,2.2,17.6
F,84,Jimmy Butler,67,38.7,13.1,4.1,10.3,39.7,1.0,3.6,28.3,3.9,5.0,76.9,1.3,3.6,4.9,2.6,1.9,0.5,1.5,14.1
C,85,D.J. Augustin,71,27.3,13.1,4.2,10.1,41.5,1.9,4.7,40.1,2.8,3.2,88.5,0.2,1.6,1.8,4.4,0.7,0.0,1.8,12.1
C,86,Reggie Jackson,80,28.5,13.1,5.0,11.5,44.0,1.0,3.1,33.9,2.0,2.2,89.3,0.5,3.4,3.9,4.1,1.1,0.1,2.1,13.6
G-F,87,Nicolas Batum,82,36.0,13.0,4.6,10.0,46.5,1.8,4.9,36.1,2.0,2.5,80.3,1.4,6.0,7.5,5.1,0.9,0.7,2.5,18.9
F,88,Tony Wroten,72,24.5,13.0,4.8,11.2,42.7,0.6,2.6,21.3,2.9,4.5,64.1,1.0,2.2,3.2,3.0,1.1,0.2,2.8,9.6
G,89,Taj Gibson,82,28.7,13.0,5.2,10.9,47.9,0.0,0.1,0.0,2.6,3.4,75.1,2.4,4.4,6.8,1.1,0.5,1.4,1.8,14.4
C,90,Kawhi Leonard,66,29.1,12.8,5.1,9.8,52.2,1.0,2.8,37.9,1.5,1.9,80.2,1.2,5.1,6.2,2.0,1.7,0.8,1.2,17.3
G,91,Trey Burke,70,32.3,12.8,4.9,12.8,38.0,1.6,4.8,33.0,1.5,1.6,90.3,0.5,2.4,3.0,5.7,0.6,0.1,1.9,12.1
F-G,92,Joakim Noah,80,35.3,12.6,4.8,10.0,47.5,0.0,0.0,0.0,3.1,4.2,73.7,3.5,7.7,11.3,5.4,1.2,1.5,2.4,23.2
G,93,Jeremy Lin,71,28.9,12.5,4.2,9.3,44.6,1.2,3.2,35.8,3.1,3.7,82.3,0.5,2.2,2.6,4.1,1.0,0.4,2.5,12.3
F-C,94,Enes Kanter,80,26.7,12.3,5.2,10.7,49.1,0.0,0.0,0.0,1.9,2.6,73.0,2.8,4.7,7.5,0.9,0.4,0.5,1.8,13.7
F,95,Manu Ginobili,68,22.8,12.3,4.3,9.2,46.9,1.3,3.8,34.9,2.4,2.8,85.1,0.4,2.5,3.0,4.3,1.0,0.3,2.0,13.5
G,96,Corey Brewer,81,32.2,12.3,4.8,10.0,48.1,0.7,2.6,28.0,2.0,2.8,71.8,0.8,1.8,2.6,1.7,1.9,0.4,1.3,11.5
G-F,97,Ramon Sessions,83,26.7,12.3,4.0,9.3,42.9,0.4,1.5,28.2,3.9,4.9,80.7,0.5,2.0,2.4,4.1,0.6,0.1,1.8,11.5
C,98,Terrence Jones,76,27.3,12.1,5.1,9.4,54.2,0.4,1.3,30.7,1.6,2.6,60.5,2.1,4.8,6.9,1.1,0.7,1.3,0.9,16.0
G-F,99,Khris Middleton,82,30.0,12.1,4.6,10.4,44.0,1.5,3.5,41.4,1.4,1.7,86.1,0.7,3.0,3.8,2.1,1.0,0.2,1.5,11.6
C-F,100,Jameer Nelson,68,32.0,12.1,4.3,11.0,39.4,2.0,5.8,34.8,1.4,1.6,85.7,0.4,3.0,3.4,7.0,0.8,0.1,2.4,14.0
G,101,Kyle Korver,71,33.9,12.0,4.1,8.6,47.5,2.6,5.5,47.2,1.2,1.3,92.6,0.3,3.7,4.0,2.9,1.0,0.3,1.4,14.2
C,102,Vince Carter,81,24.4,11.9,4.1,10.0,40.7,1.8,4.6,39.4,2.0,2.4,82.1,0.8,2.7,3.5,2.6,0.8,0.4,1.3,11.5
F,103,Amar'e Stoudemire,65,22.6,11.9,4.8,8.6,55.7,0.0,0.0,0.0,2.3,3.1,73.9,1.7,3.2,4.9,0.5,0.4,0.6,1.4,12.2
F,104,JJ Hickson,69,26.9,11.8,4.8,9.5,50.8,0.0,0.1,0.0,2.2,4.2,51.7,3.0,6.2,9.2,1.4,0.7,0.7,1.9,15.2
F-G,105,Tristan Thompson,82,31.6,11.7,4.4,9.3,47.7,0.0,0.0,0.0,2.9,4.1,69.3,3.3,5.9,9.2,0.9,0.5,0.4,1.3,15.3
G,106,Jose Calderon,81,30.5,11.4,4.2,9.2,45.6,2.4,5.2,44.9,0.6,0.8,82.5,0.4,2.0,2.4,4.7,0.9,0.1,1.3,13.0
G,107,Darren Collison,80,25.9,11.4,4.1,8.7,46.7,0.9,2.4,37.6,2.4,2.8,85.7,0.6,1.8,2.4,3.7,1.2,0.2,1.7,12.1
C-F,107,Marco Belinelli,80,25.2,11.4,4.2,8.7,48.5,1.6,3.7,43.0,1.4,1.6,84.7,0.2,2.6,2.8,2.2,0.6,0.1,1.2,11.3
G,109,Mike Dunleavy,82,31.5,11.3,4.1,9.4,43.0,1.5,4.0,38.0,1.7,2.0,85.4,0.6,3.6,4.2,2.3,0.8,0.6,1.3,12.2
G,110,Jonas Valanciunas,81,28.2,11.3,4.4,8.3,53.1,0.0,0.0,0.0,2.4,3.2,76.2,2.8,6.0,8.8,0.7,0.3,0.9,1.7,15.6
G-F,111,Andray Blatche,73,22.2,11.2,4.4,9.2,47.6,0.2,0.7,27.8,2.2,3.0,74.2,1.6,3.7,5.3,1.5,1.0,0.5,1.5,12.5
F,112,John Henson,70,26.5,11.1,4.9,9.1,53.8,0.0,0.0,0.0,1.3,2.5,51.4,2.4,4.7,7.1,1.6,0.6,1.7,1.6,15.0
F-C,113,Brandon Bass,82,27.6,11.1,4.3,8.8,48.6,0.0,0.1,33.3,2.5,2.9,85.8,2.0,3.8,5.7,1.1,0.4,0.9,1.2,13.0
F,114,Channing Frye,82,28.2,11.1,4.1,9.5,43.2,2.0,5.3,37.0,1.0,1.2,82.1,0.9,4.2,5.1,1.2,0.7,0.8,1.1,12.2
G,115,DeMarre Carroll,73,32.1,11.1,4.1,8.8,47.0,1.3,3.7,36.2,1.5,1.9,77.3,1.5,4.1,5.5,1.8,1.5,0.3,1.1,14.0
G-F,116,Robin Lopez,82,31.8,11.1,4.3,7.9,55.1,0.0,0.0,0.0,2.4,3.0,81.8,4.0,4.6,8.5,0.9,0.3,1.7,1.0,17.4
G,117,Jordan Crawford,81,23.0,11.0,4.0,9.7,41.5,1.1,3.5,31.6,1.8,2.1,86.4,0.3,1.9,2.3,3.5,0.6,0.1,1.7,9.7
F-C,118,Terrence Ross,81,26.7,10.9,3.9,9.3,42.3,2.0,5.0,39.5,1.0,1.2,83.7,0.5,2.6,3.1,1.0,0.8,0.3,1.1,9.4
F,119,Roy Hibbert,81,29.7,10.8,4.1,9.3,43.9,0.0,0.1,40.0,2.6,3.3,77.0,2.5,4.1,6.6,1.1,0.4,2.2,1.8,13.3
F,120,DeAndre Jordan,82,35.0,10.4,4.2,6.3,67.6,0.0,0.0,0.0,2.0,4.6,42.8,4.0,9.5,13.6,0.9,1.0,2.5,1.5,22.2
F,121,Lou Williams,60,24.1,10.4,3.3,8.2,40.0,1.3,3.9,34.2,2.5,3.0,84.9,0.2,1.9,2.1,3.5,0.8,0.1,1.5,9.9
G,122,Shawn Marion,76,31.7,10.4,4.5,9.3,48.2,0.8,2.1,35.8,0.7,0.9,78.5,1.7,4.8,6.5,1.6,1.2,0.5,1.3,14.0
F-C,123,Amir Johnson,77,28.8,10.4,4.5,7.9,56.2,0.3,0.9,30.3,1.2,1.9,63.6,2.2,4.3,6.6,1.5,0.7,1.1,1.6,14.5
G,124,George Hill,76,32.0,10.3,3.6,8.1,44.2,1.3,3.4,36.5,1.9,2.3,80.7,0.7,3.0,3.7,3.5,1.0,0.3,1.2,12.6
F-G,125,Patty Mills,81,18.9,10.2,3.8,8.2,46.4,1.7,3.9,42.5,0.9,1.0,89.0,0.4,1.7,2.1,1.8,0.8,0.1,0.8,9.8
F,126,Tim Hardaway Jr.,81,23.1,10.2,3.6,8.5,42.8,1.6,4.4,36.3,1.3,1.6,82.8,0.2,1.3,1.5,0.8,0.5,0.1,0.6,7.4
F-G,127,Richard Jefferson,82,27.0,10.1,3.6,8.0,45.0,1.5,3.7,40.9,1.5,2.0,74.1,0.2,2.5,2.7,1.6,0.7,0.2,1.1,9.2
F-C,128,James Anderson,80,28.9,10.1,3.9,9.0,43.1,1.4,4.4,32.8,1.0,1.3,72.6,0.7,3.0,3.8,1.9,0.9,0.4,1.3,10.2
G,129,Matt Barnes,63,27.5,9.9,3.7,8.4,43.8,1.5,4.5,34.3,1.0,1.4,73.3,1.0,3.7,4.6,2.0,0.9,0.4,1.3,11.4
G,130,Mario Chalmers,73,29.8,9.8,3.5,7.7,45.4,1.2,3.1,38.5,1.7,2.2,74.2,0.6,2.4,2.9,4.9,1.6,0.2,2.2,12.5
G,131,Marcus Thornton,72,24.2,9.8,3.5,8.9,39.4,1.5,4.4,34.5,1.3,1.6,80.4,0.8,2.0,2.8,1.1,0.8,0.2,0.9,7.9
F,132,Mo Williams,74,24.8,9.7,3.8,9.1,41.7,1.1,3.0,36.9,1.1,1.2,87.6,0.6,1.5,2.1,4.3,0.7,0.1,2.0,9.6
C,133,Martell Webster,78,27.7,9.7,3.3,7.5,43.3,1.9,4.8,39.2,1.3,1.6,84.0,0.5,2.4,2.8,1.2,0.5,0.2,0.7,9.3
G,134,Marcus Morris,82,22.0,9.7,3.5,7.9,44.2,1.2,3.2,38.1,1.5,1.9,76.1,1.0,2.9,3.9,1.1,0.9,0.2,1.2,9.7
F,135,Raymond Felton,65,31.0,9.7,3.7,9.4,39.5,1.0,3.0,31.8,1.4,1.9,72.1,0.8,2.2,3.0,5.6,1.2,0.4,2.0,11.8
G,136,Jordan Hill,72,20.8,9.7,4.0,7.2,54.9,0.0,0.0,0.0,1.7,2.5,68.5,2.7,4.7,7.4,0.8,0.4,0.9,1.0,14.0
F-G,137,Courtney Lee,79,25.0,9.6,3.7,7.8,48.0,0.9,2.5,37.1,1.3,1.4,88.4,0.4,2.0,2.4,1.5,0.8,0.4,0.9,9.5
C,138,Ray Allen,73,26.5,9.6,3.3,7.4,44.2,1.6,4.2,37.5,1.4,1.6,90.5,0.3,2.5,2.8,2.0,0.7,0.1,1.2,9.8
F,139,Greivis Vasquez,79,22.5,9.6,3.5,8.3,42.1,1.4,3.7,37.7,1.2,1.4,88.0,0.3,1.9,2.2,4.1,0.4,0.1,1.6,9.7
F,140,Mike Scott,80,18.5,9.6,3.8,7.9,47.9,0.8,2.5,31.0,1.3,1.7,78.0,0.8,2.8,3.6,0.9,0.4,0.1,1.0,9.1
F-G,141,Kyle Singler,82,28.5,9.6,3.3,7.3,44.7,1.1,3.0,38.2,1.9,2.2,82.6,1.4,2.3,3.7,0.9,0.7,0.5,1.0,10.0
F,142,Ricky Rubio,82,32.2,9.5,3.1,8.2,38.1,0.5,1.6,33.1,2.8,3.5,80.2,0.7,3.4,4.2,8.6,2.3,0.1,2.7,16.3
F,143,Jarrett Jack,80,28.2,9.5,3.6,8.7,41.0,0.8,2.3,34.1,1.6,1.9,83.9,0.3,2.5,2.8,4.1,0.7,0.3,1.7,10.2
F,144,Harrison Barnes,78,28.3,9.5,3.5,8.7,39.9,0.8,2.4,34.7,1.7,2.3,71.8,0.8,3.1,4.0,1.5,0.8,0.3,1.1,9.1
G,145,Glen Davis,68,24.4,9.4,4.0,8.7,45.7,0.1,0.2,36.4,1.4,2.0,69.3,1.6,3.6,5.2,1.1,0.9,0.4,1.1,10.5
G,146,Brian Roberts,72,23.2,9.4,3.4,8.1,42.0,0.9,2.5,36.0,1.7,1.8,94.0,0.2,1.7,1.9,3.3,0.6,0.1,1.3,9.1
F,147,Timofey Mozgov,82,21.6,9.4,3.5,6.6,52.3,0.0,0.3,16.7,2.4,3.2,75.4,2.1,4.4,6.4,0.8,0.3,1.2,1.5,12.7
G,148,PJ Tucker,81,30.7,9.4,3.3,7.6,43.1,0.9,2.4,38.7,1.9,2.5,77.6,2.0,4.5,6.5,1.7,1.4,0.3,1.3,13.2
G,149,Andre Iguodala,63,32.4,9.3,3.5,7.3,48.0,1.0,2.8,35.4,1.4,2.1,65.2,0.8,3.8,4.7,4.2,1.5,0.3,1.6,13.9
C,150,Jerryd Bayless,72,23.4,9.3,3.4,8.6,40.2,1.1,2.9,35.8,1.3,1.6,79.7,0.3,1.7,2.0,2.7,0.8,0.1,1.1,8.3
F,151,Marvin Williams,66,25.4,9.1,3.5,8.0,43.9,1.3,3.5,35.9,0.9,1.1,78.1,1.2,3.8,5.1,1.2,0.8,0.5,0.8,11.2
F,152,Kirk Hinrich,73,29.0,9.1,3.3,8.5,39.3,1.2,3.3,35.1,1.3,1.7,76.0,0.4,2.2,2.6,3.9,1.1,0.4,1.6,9.9
F,153,Danny Green,68,24.3,9.1,3.2,7.4,43.2,1.9,4.7,41.5,0.7,0.9,79.4,0.4,3.0,3.4,1.5,1.0,0.9,1.1,10.3
F-C,154,Boris Diaw,79,25.0,9.1,3.8,7.3,52.1,0.6,1.4,40.2,0.9,1.2,73.9,0.9,3.2,4.1,2.8,0.6,0.4,1.5,11.6
G,155,Brandan Wright,58,18.6,9.1,3.9,5.7,67.7,0.0,0.0,0.0,1.3,1.8,72.6,1.8,2.4,4.2,0.5,0.6,0.9,0.6,12.3
G,156,Wesley Johnson,79,28.4,9.1,3.5,8.2,42.5,1.3,3.4,36.9,0.8,1.0,79.2,0.9,3.5,4.4,1.6,1.1,1.0,1.1,11.0
F,157,Aaron Brooks,72,21.6,9.0,3.2,8.1,40.1,1.3,3.4,38.7,1.2,1.3,87.4,0.6,1.3,1.9,3.2,0.7,0.2,1.6,8.4
G,158,Ben McLemore,82,26.7,8.8,3.1,8.3,37.6,1.2,3.6,32.0,1.4,1.7,80.4,0.6,2.2,2.9,1.0,0.5,0.2,1.2,6.7
G-F,159,Kelly Olynyk,70,20.0,8.7,3.3,7.2,46.6,0.6,1.6,35.1,1.4,1.7,81.1,2.0,3.2,5.2,1.6,0.5,0.4,1.5,10.7
C,160,Mirza Teletovic,72,19.4,8.6,3.1,7.3,41.8,1.9,4.8,39.0,0.6,0.9,71.0,0.8,2.9,3.7,0.8,0.4,0.3,0.8,8.6
C-F,161,Patrick Patterson,65,23.6,8.5,3.5,7.5,46.0,0.8,2.3,36.4,0.8,1.1,70.4,1.8,3.5,5.3,1.2,0.8,0.6,1.0,11.0
G,162,Jeremy Lamb,78,19.7,8.5,3.4,7.8,43.2,1.1,3.2,35.6,0.7,0.8,79.7,0.3,2.1,2.4,1.5,0.7,0.3,0.8,8.1
F-G,163,Josh McRoberts,78,30.3,8.5,3.2,7.3,43.6,1.3,3.7,36.1,0.8,1.1,72.9,1.1,3.7,4.8,4.3,0.7,0.6,1.1,13.4
C,164,Anderson Varejao,65,27.7,8.4,3.5,7.1,49.5,0.0,0.1,0.0,1.4,2.1,68.1,2.9,6.8,9.7,2.2,1.1,0.6,1.1,16.6
G-F,165,Evan Fournier,76,19.8,8.4,3.0,7.2,41.9,1.2,3.1,37.6,1.2,1.6,75.6,0.4,2.2,2.7,1.5,0.4,0.1,1.3,7.2
F,166,Kris Humphries,69,19.9,8.4,3.3,6.7,50.1,0.0,0.0,0.0,1.7,2.1,81.3,1.8,4.1,5.9,1.0,0.4,0.9,0.9,12.0
G,167,Anthony Morrow,76,18.8,8.4,3.1,6.8,45.8,1.2,2.6,45.1,0.9,1.1,82.8,0.4,1.5,1.8,0.8,0.5,0.2,0.7,7.1
F-G,168,J.J. Barea,79,18.6,8.4,3.2,8.3,38.7,0.9,2.9,31.6,1.0,1.3,79.0,0.2,1.7,1.9,3.8,0.3,0.0,1.6,7.5
C,169,Shaun Livingston,76,26.0,8.3,3.1,6.4,48.3,0.0,0.1,16.7,2.1,2.5,82.7,0.9,2.4,3.2,3.2,1.2,0.4,1.4,11.2
G,170,Tiago Splitter,59,21.5,8.2,3.1,5.9,52.3,0.0,0.1,0.0,2.1,2.9,69.9,2.1,4.1,6.2,1.5,0.5,0.5,1.3,11.9
G,171,Miles Plumlee,80,24.6,8.1,3.6,6.9,51.7,0.0,0.0,0.0,0.9,1.7,56.1,2.5,5.4,7.8,0.5,0.6,1.1,1.4,12.7
G,172,Derrick Williams,78,23.3,8.0,2.6,6.2,42.7,0.3,1.3,26.3,2.4,3.3,71.8,0.9,3.2,4.1,0.7,0.6,0.3,1.0,8.3
G,172,Ryan Kelly,59,22.2,8.0,2.7,6.3,42.3,0.8,2.4,33.8,1.9,2.3,81.5,0.7,3.0,3.7,1.6,0.5,0.8,0.8,9.8
F,174,Austin Rivers,69,19.4,7.7,2.8,6.9,40.5,0.5,1.4,36.4,1.6,2.5,63.6,0.4,1.5,1.9,2.3,0.7,0.1,1.1,6.5
F,175,Luis Scola,82,17.1,7.6,3.2,6.8,47.0,0.0,0.1,14.3,1.2,1.7,72.8,1.0,3.7,4.8,1.0,0.3,0.2,1.3,8.5
G,176,Shelvin Mack,73,20.4,7.5,2.9,6.9,41.7,0.8,2.5,33.7,0.9,1.0,86.5,0.3,1.9,2.2,3.7,0.7,0.0,1.2,8.7
F,177,Mason Plumlee,70,18.2,7.4,2.8,4.3,65.9,0.0,0.0,0.0,1.7,2.8,62.6,1.4,3.0,4.4,0.9,0.7,0.8,1.1,10.6
F,178,Maurice Harkless,80,24.4,7.4,2.8,6.0,46.4,0.7,1.9,38.3,1.1,1.8,59.4,0.9,2.4,3.3,1.0,1.2,0.6,1.1,8.5
F,179,Andrew Bogut,67,26.4,7.3,3.5,5.6,62.7,0.0,0.0,0.0,0.3,1.0,34.4,2.7,7.3,10.0,1.7,0.7,1.8,1.4,17.4
F,180,Alan Anderson,78,22.7,7.2,2.5,6.2,40.0,1.1,3.2,33.9,1.2,1.5,78.0,0.5,1.7,2.2,1.0,0.6,0.1,0.8,6.4
F,181,Michael Kidd-Gilchrist,62,24.2,7.2,2.7,5.7,47.3,0.0,0.1,11.1,1.8,3.0,61.4,1.8,3.5,5.2,0.8,0.7,0.6,1.0,9.5
G,182,Nate Wolters,58,22.6,7.2,2.9,6.7,43.7,0.3,1.1,29.0,1.0,1.6,65.6,0.6,2.0,2.6,3.2,0.6,0.3,1.0,8.6
F,183,Al-Farouq Aminu,80,25.6,7.2,2.9,6.2,47.4,0.2,0.6,27.1,1.1,1.7,66.4,1.6,4.6,6.2,1.4,1.0,0.5,1.1,11.4
G,184,Jason Thompson,82,24.5,7.1,3.1,6.0,50.6,0.0,0.0,0.0,1.0,1.8,57.9,1.9,4.6,6.4,0.6,0.4,0.7,1.2,10.4
G,185,Mike Miller,82,20.8,7.1,2.6,5.4,48.1,1.3,2.8,45.9,0.6,0.7,82.1,0.4,2.2,2.5,1.6,0.3,0.1,0.9,7.7
G,186,Jared Dudley,74,23.4,6.9,2.6,6.0,43.8,1.1,3.0,36.0,0.5,0.8,65.5,0.5,1.7,2.2,1.4,0.6,0.1,0.8,6.7
G,187,Omri Casspi,71,18.1,6.9,2.4,5.8,42.2,0.9,2.5,34.7,1.2,1.7,68.0,0.8,2.9,3.7,1.2,0.6,0.2,1.0,7.7
F,188,Trevor Booker,72,21.6,6.8,3.1,5.6,55.1,0.0,0.0,0.0,0.7,1.1,61.8,2.1,3.2,5.3,0.9,0.6,0.6,0.8,10.4
G,189,Giannis Antetokounmpo,77,24.6,6.8,2.2,5.4,41.4,0.5,1.5,34.7,1.8,2.6,68.3,1.0,3.4,4.4,1.9,0.8,0.8,1.6,9.1
G-F,190,Jordan Hamilton,60,17.0,6.7,2.5,6.3,39.1,1.2,3.3,35.4,0.7,0.9,78.4,0.5,2.7,3.2,0.9,0.7,0.3,0.8,7.1
C-F,191,Iman Shumpert,74,26.5,6.7,2.5,6.5,37.8,1.0,3.1,33.3,0.7,1.0,74.6,1.1,3.1,4.2,1.7,1.2,0.2,1.1,8.6
C-F,192,Chris Andersen,72,19.4,6.6,2.5,3.8,64.4,0.0,0.2,25.0,1.7,2.3,71.0,1.8,3.5,5.3,0.3,0.4,1.3,0.7,11.2
F,193,Samuel Dalembert,80,20.2,6.6,2.7,4.7,56.8,0.0,0.0,0.0,1.3,1.7,73.7,2.5,4.3,6.8,0.5,0.5,1.2,1.1,11.9
G-F,194,C.J. Watson,63,18.9,6.6,2.3,5.3,43.7,0.8,2.3,36.6,1.1,1.4,78.4,0.3,1.3,1.6,1.7,1.0,0.1,1.0,6.7
G,195,Marreese Speights,79,12.4,6.4,2.5,5.6,44.1,0.1,0.4,25.8,1.4,1.7,82.1,1.3,2.4,3.7,0.4,0.1,0.4,0.8,6.8
G,196,Norris Cole,82,24.6,6.4,2.5,6.1,41.4,0.7,2.1,34.5,0.6,0.8,77.9,0.2,1.7,2.0,3.0,0.9,0.1,1.5,7.1
F,197,Kosta Koufos,80,16.9,6.4,2.8,5.7,49.5,0.0,0.0,0.0,0.8,1.2,64.5,2.0,3.2,5.2,0.5,0.4,0.9,0.8,9.3
C-F,198,DeJuan Blair,78,15.6,6.4,2.7,5.0,53.4,0.0,0.0,0.0,1.0,1.6,63.6,1.8,2.9,4.7,0.9,0.8,0.3,1.0,9.1
G,199,E'Twaun Moore,79,19.1,6.3,2.5,5.8,42.8,0.7,2.0,35.4,0.7,0.9,76.5,0.4,1.4,1.7,1.4,0.8,0.2,0.7,6.2
G,200,Dante Cunningham,81,20.2,6.3,2.9,6.3,46.4,0.0,0.1,0.0,0.5,0.8,56.7,1.4,2.7,4.1,1.0,0.8,0.7,0.5,8.6
C,201,Thabo Sefolosha,61,26.0,6.3,2.3,5.6,41.5,0.8,2.5,31.6,0.9,1.1,76.8,0.8,2.8,3.6,1.5,1.3,0.3,0.9,8.6
F,202,Draymond Green,82,21.9,6.2,2.3,5.6,40.7,0.7,2.0,33.3,1.0,1.5,66.7,1.0,3.9,5.0,1.9,1.2,0.9,1.1,10.3
F,203,Kyle O'Quinn,69,17.2,6.2,2.7,5.4,50.1,0.0,0.0,0.0,0.8,1.2,68.7,1.4,3.8,5.3,1.1,0.6,1.3,1.1,10.3
C,204,Anthony Tolliver,64,20.3,6.1,2.0,4.8,42.0,1.6,3.9,41.3,0.5,0.6,80.5,0.5,2.1,2.6,0.7,0.3,0.2,0.4,6.7
G,205,Jeremy Evans,66,18.3,6.1,2.7,5.0,52.7,0.0,0.0,0.0,0.8,1.1,68.0,1.8,2.9,4.7,0.7,0.6,0.7,0.6,9.4
C,206,Elliot Williams,67,17.3,6.0,2.1,5.0,41.5,0.6,1.9,29.6,1.3,1.8,73.1,0.4,1.5,1.9,1.1,0.5,0.0,1.0,5.2
G,207,Kent Bazemore,67,13.6,6.0,2.2,5.1,42.9,0.6,1.9,33.6,1.0,1.6,60.6,0.1,1.6,1.7,1.4,0.6,0.2,1.2,5.2
F,208,Hollis Thompson,77,22.6,6.0,2.2,4.8,46.0,0.9,2.2,40.1,0.7,0.9,71.2,0.9,2.3,3.2,0.9,0.7,0.2,0.8,7.3
F,209,Cody Zeller,82,17.3,6.0,2.1,4.9,42.6,0.0,0.0,0.0,1.8,2.4,73.0,1.4,2.9,4.3,1.1,0.5,0.5,1.1,7.8
F,210,Tayshaun Prince,76,25.6,6.0,2.6,6.5,40.7,0.3,0.9,29.0,0.4,0.8,56.7,0.4,2.7,3.1,1.6,0.5,0.3,0.5,6.7
G,211,Darrell Arthur,68,17.1,5.9,2.4,6.0,39.5,0.4,0.9,37.5,0.8,0.9,85.5,0.8,2.3,3.1,0.9,0.6,0.7,0.9,6.5
G,212,Kentavious Caldwell-Pope,80,19.8,5.9,2.3,5.8,39.6,0.7,2.3,31.9,0.6,0.8,77.0,0.5,1.5,2.0,0.7,0.9,0.2,0.4,5.6
F,213,Elton Brand,73,19.4,5.7,2.5,4.5,53.9,0.0,0.0,0.0,0.8,1.3,64.9,1.3,3.6,4.9,1.0,0.5,1.2,0.8,10.1
G,214,Andrew Nicholson,76,15.4,5.7,2.4,5.5,42.9,0.4,1.2,31.5,0.6,0.8,82.5,0.7,2.7,3.4,0.3,0.2,0.3,0.7,6.0
F-G,215,Tyler Zeller,70,15.0,5.7,2.2,4.1,53.8,0.0,0.0,0.0,1.2,1.7,71.9,1.5,2.6,4.0,0.5,0.3,0.5,0.9,7.8
C,216,Ed Davis,63,15.2,5.7,2.5,4.6,53.4,0.0,0.0,0.0,0.7,1.4,52.8,1.5,2.7,4.1,0.4,0.3,0.7,0.6,7.7
C-F,217,Cartier Martin,59,14.7,5.6,1.9,4.5,42.0,1.0,2.6,39.1,0.8,1.1,73.8,0.2,1.6,1.9,0.6,0.5,0.1,0.6,5.1
F,218,Donatas Motiejunas,62,15.4,5.5,2.1,4.8,44.3,0.3,1.4,25.0,0.9,1.5,60.4,1.0,2.7,3.6,0.5,0.3,0.3,0.8,6.3
F,219,Travis Outlaw,63,16.9,5.4,2.1,5.2,39.9,0.7,1.9,35.0,0.7,0.8,80.8,0.6,2.1,2.7,0.8,0.3,0.3,0.4,5.8
F,220,Robert Sacre,65,16.8,5.4,2.2,4.6,47.7,0.0,0.0,0.0,1.0,1.4,68.1,1.3,2.6,3.9,0.8,0.4,0.7,0.7,7.6
G,221,Derek Fisher,81,17.6,5.2,1.7,4.5,39.1,1.1,2.8,38.4,0.7,0.9,77.5,0.1,1.4,1.5,1.4,0.9,0.0,0.6,5.6
C-F,222,John Salmons,78,22.1,5.2,1.9,5.3,36.3,0.8,2.1,38.7,0.5,0.7,76.9,0.3,1.8,2.1,1.9,0.6,0.2,0.7,5.8
C,223,Gerald Wallace,58,24.4,5.1,2.0,4.0,50.4,0.3,1.1,29.7,0.8,1.7,46.5,0.6,3.0,3.7,2.5,1.3,0.2,1.7,8.2
C,224,Cory Joseph,68,13.8,5.0,1.9,3.9,47.5,0.2,0.6,31.6,1.2,1.4,82.3,0.5,1.1,1.6,1.7,0.5,0.2,0.6,6.1
F,224,Dorell Wright,68,14.5,5.0,1.6,4.4,37.4,1.0,3.0,34.2,0.8,1.0,75.4,0.4,2.4,2.8,0.9,0.3,0.2,0.6,5.8
F-G,226,Luke Ridnour,61,18.7,5.0,2.1,5.4,38.5,0.6,1.8,34.3,0.3,0.4,65.4,0.4,1.2,1.6,2.9,0.5,0.1,1.1,5.6
G,227,Nick Calathes,71,16.5,4.9,2.0,4.4,45.7,0.3,0.9,31.1,0.6,1.0,61.1,0.3,1.6,1.9,2.9,0.9,0.1,1.4,6.6
C,228,Andre Miller,58,16.9,4.9,1.8,4.0,45.9,0.2,0.4,52.4,1.0,1.3,77.9,0.5,1.8,2.2,3.4,0.6,0.2,1.1,7.8
F,229,Tyler Hansbrough,64,15.3,4.9,1.5,3.1,47.4,0.0,0.0,0.0,2.0,2.9,68.1,1.9,2.6,4.5,0.3,0.4,0.3,0.7,7.1
G-F,230,Thomas Robinson,70,12.5,4.8,2.0,4.2,48.1,0.0,0.0,0.0,0.8,1.4,56.4,1.5,2.9,4.4,0.5,0.3,0.3,0.8,6.7
F,231,Gorgui Dieng,60,13.6,4.8,1.9,3.8,49.8,0.0,0.0,100.0,1.0,1.6,63.4,1.7,3.3,5.0,0.7,0.5,0.8,0.9,8.4
F-C,232,Matthew Dellavedova,72,17.7,4.7,1.7,4.1,41.2,0.8,2.2,36.8,0.5,0.7,79.2,0.4,1.3,1.7,2.6,0.5,0.1,0.8,6.2
G-F,233,Lavoy Allen,65,16.5,4.7,2.1,4.6,44.7,0.0,0.2,15.4,0.5,0.8,66.0,1.8,3.0,4.8,1.1,0.4,0.5,0.7,7.9
F-C,234,Jae Crowder,78,16.1,4.6,1.7,3.8,43.9,0.6,1.9,33.1,0.6,0.8,75.4,0.6,1.9,2.5,0.8,0.8,0.3,0.5,6.0
G-F,235,Tony Snell,77,16.0,4.5,1.7,4.4,38.4,0.7,2.3,32.0,0.4,0.5,75.6,0.2,1.4,1.6,0.9,0.4,0.2,0.6,4.2
G,236,Rashard Lewis,60,16.2,4.5,1.6,3.9,41.5,0.8,2.2,34.3,0.4,0.6,78.8,0.4,1.4,1.8,1.0,0.9,0.1,0.6,5.3
F,237,Jonas Jerebko,64,11.6,4.2,1.5,3.3,47.1,0.5,1.2,41.9,0.7,0.9,72.9,0.8,1.9,2.7,0.6,0.3,0.1,0.7,5.3
C-F,238,Nick Collison,81,16.7,4.2,1.7,3.0,55.6,0.0,0.2,23.5,0.8,1.1,71.0,1.4,2.2,3.6,1.3,0.4,0.3,0.9,7.3
C,239,Shane Battier,73,20.1,4.1,1.4,3.8,38.2,1.0,2.9,34.8,0.2,0.3,65.2,0.5,1.4,1.9,0.9,0.7,0.5,0.3,5.3
C,240,Alonzo Gee,65,15.7,4.0,1.5,3.6,41.5,0.3,0.9,32.8,0.7,0.9,70.5,0.5,1.8,2.3,0.7,0.6,0.2,0.7,4.7
G,241,Alexey Shved,63,10.5,4.0,1.2,3.8,32.1,0.5,1.6,29.4,1.1,1.4,75.6,0.3,1.0,1.3,1.1,0.4,0.3,0.8,3.3
C-F,242,Pablo Prigioni,66,19.4,3.8,1.3,2.9,46.1,1.0,2.1,46.4,0.2,0.2,91.7,0.5,1.4,2.0,3.5,1.0,0.0,0.9,7.8
C-F,243,Ish Smith,70,14.4,3.7,1.7,4.0,42.3,0.0,0.3,4.3,0.3,0.6,56.4,0.4,1.4,1.8,2.6,0.7,0.2,0.9,5.5
G-F,244,Ian Mahinmi,77,16.2,3.5,1.2,2.5,48.1,0.0,0.0,0.0,1.2,1.9,62.1,1.4,1.9,3.3,0.3,0.5,0.9,0.8,5.9
F,245,Luc Mbah a Moute,64,15.7,3.5,1.4,3.0,45.1,0.1,0.3,23.5,0.7,1.0,68.7,0.9,1.4,2.3,0.6,0.5,0.2,0.6,4.4
F,246,Diante Garrett,71,14.8,3.5,1.4,3.7,38.1,0.5,1.4,37.5,0.1,0.2,83.3,0.2,1.2,1.4,1.7,0.6,0.1,1.1,3.8
F,247,Perry Jones III,62,12.3,3.5,1.3,2.9,45.9,0.4,1.0,36.1,0.5,0.7,66.7,0.5,1.4,1.8,0.4,0.2,0.3,0.3,4.1
F,248,Kendrick Perkins,62,19.5,3.4,1.4,3.1,45.1,0.0,0.0,0.0,0.6,1.1,55.2,1.3,3.6,4.9,1.1,0.4,0.5,1.5,6.7
G,249,Jeff Ayres,73,13.0,3.3,1.4,2.4,58.0,0.0,0.0,0.0,0.5,0.8,69.1,1.2,2.3,3.5,0.8,0.2,0.3,0.9,6.1
F,250,Jeff Withey,58,11.8,3.3,1.2,2.2,53.5,0.0,0.0,0.0,0.9,1.3,71.2,0.8,1.7,2.6,0.4,0.3,0.9,0.3,5.7
F,251,Steven Adams,81,14.8,3.3,1.1,2.3,50.3,0.0,0.0,0.0,1.0,1.7,58.1,1.8,2.3,4.1,0.5,0.5,0.7,0.9,6.4
C,252,Matt Bonner,61,11.3,3.2,1.2,2.7,44.5,0.7,1.6,42.9,0.1,0.2,75.0,0.3,1.9,2.1,0.5,0.2,0.2,0.3,4.5
G,253,Bismack Biyombo,77,13.9,2.9,1.1,1.9,61.1,0.0,0.0,0.0,0.6,1.2,51.7,1.4,3.4,4.8,0.1,0.1,1.1,0.5,7.1
G,254,Phil Pressey,75,15.1,2.8,1.0,3.4,30.8,0.4,1.4,26.4,0.4,0.6,64.4,0.3,1.1,1.4,3.2,0.9,0.1,1.2,4.7
G,255,Quincy Acy,63,13.5,2.7,1.0,2.2,46.8,0.1,0.2,26.7,0.6,0.8,66.0,1.1,2.3,3.4,0.4,0.4,0.4,0.5,5.4
F,256,Ryan Hollins,61,7.9,2.3,0.9,1.2,73.6,0.0,0.0,0.0,0.6,0.9,62.5,0.5,1.0,1.5,0.1,0.1,0.5,0.5,3.4
C-F,257,Chuck Hayes,61,12.3,2.2,0.9,2.1,43.1,0.0,0.0,0.0,0.3,0.4,80.0,1.1,2.3,3.4,0.6,0.6,0.2,0.5,5.1
G,258,Garrett Temple,75,8.5,1.8,0.7,1.9,36.2,0.1,0.4,20.7,0.4,0.6,69.8,0.3,0.6,0.9,1.0,0.5,0.1,0.6,2.4
G,259,Nazr Mohammed,80,7.0,1.6,0.7,1.6,42.9,0.0,0.0,0.0,0.2,0.4,53.3,0.8,1.4,2.2,0.3,0.2,0.4,0.5,3.0
