pos,#,player,gp,min,pts,fgm,fga,fg%,3pm,3pa,3p%,ftm,fta,ft%,oreb,dreb,reb,ast,stl,blk,tov,eff
G,1,James Harden,71,35.5,30.6,9.1,20.2,45.0,3.7,10.1,36.6,8.7,10.2,85.7,0.6,4.9,5.4,8.7,1.8,0.7,4.4,30.3
F-C,2,Anthony Davis,74,36.4,28.2,10.4,19.5,53.5,0.7,2.2,34.2,6.6,7.9,83.4,2.5,8.6,11.0,2.3,1.5,2.6,2.1,33.1
F-G,3,LeBron James,81,37.2,27.7,10.5,19.4,54.3,1.8,5.0,36.9,4.8,6.5,73.1,1.2,7.5,8.7,9.2,1.4,0.9,4.2,33.0
F,4,Giannis Antetokounmpo,74,36.9,27.1,10.0,18.8,53.1,0.6,1.9,30.9,6.6,8.7,76.0,2.1,7.9,10.0,4.8,1.5,1.4,2.9,31.0
G,5,Damian Lillard,72,36.6,26.8,8.4,19.3,43.7,3.1,8.6,36.0,6.8,7.4,91.5,0.9,3.6,4.5,6.5,1.1,0.4,2.9,24.9
F,6,Kevin Durant,68,34.2,26.4,9.3,18.0,51.6,2.5,6.1,41.9,5.3,5.9,88.9,0.5,6.4,6.8,5.4,0.7,1.8,3.0,28.6
G,7,Russell Westbrook,79,36.4,25.6,9.6,21.2,45.0,1.2,4.1,29.9,5.3,7.1,73.7,1.9,8.0,9.9,10.1,1.8,0.3,4.8,29.4
G,8,Kyrie Irving,60,32.2,24.4,8.9,18.1,49.1,2.8,6.8,40.8,3.9,4.4,88.9,0.6,3.2,3.8,5.1,1.1,0.3,2.3,22.7
F,9,LaMarcus Aldridge,74,33.6,23.3,9.2,18.0,51.1,0.4,1.2,29.3,4.5,5.4,83.7,3.3,5.2,8.5,2.1,0.6,1.2,1.5,24.5
G,10,Victor Oladipo,75,34.0,23.1,8.5,17.9,47.7,2.1,5.8,37.1,3.9,4.9,79.9,0.6,4.6,5.2,4.3,2.4,0.8,2.9,22.5
G,11,DeMar DeRozan,79,33.8,23.1,8.1,17.7,45.8,1.1,3.6,31.2,5.7,7.0,82.5,0.7,3.2,3.9,5.2,1.1,0.3,2.2,20.6
C,12,Joel Embiid,63,30.3,22.9,8.1,16.8,48.3,1.0,3.4,30.8,5.7,7.4,76.9,2.3,8.7,11.0,3.2,0.6,1.8,3.7,25.3
G,13,Bradley Beal,81,36.3,22.8,8.4,18.1,46.2,2.4,6.5,37.9,3.6,4.5,79.6,0.8,3.7,4.4,4.6,1.2,0.4,2.6,20.1
G,14,Lou Williams,79,32.8,22.6,7.4,16.9,43.5,2.4,6.6,35.9,5.5,6.2,88.0,0.5,2.0,2.5,5.3,1.1,0.2,3.0,18.4
G,15,Kemba Walker,80,34.2,22.1,7.4,17.0,43.1,2.9,7.5,38.4,4.5,5.3,86.4,0.4,2.7,3.1,5.6,1.1,0.3,2.2,19.6
G,16,Jimmy Butler,58,36.6,22.0,7.4,15.5,47.4,1.2,3.4,35.2,6.1,7.1,85.7,1.3,4.0,5.3,4.9,2.0,0.4,1.8,23.6
F,17,Paul George,78,36.6,21.7,7.2,16.9,42.7,3.0,7.6,39.7,4.3,5.2,82.2,0.9,4.8,5.7,3.3,2.0,0.5,2.7,19.9
F,18,Blake Griffin,58,34.0,21.4,7.5,17.2,43.8,1.9,5.6,34.5,4.5,5.7,78.5,1.3,6.1,7.4,5.8,0.7,0.3,2.8,21.8
G,19,CJ McCollum,80,36.1,21.4,8.2,18.6,44.3,2.3,5.9,39.6,2.6,3.1,83.9,0.7,3.3,4.0,3.4,1.0,0.4,1.9,17.4
C,20,Karl-Anthony Towns,81,35.4,21.2,7.7,14.2,54.4,1.5,3.5,42.1,4.2,4.9,85.8,2.9,9.4,12.3,2.4,0.8,1.4,2.0,29.0
G,21,Donovan Mitchell,78,33.4,20.5,7.6,17.2,44.0,2.4,6.9,34.3,3.0,3.7,80.8,0.7,3.1,3.7,3.7,1.5,0.3,2.7,16.7
F,22,Khris Middleton,81,36.6,20.3,7.3,15.6,46.8,1.8,5.0,36.0,4.0,4.5,88.4,0.5,4.7,5.3,4.0,1.5,0.3,2.3,20.2
G,23,Klay Thompson,73,34.3,20.0,7.9,16.2,48.8,3.1,7.1,44.0,1.1,1.3,83.7,0.4,3.4,3.8,2.5,0.8,0.5,1.8,17.3
F,24,TJ Warren,65,33.0,19.6,8.1,16.4,49.8,0.3,1.4,22.2,3.0,3.9,75.7,1.9,3.2,5.1,1.3,1.0,0.6,1.3,17.1
G,25,Dennis Schroder,67,31.0,19.4,7.5,17.1,43.6,1.1,3.9,29.0,3.4,4.0,84.9,0.7,2.4,3.1,6.2,1.1,0.1,2.7,16.9
G,26,Jrue Holiday,80,36.2,18.9,7.6,15.4,49.1,1.5,4.4,33.9,2.3,3.0,78.5,0.8,3.8,4.5,6.0,1.5,0.8,2.6,20.7
F,27,Harrison Barnes,77,34.2,18.9,7.0,15.7,44.5,1.5,4.3,35.7,3.4,4.1,82.7,1.0,5.1,6.1,2.0,0.6,0.2,1.5,16.8
G,28,Chris Paul,57,31.9,18.6,6.3,13.8,45.7,2.5,6.5,37.6,3.6,3.9,91.9,0.6,4.8,5.4,7.9,1.7,0.2,2.2,23.8
F,29,Tobias Harris,79,33.4,18.5,7.0,15.3,45.9,2.3,5.6,41.1,2.2,2.7,82.6,0.7,4.7,5.5,2.4,0.9,0.4,1.3,17.7
C,30,Nikola Jokic,74,32.4,18.2,6.6,13.3,49.8,1.4,3.7,39.2,3.6,4.2,85.1,2.6,8.1,10.7,6.1,1.2,0.8,2.8,27.0
G,31,Eric Gordon,68,31.3,18.2,6.1,14.1,43.0,3.2,8.8,36.1,2.9,3.5,80.9,0.4,2.1,2.5,2.2,0.6,0.4,1.9,13.3
G,32,Eric Bledsoe,73,31.7,17.9,6.4,13.5,47.2,1.7,4.9,34.7,3.4,4.3,79.1,0.7,3.2,3.9,5.0,2.0,0.6,2.9,18.4
G-F,33,Evan Fournier,57,32.2,17.8,6.5,14.1,45.9,2.2,5.9,37.9,2.6,3.0,86.7,0.4,2.8,3.2,2.9,0.8,0.3,1.7,15.2
F,34,Aaron Gordon,57,33.3,17.7,6.5,15.0,43.3,2.0,5.9,33.2,2.8,3.9,69.8,1.5,6.4,8.0,2.4,1.0,0.8,1.9,18.3
F,35,Andrew Wiggins,81,36.3,17.7,7.0,15.9,43.7,1.3,4.1,32.7,2.4,3.8,64.4,1.0,3.3,4.4,1.9,1.1,0.6,1.7,13.7
C-F,36,Kevin Love,59,28.0,17.6,5.7,12.4,45.8,2.3,5.6,41.5,4.0,4.5,88.0,1.7,7.5,9.3,1.7,0.7,0.4,1.5,21.0
G,37,Gary Harris,66,34.6,17.6,6.6,13.6,48.6,2.3,5.9,39.6,2.0,2.4,83.1,0.6,2.1,2.7,2.9,1.8,0.2,1.8,16.0
F-G,38,Tim Hardaway Jr.,57,33.1,17.5,6.3,15.0,42.1,2.3,7.2,31.7,2.6,3.1,81.6,0.6,3.4,3.9,2.7,1.1,0.2,1.6,14.5
G,39,Goran Dragic,75,31.7,17.3,6.5,14.3,45.0,1.5,4.0,37.0,2.9,3.6,80.1,0.7,3.4,4.1,4.8,0.8,0.2,2.2,16.3
C,40,Marc Gasol,73,33.0,17.2,5.9,14.2,42.0,1.5,4.4,34.1,3.8,4.6,83.4,1.1,7.0,8.1,4.2,0.7,1.4,2.7,20.0
G-F,41,JJ Redick,70,30.2,17.1,5.8,12.6,46.0,2.8,6.6,42.0,2.8,3.1,90.4,0.1,2.4,2.5,3.0,0.5,0.1,1.5,14.7
G,42,Jamal Murray,80,31.5,16.7,5.9,13.1,45.1,2.0,5.4,38.0,2.8,3.1,91.2,1.0,2.7,3.6,3.4,1.0,0.4,2.1,15.4
C,43,Dwight Howard,81,30.4,16.6,6.2,11.2,55.5,0.0,0.1,14.3,4.1,7.2,57.4,3.1,9.3,12.5,1.3,0.6,1.6,2.6,22.0
F-C,44,Julius Randle,80,27.0,16.3,6.2,11.1,55.7,0.1,0.5,23.3,3.8,5.3,71.4,2.2,5.8,8.0,2.6,0.5,0.6,2.6,18.9
F,45,Carmelo Anthony,77,32.2,16.2,6.1,15.0,40.4,2.2,6.1,35.8,1.9,2.5,76.6,0.9,5.0,5.8,1.3,0.6,0.6,1.3,13.8
F,46,Kyle Kuzma,77,31.2,16.1,6.1,13.5,45.0,2.1,5.6,36.6,1.9,2.7,70.7,1.1,5.1,6.3,1.8,0.6,0.4,1.8,15.3
G,47,Kyle Lowry,77,32.1,16.1,5.1,12.0,42.5,3.0,7.6,39.8,2.9,3.3,85.6,0.8,4.7,5.5,6.9,1.1,0.2,2.4,20.1
F-G,48,Brandon Ingram,59,33.5,16.1,6.1,12.9,47.0,0.7,1.8,39.0,3.3,4.8,68.1,1.0,4.4,5.3,3.9,0.8,0.7,2.5,15.9
G-F,49,Ben Simmons,80,33.9,15.9,6.8,12.4,54.7,0.0,0.1,0.0,2.4,4.2,55.8,1.8,6.4,8.2,8.2,1.8,0.9,3.4,24.0
F-G,50,Will Barton,80,33.0,15.6,5.7,12.6,45.3,1.9,5.2,36.7,2.3,2.8,81.2,0.9,4.2,5.0,4.1,1.0,0.6,1.8,17.1
G,51,Austin Rivers,60,34.0,15.3,5.7,13.3,42.8,2.3,5.9,38.2,1.7,2.6,64.3,0.5,2.0,2.4,3.9,1.2,0.3,1.8,12.8
G,52,Dennis Smith Jr.,69,29.7,15.2,5.9,14.8,39.5,1.5,4.9,31.3,1.9,2.8,69.4,0.7,3.0,3.8,5.2,1.0,0.3,2.8,12.8
F,53,Lauri Markkanen,67,29.8,15.1,5.5,12.7,43.2,2.1,5.9,36.0,2.0,2.4,84.0,1.1,6.3,7.5,1.2,0.6,0.6,1.2,16.1
C,54,Andre Drummond,78,33.7,15.0,6.0,11.3,52.9,0.0,0.1,0.0,3.1,5.1,60.5,5.1,10.9,16.0,3.0,1.5,1.6,2.6,27.2
F,55,Otto Porter Jr.,77,31.6,14.7,5.8,11.5,50.3,1.8,4.1,44.1,1.4,1.7,82.8,1.3,5.1,6.4,2.0,1.5,0.5,1.0,18.2
G,56,Rodney Hood,60,26.9,14.7,5.4,12.5,42.9,2.1,5.6,38.1,1.9,2.2,86.0,0.4,2.4,2.8,1.6,0.8,0.2,1.2,11.4
G-F,57,Jaylen Brown,70,30.7,14.5,5.3,11.5,46.5,1.7,4.4,39.5,2.1,3.3,64.4,1.0,4.0,5.0,1.6,1.0,0.4,1.8,13.4
F,58,Zach Randolph,59,25.6,14.5,6.1,12.9,47.3,0.9,2.5,34.7,1.4,1.8,78.5,1.6,5.1,6.7,2.2,0.7,0.2,2.0,15.1
F,59,Dario Saric,77,29.6,14.5,5.1,11.3,45.1,2.0,5.1,39.3,2.3,2.6,86.8,2.0,4.7,6.7,2.6,0.7,0.3,1.9,16.3
C,60,Jusuf Nurkic,78,26.4,14.3,6.1,12.0,50.7,0.0,0.1,0.0,2.2,3.4,63.8,2.4,6.6,9.0,1.8,0.8,1.4,2.3,17.8
F,61,Bojan Bogdanovic,80,30.8,14.3,5.1,10.7,47.4,1.9,4.8,40.2,2.2,2.6,86.8,0.4,3.0,3.4,1.5,0.7,0.1,1.3,12.7
G,62,Jeff Teague,69,32.9,14.2,5.0,11.3,44.6,1.2,3.2,36.3,2.9,3.4,84.4,0.3,2.7,3.0,7.0,1.5,0.3,2.6,16.6
F,63,Taurean Prince,82,30.0,14.1,5.1,11.9,42.6,2.1,5.6,38.5,1.9,2.2,84.4,0.6,4.1,4.7,2.6,1.0,0.5,2.3,13.5
F,64,Rondae Hollis-Jefferson,67,28.4,14.1,5.1,10.7,47.6,0.2,0.8,24.5,3.7,4.7,78.8,1.5,5.3,6.8,2.5,1.0,0.7,1.8,16.7
C,65,Enes Kanter,71,25.8,14.1,5.9,10.0,59.2,0.0,0.0,0.0,2.2,2.6,84.8,3.8,7.1,11.0,1.5,0.5,0.5,1.7,21.4
G,66,Jordan Clarkson,80,23.5,14.0,5.4,11.9,45.2,1.4,4.0,35.2,1.9,2.4,80.0,0.7,2.0,2.7,2.8,0.7,0.1,1.6,11.7
F,67,Jonathon Simmons,69,29.4,13.9,5.1,11.0,46.5,1.0,3.0,33.8,2.7,3.5,76.8,0.9,2.6,3.5,2.5,0.8,0.2,2.1,12.1
C,68,Clint Capela,73,27.6,13.9,6.0,9.1,65.4,0.0,0.0,0.0,2.0,3.5,56.0,3.2,7.6,10.8,0.9,0.8,1.9,1.4,22.2
F,69,Jayson Tatum,80,30.5,13.9,5.0,10.4,47.5,1.3,3.0,43.4,2.7,3.2,82.6,0.6,4.4,5.0,1.6,1.0,0.7,1.4,14.8
C,70,Steven Adams,75,32.7,13.8,5.9,9.3,62.7,0.0,0.0,0.0,2.1,3.7,55.0,5.1,3.9,9.0,1.2,1.2,1.0,1.7,19.4
G,71,Kentavious Caldwell-Pope,72,33.8,13.7,4.7,11.0,43.0,2.2,5.7,38.6,2.1,2.7,78.9,0.8,4.5,5.3,2.2,1.5,0.2,1.3,14.8
G,72,Buddy Hield,79,25.3,13.5,5.2,11.6,44.6,2.2,5.1,43.1,0.9,1.0,88.8,0.7,3.2,3.8,1.9,1.1,0.3,1.6,12.4
F,73,DeMarre Carroll,73,29.9,13.5,4.5,10.8,41.4,2.0,5.4,37.1,2.6,3.4,76.4,1.4,5.1,6.6,2.0,0.8,0.4,1.4,14.8
F,74,Bobby Portis,72,22.5,13.2,5.2,11.1,47.2,1.1,3.0,36.2,1.7,2.1,77.9,2.2,4.6,6.8,1.7,0.7,0.3,1.4,15.0
F,75,Michael Beasley,73,22.4,13.2,5.5,10.9,50.8,0.5,1.2,40.0,1.7,2.2,77.7,1.3,4.3,5.6,1.7,0.5,0.6,1.9,13.7
G-F,76,Allen Crabbe,74,29.3,13.2,4.5,11.0,40.8,2.6,7.1,37.5,1.5,1.8,85.1,0.4,3.9,4.3,1.5,0.6,0.5,1.1,12.2
G-F,77,Josh Jackson,77,25.4,13.1,5.1,12.1,41.7,0.7,2.8,26.3,2.3,3.6,63.4,1.2,3.3,4.6,1.5,1.0,0.5,1.9,10.5
G,78,Ricky Rubio,76,29.4,13.0,4.5,10.7,41.8,1.3,3.6,34.9,2.8,3.3,86.3,0.6,4.0,4.6,5.3,1.6,0.1,2.7,15.3
F,79,Josh Richardson,80,33.2,13.0,5.0,10.9,45.4,1.6,4.2,37.9,1.5,1.8,84.3,0.8,2.7,3.5,2.8,1.5,0.9,1.8,13.7
C,80,Brook Lopez,72,23.6,13.0,5.0,10.8,46.5,1.5,4.4,34.3,1.5,2.1,69.5,1.0,3.0,4.0,1.7,0.4,1.3,1.3,12.7
G,81,Jeremy Lamb,80,24.6,12.9,4.8,10.4,45.7,1.2,3.2,37.0,2.2,2.6,86.1,0.6,3.4,4.1,2.3,0.8,0.4,1.2,13.3
F-C,82,Al Horford,72,31.6,12.9,5.1,10.5,48.9,1.3,3.1,42.9,1.3,1.7,78.3,1.4,5.9,7.4,4.7,0.6,1.1,1.8,19.1
G,83,Kent Bazemore,65,27.5,12.9,4.4,10.4,42.0,1.7,4.2,39.4,2.5,3.1,79.6,0.4,3.4,3.8,3.5,1.5,0.7,2.4,13.3
F,84,Serge Ibaka,75,27.6,12.8,5.0,10.4,48.5,1.4,4.0,36.0,1.3,1.6,79.7,1.0,5.3,6.4,0.8,0.4,1.3,1.2,14.7
C,85,Myles Turner,65,28.2,12.7,4.7,9.8,47.9,0.9,2.4,35.7,2.5,3.2,77.7,1.4,5.0,6.4,1.3,0.6,1.8,1.5,15.6
C,86,Jonas Valanciunas,76,22.4,12.7,5.1,8.9,56.8,0.4,0.9,41.7,2.2,2.8,80.4,2.4,6.2,8.6,1.0,0.4,0.9,1.5,17.7
G-F,87,Wesley Matthews,63,33.8,12.7,4.5,11.1,40.6,2.4,6.4,38.1,1.3,1.6,82.2,0.4,2.7,3.1,2.7,1.2,0.3,1.3,11.9
F,88,Robert Covington,79,31.8,12.7,4.3,10.5,41.3,2.6,6.9,37.0,1.5,1.7,85.3,0.7,4.7,5.4,1.9,1.7,0.9,1.6,14.7
G,89,Elfrid Payton,63,28.7,12.7,5.2,10.6,49.3,0.5,1.5,32.6,1.7,2.7,64.9,1.0,3.3,4.3,6.2,1.3,0.3,2.7,15.9
C,90,Willie Cauley-Stein,72,28.0,12.6,5.3,10.6,49.8,0.0,0.2,25.0,2.1,3.3,61.8,1.8,5.1,6.9,2.3,1.1,0.9,1.5,15.8
G,91,Spencer Dinwiddie,80,28.8,12.6,4.1,10.5,38.7,1.8,5.4,32.6,2.7,3.4,81.3,0.5,2.7,3.2,6.6,0.9,0.3,1.6,14.9
F-G,92,E'Twaun Moore,81,31.6,12.5,5.2,10.2,50.7,1.6,3.7,42.5,0.6,0.8,69.7,0.7,2.2,2.9,2.3,1.0,0.1,1.2,12.3
G,93,Darren Collison,69,29.2,12.4,4.6,9.2,49.5,1.4,3.0,46.8,1.8,2.1,88.2,0.5,2.0,2.6,5.3,1.3,0.2,1.2,15.7
F-C,94,Derrick Favors,76,28.0,12.3,5.1,9.1,56.3,0.2,0.8,22.6,1.8,2.8,64.8,2.6,4.6,7.2,1.3,0.7,1.0,1.2,16.4
F,95,Taj Gibson,81,33.2,12.2,5.2,9.0,57.8,0.1,0.4,20.0,1.8,2.3,76.8,2.4,4.7,7.1,1.2,0.7,0.7,1.1,16.6
G,96,Justin Holiday,72,31.5,12.2,4.0,10.9,37.1,2.2,6.2,35.9,1.9,2.3,82.3,0.4,3.6,4.0,2.1,1.1,0.4,1.3,11.3
G-F,97,Marco Belinelli,79,24.4,12.1,4.2,9.5,44.2,1.8,4.9,37.8,1.8,2.0,90.7,0.3,1.6,1.9,1.8,0.8,0.2,1.2,10.1
C,98,DeAndre Jordan,76,31.6,12.1,4.9,7.6,64.3,0.0,0.0,0.0,2.4,4.0,59.0,4.3,11.0,15.3,1.5,0.5,0.9,1.8,24.3
G-F,99,Caris LeVert,70,26.2,12.1,4.5,10.3,43.8,1.2,3.4,34.9,1.9,2.6,70.8,0.8,2.9,3.7,4.2,1.1,0.3,2.1,12.7
C-F,100,Dirk Nowitzki,77,24.7,12.0,4.5,9.8,45.6,1.8,4.4,40.9,1.3,1.4,89.8,0.3,5.4,5.7,1.6,0.6,0.6,0.7,14.3
G,101,Courtney Lee,76,30.4,12.0,4.5,9.9,45.4,1.5,3.7,40.6,1.5,1.6,91.9,0.4,2.6,2.9,2.4,1.1,0.2,1.1,11.9
C,102,Robin Lopez,64,26.4,11.8,5.3,10.1,53.0,0.1,0.2,28.6,1.1,1.4,75.6,2.1,2.4,4.5,1.9,0.2,0.8,1.7,12.6
F,103,Kelly Oubre Jr.,80,27.6,11.8,3.9,9.8,40.4,1.6,4.5,34.3,2.4,2.9,81.9,0.7,3.8,4.5,1.2,1.0,0.4,1.1,11.6
F,104,Thaddeus Young,81,32.2,11.8,5.2,10.7,48.7,0.7,2.2,32.0,0.7,1.1,59.8,2.3,4.0,6.3,1.9,1.7,0.4,1.3,14.9
F-G,105,Trevor Ariza,66,33.9,11.8,4.0,9.7,41.5,2.6,6.9,37.4,1.2,1.3,85.4,0.5,3.9,4.4,1.6,1.5,0.2,0.8,12.8
G,106,Bogdan Bogdanovic,77,27.9,11.8,4.4,9.9,44.6,1.6,4.2,39.4,1.3,1.5,84.0,0.4,2.4,2.8,3.3,0.9,0.2,1.6,11.7
G,107,Tyler Johnson,71,28.5,11.7,4.3,9.8,43.6,1.7,4.5,36.9,1.5,1.8,81.9,0.5,2.9,3.4,2.3,0.8,0.5,1.1,11.7
C-F,108,Domantas Sabonis,74,24.5,11.6,4.6,8.9,51.4,0.2,0.5,35.1,2.3,3.0,75.0,2.2,5.5,7.7,2.0,0.5,0.4,1.9,15.4
G,109,J.J. Barea,69,23.2,11.6,4.4,10.0,43.9,1.7,4.5,36.7,1.2,1.5,78.4,0.2,2.7,2.9,6.3,0.5,0.0,2.1,13.4
G,110,De'Aaron Fox,72,27.8,11.6,4.5,10.9,41.0,0.6,2.1,30.9,2.0,2.7,73.1,0.4,2.3,2.7,4.4,1.0,0.3,2.3,10.4
G-F,111,Nicolas Batum,64,31.0,11.6,4.2,10.2,41.5,1.4,4.3,33.6,1.7,2.0,83.1,0.9,3.9,4.8,5.5,1.0,0.4,2.0,14.8
F,112,Joe Ingles,81,31.5,11.5,4.1,8.8,46.8,2.5,5.7,43.9,0.8,1.0,79.5,0.3,3.9,4.2,4.8,1.1,0.2,1.9,15.1
F-C,113,Kelly Olynyk,75,23.3,11.5,4.2,8.3,49.8,1.4,3.7,37.9,1.8,2.3,76.7,1.2,4.5,5.6,2.7,0.8,0.5,1.9,14.4
F,114,Markieff Morris,72,26.9,11.5,4.5,9.3,48.4,1.0,2.8,36.9,1.4,1.7,82.1,1.0,4.6,5.6,1.9,0.8,0.5,1.8,13.4
G,115,Dwyane Wade,66,23.0,11.4,4.5,10.2,43.9,0.5,1.7,29.1,2.0,2.8,71.7,0.8,3.1,3.8,3.4,0.9,0.7,2.1,11.7
G-F,116,Reggie Bullock,62,27.9,11.3,4.3,8.8,48.9,2.0,4.5,44.5,0.6,0.8,79.6,0.4,2.0,2.5,1.5,0.8,0.2,0.8,10.8
G,117,Terry Rozier,80,25.9,11.3,4.0,10.0,39.5,1.9,5.0,38.1,1.4,1.9,77.2,0.8,3.9,4.7,2.9,1.0,0.2,1.0,12.6
F-C,118,Frank Kaminsky,79,23.2,11.1,3.9,9.1,42.9,1.3,3.5,38.0,2.0,2.5,79.9,0.6,3.1,3.6,1.6,0.5,0.2,0.8,10.5
F,119,Draymond Green,70,32.7,11.0,4.0,8.8,45.4,1.1,3.7,30.1,1.9,2.5,77.5,1.1,6.6,7.6,7.3,1.3,1.3,2.9,20.3
F,120,Ersan Ilyasova,68,25.2,11.0,4.1,8.9,45.4,1.3,3.7,35.7,1.5,2.0,77.8,1.7,4.2,5.9,1.3,0.9,0.4,1.0,13.1
F,121,Jeff Green,77,23.6,11.0,3.8,8.0,47.8,0.7,2.2,31.4,2.6,3.0,86.8,0.8,2.4,3.2,1.3,0.5,0.4,1.0,10.8
G,122,Wayne Ellington,76,26.4,10.9,3.6,9.0,39.9,2.9,7.5,38.6,0.9,1.0,85.9,0.3,2.5,2.8,1.0,0.7,0.1,0.7,9.4
F-C,123,Montrezl Harrell,75,16.9,10.9,4.5,7.1,63.9,0.0,0.1,14.3,1.8,2.9,63.6,1.4,2.7,4.0,0.9,0.5,0.7,0.9,12.5
G,124,Ish Smith,81,25.0,10.9,4.7,9.8,48.3,0.4,1.2,34.3,1.0,1.4,69.8,0.3,2.4,2.7,4.4,0.8,0.2,1.3,12.2
F-G,125,Joe Harris,78,25.3,10.8,3.9,8.0,49.1,1.9,4.6,41.9,1.1,1.3,82.7,0.7,2.7,3.3,1.6,0.4,0.3,1.2,11.1
F,126,James Johnson,72,26.6,10.8,4.2,8.4,50.6,0.8,2.5,31.1,1.5,2.2,69.6,0.8,4.1,4.9,3.8,1.0,0.7,1.9,14.4
F-G,127,Dillon Brooks,81,28.6,10.6,4.0,9.3,43.5,1.1,3.2,35.4,1.5,2.0,73.9,0.6,2.5,3.1,1.7,0.9,0.2,1.5,9.2
F-C,128,John Collins,74,24.1,10.5,4.2,7.4,57.6,0.2,0.6,34.0,1.8,2.5,71.5,2.4,4.9,7.3,1.3,0.6,1.1,1.4,15.6
G,129,Jamal Crawford,79,20.7,10.4,3.9,9.3,41.8,1.3,3.9,33.3,1.3,1.4,90.3,0.3,1.0,1.2,2.3,0.5,0.1,1.2,7.7
G,130,D.J. Augustin,74,23.6,10.3,3.3,7.3,44.9,1.5,3.7,41.7,2.2,2.6,86.8,0.4,1.8,2.2,3.9,0.7,0.0,1.7,11.0
G,131,Yogi Ferrell,82,27.8,10.2,3.8,8.9,42.6,1.6,4.4,37.3,1.0,1.3,79.6,0.3,2.7,3.0,2.5,0.8,0.1,1.0,10.3
F,132,Denzel Valentine,77,27.2,10.2,3.9,9.4,41.7,1.9,4.8,38.6,0.5,0.7,74.5,0.6,4.5,5.1,3.2,0.8,0.1,1.3,12.5
C,133,Pau Gasol,76,23.7,10.1,3.8,8.2,45.7,0.6,1.6,35.8,2.1,2.7,75.4,1.7,6.4,8.1,3.1,0.3,1.0,1.4,16.1
G,134,Patty Mills,81,25.8,10.1,3.5,8.4,41.3,1.9,5.1,37.5,1.3,1.5,89.0,0.3,1.6,1.9,2.8,0.7,0.1,1.3,9.3
F,135,Wilson Chandler,73,31.5,10.1,3.8,8.6,44.7,1.2,3.3,36.1,1.2,1.6,77.2,1.4,3.9,5.3,2.2,0.6,0.5,1.2,12.4
G,136,George Hill,66,27.3,10.0,3.5,7.7,45.9,1.3,3.1,41.5,1.7,2.1,78.6,0.6,2.1,2.7,2.8,0.9,0.4,1.3,10.9
F-G,137,CJ Miles,69,19.0,10.0,3.2,8.5,38.1,2.4,6.5,36.5,1.2,1.4,83.5,0.3,1.9,2.2,0.8,0.5,0.3,0.6,7.7
C,138,Dewayne Dedmon,62,24.9,10.0,4.0,7.7,52.4,0.8,2.3,35.5,1.1,1.4,77.9,1.6,6.3,7.9,1.5,0.6,0.8,1.4,15.4
F,139,Trey Lyles,73,19.1,9.9,3.7,7.5,49.1,1.1,3.0,38.1,1.4,2.0,69.7,0.8,4.0,4.8,1.2,0.4,0.5,0.8,11.5
F,140,Jae Crowder,79,26.1,9.6,3.4,8.4,40.5,1.4,4.3,32.1,1.5,1.8,81.5,0.7,2.7,3.4,1.3,0.8,0.3,0.9,9.1
F-G,141,Mario Hezonja,74,22.0,9.6,3.6,8.2,44.4,1.2,3.5,33.2,1.1,1.3,81.6,0.5,3.1,3.7,1.4,1.1,0.4,1.1,10.2
F,142,Marvin Williams,78,25.7,9.5,3.3,7.2,45.8,1.6,3.9,41.3,1.3,1.6,82.9,0.9,3.8,4.7,1.2,0.7,0.5,0.8,11.7
F,143,Al-Farouq Aminu,68,30.0,9.4,3.4,8.5,39.4,1.8,5.0,36.8,0.9,1.2,73.8,1.4,6.2,7.6,1.2,1.1,0.6,1.1,13.3
F,144,Ryan Anderson,66,26.1,9.3,3.1,7.3,43.1,2.0,5.1,38.6,1.1,1.4,77.4,1.4,3.6,5.0,0.9,0.4,0.3,0.6,10.9
G,145,Lance Stephenson,82,22.6,9.2,3.7,8.6,42.7,0.8,2.8,28.9,1.0,1.5,66.1,0.8,4.4,5.2,2.9,0.6,0.2,1.6,11.0
G,146,Kyle Korver,73,21.6,9.2,3.0,6.6,45.9,2.2,5.2,43.6,0.9,1.0,88.9,0.1,2.1,2.3,1.2,0.4,0.4,0.8,9.0
F,147,Michael Kidd-Gilchrist,74,25.0,9.2,3.8,7.6,50.4,0.0,0.0,0.0,1.6,2.3,68.4,1.1,2.9,4.1,1.0,0.7,0.4,0.7,10.2
G,148,Manu Ginobili,64,20.1,8.9,3.1,7.1,43.6,1.0,2.9,33.5,1.7,2.0,83.8,0.3,1.9,2.2,2.5,0.7,0.3,1.6,8.6
G,149,Troy Daniels,79,20.5,8.9,2.9,7.3,40.3,2.3,5.8,40.0,0.7,0.8,87.5,0.2,1.5,1.6,0.6,0.3,0.1,0.7,6.4
C,150,John Henson,75,26.0,8.9,3.8,6.7,57.3,0.0,0.1,14.3,1.2,2.1,57.0,2.0,4.8,6.8,1.5,0.6,1.5,1.1,14.3
F,151,Anthony Tolliver,78,22.2,8.8,2.7,5.9,46.1,2.0,4.6,43.3,1.3,1.7,79.4,0.6,2.4,3.1,1.2,0.4,0.3,0.7,9.4
F,152,Mike Scott,75,18.5,8.8,3.6,6.8,53.0,0.9,2.1,41.0,0.6,0.9,68.6,0.7,2.6,3.2,1.0,0.3,0.1,1.1,8.9
F,153,Larry Nance Jr.,65,21.7,8.8,3.7,6.3,58.3,0.0,0.2,16.7,1.4,2.1,66.4,2.4,4.4,6.9,1.2,1.3,0.6,0.8,14.7
F-C,154,Skal Labissiere,60,20.7,8.7,3.4,7.6,44.8,0.3,0.9,35.3,1.6,2.0,80.5,1.7,3.2,4.8,1.2,0.4,0.8,1.2,10.1
G,155,Shabazz Napier,73,20.8,8.7,3.0,7.2,42.0,1.1,2.9,37.7,1.6,1.9,83.8,0.3,1.9,2.3,2.1,1.1,0.2,1.2,8.6
G,156,Fred VanVleet,75,20.0,8.7,3.1,7.2,42.7,1.4,3.5,41.3,1.1,1.3,83.7,0.3,2.1,2.4,3.2,0.9,0.3,1.0,10.2
F,157,Stanley Johnson,68,27.5,8.6,3.0,8.1,37.3,0.9,3.4,27.8,1.6,2.1,77.2,0.5,3.2,3.6,1.6,1.4,0.2,1.1,8.8
G,158,Emmanuel Mudiay,64,19.4,8.6,3.2,8.2,38.8,0.7,2.3,31.8,1.5,2.0,76.0,0.4,2.0,2.4,3.2,0.6,0.2,1.8,7.8
G-F,159,Danny Green,69,25.7,8.6,3.1,8.1,38.5,1.7,4.6,36.1,0.7,0.9,76.9,0.6,3.0,3.6,1.6,0.9,1.2,1.0,9.5
C,160,Alex Len,69,20.2,8.5,3.1,5.5,56.6,0.0,0.0,33.3,2.3,3.3,68.4,2.5,5.0,7.5,1.2,0.4,0.9,1.1,13.9
C-F,161,Dwight Powell,79,21.2,8.5,3.2,5.4,59.3,0.4,1.1,33.3,1.7,2.3,71.9,1.7,3.9,5.6,1.2,0.8,0.4,0.7,12.9
G,162,Devin Harris,70,19.0,8.4,2.6,6.4,41.0,1.1,3.2,35.0,2.0,2.4,83.5,0.2,1.6,1.8,2.2,0.7,0.2,1.1,7.9
F-G,163,Garrett Temple,65,24.8,8.4,3.1,7.3,41.8,1.4,3.5,39.2,0.9,1.2,76.9,0.3,2.0,2.3,1.9,0.9,0.4,1.2,8.2
C,164,Marcin Gortat,81,25.3,8.4,3.5,6.8,51.8,0.0,0.0,0.0,1.3,2.0,67.3,2.2,5.4,7.6,1.9,0.5,0.7,1.2,13.9
G-F,165,JR Smith,79,28.3,8.4,3.0,7.5,40.5,1.8,4.8,37.7,0.5,0.7,69.6,0.4,2.6,3.0,1.8,0.9,0.1,1.0,8.4
F,166,Jerami Grant,80,20.3,8.4,3.0,5.7,53.3,0.4,1.4,29.4,2.0,2.9,66.7,1.1,2.9,4.0,0.7,0.4,0.9,0.7,10.1
G,167,Jerian Grant,73,22.7,8.3,2.8,6.7,41.8,0.8,2.5,33.1,1.9,2.5,74.7,0.4,1.9,2.3,4.7,0.8,0.1,1.2,10.6
F-G,168,Evan Turner,78,25.7,8.3,3.3,7.3,44.8,0.5,1.7,32.3,1.2,1.4,85.0,0.4,2.7,3.1,2.2,0.6,0.4,1.2,9.0
C,169,Jarrett Allen,71,20.0,8.1,3.2,5.5,58.7,0.1,0.2,33.3,1.6,2.0,77.2,2.0,3.3,5.4,0.7,0.4,1.2,1.2,11.9
G,170,Rajon Rondo,64,26.1,8.1,3.5,7.5,46.2,0.8,2.3,33.1,0.4,0.7,54.3,0.5,3.6,4.0,8.1,1.0,0.2,2.3,14.8
G,171,Dejounte Murray,80,21.4,8.0,3.3,7.5,44.6,0.1,0.4,26.5,1.3,1.8,69.9,1.4,4.3,5.7,2.9,1.2,0.4,1.7,11.8
G,172,Delon Wright,68,20.7,8.0,2.9,6.2,46.7,0.8,2.2,36.9,1.4,1.7,82.6,0.7,2.2,2.9,2.9,1.1,0.5,1.1,10.6
G,173,Cory Joseph,82,27.0,7.9,3.1,7.4,42.4,0.8,2.3,35.3,0.9,1.1,74.5,0.5,2.7,3.2,3.2,1.0,0.2,1.1,9.9
F,174,Kyle Anderson,73,26.8,7.9,3.1,5.9,52.7,0.2,0.8,32.1,1.4,2.0,71.0,1.2,4.3,5.4,2.7,1.5,0.8,1.3,13.8
F,175,David Nwaba,69,23.4,7.9,2.9,5.9,48.4,0.2,0.7,34.7,1.9,2.9,65.5,1.3,3.4,4.6,1.5,0.8,0.4,1.1,10.1
G,176,Tyler Ulis,71,23.4,7.8,3.0,7.8,38.8,0.6,2.1,28.8,1.2,1.4,83.2,0.3,1.5,1.8,4.4,1.0,0.1,1.8,8.3
F,177,Darius Miller,81,23.8,7.8,2.6,6.0,44.2,1.8,4.4,41.2,0.7,0.8,85.9,0.2,1.8,2.0,1.4,0.3,0.2,0.7,7.5
F,177,Doug McDermott,81,21.8,7.8,2.9,6.3,46.7,1.1,2.7,42.6,0.8,1.0,79.0,0.5,2.0,2.5,1.0,0.2,0.2,0.7,7.4
F,179,Jarell Martin,73,22.8,7.7,3.0,6.8,44.6,0.5,1.3,34.7,1.2,1.6,76.7,1.3,3.0,4.4,1.0,0.5,0.7,1.2,9.0
F,180,Justise Winslow,67,24.5,7.7,3.0,7.1,42.4,0.7,1.9,38.3,1.0,1.5,66.3,1.0,4.4,5.4,2.1,0.8,0.5,1.1,10.9
F,181,Marquese Chriss,72,21.2,7.7,2.8,6.6,42.3,0.8,2.6,29.5,1.3,2.2,60.8,1.1,4.4,5.5,1.2,0.7,1.0,1.5,9.9
G,182,Alec Burks,64,16.5,7.7,2.7,6.5,41.1,0.7,2.2,33.1,1.7,1.9,86.3,0.3,2.7,3.0,1.0,0.6,0.1,0.9,7.5
F,183,Luc Mbah a Moute,60,26.0,7.6,2.8,5.7,48.4,1.1,2.9,36.6,1.1,1.6,68.4,0.4,2.7,3.1,0.9,1.2,0.4,1.1,8.7
G,184,Mario Chalmers,65,21.6,7.6,2.5,6.7,37.7,0.8,2.8,27.6,1.8,2.1,85.2,0.2,2.2,2.4,3.0,1.2,0.2,1.8,8.2
G,185,Jarrett Jack,61,25.0,7.5,3.1,7.2,42.6,0.4,1.4,29.4,1.0,1.2,83.6,0.3,2.7,3.1,5.6,0.6,0.1,1.9,10.7
G,186,Luke Kennard,72,19.9,7.4,2.8,6.3,43.9,1.1,2.6,41.3,0.8,1.0,84.7,0.3,2.1,2.4,1.7,0.6,0.2,0.9,7.7
G,187,Ian Clark,73,19.5,7.4,3.0,6.6,44.7,0.8,2.6,31.8,0.6,0.8,76.3,0.1,1.6,1.7,1.5,0.4,0.1,0.8,6.5
F,188,Pascal Siakam,80,20.7,7.3,3.1,6.2,50.8,0.4,1.6,22.1,0.7,1.1,62.1,1.0,3.5,4.5,2.0,0.8,0.5,0.8,10.8
G,189,Josh Hart,61,22.7,7.3,2.6,5.6,46.4,1.1,3.0,38.3,1.0,1.4,67.8,0.7,3.4,4.1,1.2,0.7,0.3,0.7,9.4
G-F,190,Nick Young,80,17.4,7.3,2.5,6.1,41.2,1.5,4.1,37.7,0.7,0.8,86.2,0.3,1.3,1.6,0.5,0.5,0.1,0.5,5.7
C-F,191,Kyle O'Quinn,76,18.0,7.2,2.9,5.0,58.4,0.0,0.2,18.8,1.3,1.7,77.0,1.6,4.5,6.1,2.0,0.5,1.3,1.3,13.3
C-F,192,Mason Plumlee,73,19.5,7.1,3.0,5.0,59.9,0.0,0.0,0.0,1.1,2.4,45.5,1.8,3.6,5.4,1.9,0.7,1.1,1.4,11.5
F,193,James Ennis III,71,22.3,7.1,2.5,5.3,47.6,0.7,2.1,34.2,1.4,1.6,83.6,1.0,2.1,3.2,1.0,0.6,0.3,0.8,8.3
G-F,194,Tomas Satoransky,72,22.2,7.1,2.7,5.2,52.6,0.6,1.3,47.4,1.0,1.3,78.1,0.9,2.2,3.1,3.9,0.7,0.2,1.1,11.2
G,195,Shelvin Mack,68,19.8,6.9,2.6,6.0,43.5,0.7,2.0,35.0,1.0,1.4,70.8,0.3,2.1,2.4,4.0,0.8,0.1,1.3,9.1
G,196,Bryn Forbes,79,18.9,6.9,2.6,6.2,42.2,1.1,2.8,39.0,0.6,0.9,65.7,0.1,1.2,1.4,1.0,0.3,0.0,0.5,5.3
F,197,Nemanja Bjelica,66,20.6,6.9,2.6,5.6,46.6,1.2,2.7,42.0,0.5,0.7,80.0,0.8,3.3,4.1,1.3,0.7,0.2,0.8,9.4
C-F,198,Bam Adebayo,68,19.9,6.9,2.5,4.9,50.6,0.0,0.1,0.0,1.9,2.6,71.8,1.7,3.8,5.5,1.5,0.5,0.6,1.0,10.8
G,199,Raymond Felton,81,16.7,6.9,2.7,6.8,40.4,1.0,2.8,34.5,0.4,0.5,81.8,0.3,1.6,1.9,2.5,0.6,0.2,0.9,7.0
G,200,Tony Snell,74,27.4,6.8,2.4,5.6,43.3,1.4,3.6,40.2,0.5,0.6,79.2,0.1,1.7,1.9,1.3,0.6,0.4,0.5,7.2
C,201,Jakob Poeltl,81,18.4,6.8,3.0,4.6,65.5,0.0,0.0,50.0,0.7,1.2,60.0,2.0,2.7,4.7,0.7,0.4,1.2,1.0,10.8
F,202,David West,73,13.7,6.8,3.0,5.2,57.1,0.0,0.1,37.5,0.8,1.1,75.9,0.9,2.4,3.3,1.9,0.6,1.0,1.1,10.0
F,203,Justin Jackson,67,22.0,6.8,2.8,6.1,45.0,0.9,2.7,31.8,0.4,0.5,72.2,0.4,2.3,2.7,1.1,0.4,0.2,0.6,7.1
C,204,Kosta Koufos,71,19.6,6.7,3.1,5.5,57.1,0.0,0.0,0.0,0.5,1.0,44.6,2.1,4.5,6.6,1.2,0.7,0.5,0.7,12.1
G,205,Malik Monk,63,13.6,6.7,2.4,6.7,36.0,1.3,3.9,34.2,0.5,0.6,84.2,0.1,0.9,1.0,1.4,0.3,0.1,0.8,4.4
C,206,Tyler Zeller,65,16.7,6.7,2.8,5.1,55.6,0.2,0.4,35.7,0.8,1.2,71.4,1.6,2.9,4.6,0.7,0.2,0.5,0.7,9.4
G,207,Isaiah Taylor,67,17.4,6.6,2.4,5.8,41.8,0.3,1.2,25.0,1.5,2.1,70.2,0.3,1.1,1.4,3.1,0.5,0.1,1.3,6.5
F,208,Maurice Harkless,59,21.4,6.5,2.5,5.0,49.5,0.8,2.0,41.5,0.7,1.0,71.2,0.8,2.0,2.7,0.9,0.8,0.7,0.7,8.2
F,209,Dragan Bender,82,25.2,6.5,2.3,5.9,38.6,1.4,3.9,36.6,0.5,0.6,76.5,0.5,3.9,4.4,1.6,0.3,0.6,1.4,8.2
F,210,Trevor Booker,68,17.0,6.3,2.6,5.0,51.6,0.1,0.5,24.2,1.0,1.4,71.0,1.7,3.0,4.7,1.2,0.4,0.3,0.9,9.2
G,211,Langston Galloway,57,14.8,6.2,2.2,5.8,36.9,1.3,3.8,34.4,0.6,0.7,80.5,0.2,1.4,1.6,1.0,0.5,0.1,0.3,5.3
G,212,Jodie Meeks,76,14.5,6.2,2.0,5.0,39.8,0.9,2.6,33.5,1.3,1.5,87.0,0.2,1.4,1.6,0.9,0.4,0.1,0.5,5.5
F,213,PJ Tucker,80,27.9,6.2,2.1,5.4,39.5,1.4,3.7,37.7,0.5,0.8,71.7,1.1,4.4,5.5,1.0,1.0,0.3,0.9,9.6
G,214,T.J. McConnell,75,22.4,6.2,2.7,5.5,49.5,0.3,0.8,41.7,0.4,0.5,79.5,0.5,2.5,2.9,3.9,1.2,0.2,1.5,10.0
F-G,215,Andre Iguodala,64,25.3,6.0,2.3,5.0,46.3,0.5,1.8,28.2,0.9,1.4,63.2,0.8,3.1,3.8,3.3,0.8,0.6,1.0,10.3
C,216,Gorgui Dieng,78,17.0,6.0,2.4,4.9,48.0,0.2,0.7,31.0,1.0,1.3,77.5,1.3,3.2,4.6,0.9,0.6,0.5,0.8,8.9
C-F,217,Davis Bertans,76,14.2,5.9,2.1,4.8,43.9,1.2,3.3,37.6,0.5,0.6,81.6,0.2,1.8,2.0,1.0,0.3,0.4,0.5,6.4
F,218,OG Anunoby,73,20.0,5.9,2.2,4.7,46.9,1.0,2.7,36.9,0.5,0.8,62.9,0.6,1.9,2.5,0.7,0.7,0.2,0.6,6.6
F,219,Quincy Acy,69,19.4,5.8,1.8,5.2,35.4,1.4,4.2,34.8,0.7,0.9,81.7,0.6,3.1,3.7,0.8,0.5,0.4,0.9,6.8
F,220,Jonas Jerebko,73,15.4,5.8,2.2,4.6,46.4,0.9,2.1,41.0,0.6,0.8,80.7,0.7,2.6,3.3,0.6,0.3,0.2,0.4,7.2
G,221,Frank Ntilikina,77,21.7,5.8,2.3,6.3,36.2,0.6,2.0,31.6,0.6,0.9,72.1,0.4,1.8,2.2,3.2,0.8,0.2,1.7,6.3
C-F,222,Deyonta Davis,61,15.0,5.8,2.6,4.2,61.5,0.0,0.0,0.0,0.6,0.9,67.9,1.2,2.8,4.0,0.6,0.2,0.6,0.5,8.8
C,223,Bismack Biyombo,81,18.3,5.7,2.2,4.3,51.7,0.0,0.0,0.0,1.3,1.9,65.0,1.8,4.0,5.7,0.8,0.2,1.2,1.0,9.9
C,224,Aron Baynes,80,18.3,5.7,2.5,5.3,46.8,0.0,0.3,15.0,0.7,1.0,75.0,1.5,3.7,5.2,1.1,0.3,0.6,1.0,9.0
F,225,Dante Cunningham,72,21.4,5.7,2.2,5.0,44.8,0.8,2.3,34.7,0.4,0.7,59.6,1.0,3.0,4.1,0.7,0.5,0.4,0.5,7.8
F-G,226,Norman Powell,69,15.4,5.6,2.2,5.4,40.1,0.8,2.7,28.5,0.5,0.6,82.1,0.2,1.5,1.7,1.3,0.5,0.2,1.0,5.1
G,227,Shaun Livingston,71,15.9,5.5,2.4,4.8,50.1,0.0,0.1,0.0,0.7,0.9,82.0,0.5,1.4,1.8,2.0,0.5,0.3,0.8,6.8
C,228,Zaza Pachulia,69,14.1,5.4,2.2,3.8,56.7,0.0,0.0,0.0,1.1,1.3,80.6,1.3,3.4,4.7,1.6,0.6,0.2,1.1,9.5
F,229,Wesley Johnson,73,20.1,5.4,2.0,5.0,40.4,0.8,2.4,33.7,0.6,0.8,74.5,0.4,2.6,3.0,0.8,1.0,0.8,0.8,7.1
G-F,230,Pat Connaughton,81,18.2,5.4,2.0,4.8,42.1,0.9,2.6,35.1,0.5,0.5,84.1,0.4,1.5,2.0,1.1,0.3,0.3,0.5,5.6
F,231,Maxi Kleber,72,16.8,5.4,2.1,4.3,48.9,0.6,1.8,31.3,0.6,0.8,74.6,1.0,2.3,3.3,0.7,0.4,0.7,0.4,7.5
F-C,232,Ed Davis,77,18.9,5.3,2.2,3.7,58.3,0.0,0.0,0.0,1.0,1.4,66.7,2.4,5.0,7.4,0.5,0.4,0.7,0.8,11.4
G-F,233,Vince Carter,57,17.6,5.3,1.9,4.8,39.6,1.0,2.8,34.0,0.5,0.6,75.7,0.3,2.2,2.5,1.2,0.7,0.5,0.6,6.5
F-C,234,Daniel Theis,63,14.9,5.3,2.0,3.7,54.1,0.3,0.9,31.0,1.0,1.3,75.3,1.4,2.9,4.3,0.9,0.5,0.8,0.9,8.8
G-F,235,Corey Brewer,71,16.6,5.1,1.9,4.3,44.6,0.4,1.5,27.6,0.9,1.2,72.7,0.6,1.5,2.1,0.9,1.1,0.2,0.7,6.1
G,236,Tyus Jones,81,18.0,5.1,1.8,4.0,45.6,0.5,1.6,34.4,0.9,1.0,87.7,0.2,1.4,1.6,2.8,1.2,0.1,0.7,7.8
F,237,Royce O'Neale,68,16.5,5.0,1.7,4.1,42.4,0.6,1.7,34.8,0.9,1.1,80.3,0.4,3.0,3.4,1.4,0.5,0.2,0.8,7.1
C-F,238,Thon Maker,73,16.8,4.8,1.8,4.3,41.2,0.4,1.4,30.1,0.9,1.3,69.6,1.0,2.0,3.1,0.6,0.5,0.7,0.6,6.3
C,239,Ian Mahinmi,76,14.8,4.8,1.8,3.2,56.4,0.0,0.0,0.0,1.2,1.7,70.6,1.8,2.3,4.0,0.7,0.5,0.6,1.3,7.4
C,240,JaVale McGee,65,9.5,4.8,2.1,3.4,62.1,0.0,0.1,0.0,0.6,0.8,73.1,0.9,1.7,2.6,0.5,0.3,0.9,0.4,7.2
G,241,Alex Abrines,75,15.1,4.7,1.5,3.9,39.5,1.1,2.9,38.0,0.5,0.6,84.8,0.3,1.2,1.5,0.4,0.5,0.1,0.3,4.4
C-F,242,Amir Johnson,73,15.8,4.6,1.9,3.5,53.3,0.1,0.4,31.3,0.7,1.2,61.2,1.6,2.8,4.4,1.6,0.6,0.6,0.8,9.0
C-F,243,Zach Collins,65,15.8,4.5,1.8,4.4,39.9,0.5,1.7,31.3,0.4,0.6,64.3,0.7,2.6,3.3,0.8,0.2,0.5,0.9,5.5
G-F,244,Treveon Graham,63,16.7,4.3,1.5,3.5,43.4,0.6,1.5,41.2,0.7,0.9,69.5,0.7,1.3,1.9,0.9,0.5,0.0,0.4,5.0
F,245,Lance Thomas,72,18.7,4.1,1.4,3.7,38.4,0.7,1.7,41.0,0.6,0.7,83.0,0.6,1.8,2.4,0.6,0.4,0.2,0.5,4.8
F,246,Sam Dekker,72,11.9,4.1,1.7,3.5,48.6,0.1,0.8,16.7,0.5,0.8,67.3,0.6,1.7,2.3,0.5,0.3,0.1,0.4,4.8
F,247,Kevon Looney,66,13.8,4.0,1.7,2.9,58.0,0.0,0.1,20.0,0.6,1.2,54.5,1.3,2.0,3.3,0.6,0.5,0.8,0.5,7.1
F,248,Patrick Patterson,81,15.5,3.9,1.3,3.3,39.8,0.8,2.1,38.5,0.5,0.6,87.0,0.4,2.0,2.4,0.7,0.6,0.3,0.4,5.4
G,249,Sindarius Thornwell,72,15.6,3.8,1.3,3.1,43.3,0.3,0.8,34.5,0.8,1.2,66.7,0.5,1.5,1.9,0.9,0.7,0.3,0.7,4.8
F,250,Wes Iwundu,61,16.3,3.7,1.5,3.5,42.6,0.1,0.7,18.2,0.5,0.7,71.1,0.6,1.7,2.2,0.9,0.5,0.2,0.5,4.8
F,251,Cedi Osman,60,10.6,3.7,1.4,2.8,49.4,0.5,1.3,38.0,0.4,0.7,58.5,0.3,1.6,1.9,0.6,0.4,0.1,0.5,4.4
C,252,Salah Mejri,61,12.0,3.5,1.4,2.2,64.2,0.0,0.0,0.0,0.6,1.1,57.6,1.4,2.6,4.0,0.6,0.4,1.1,0.6,7.7
G,253,Malik Beasley,62,9.4,3.2,1.2,2.9,41.0,0.5,1.3,34.1,0.4,0.5,66.7,0.2,0.9,1.1,0.5,0.2,0.1,0.4,2.9
G,254,Tim Frazier,58,14.3,3.0,1.2,2.9,40.2,0.3,1.0,30.4,0.4,0.5,76.7,0.3,1.7,2.0,3.3,0.8,0.1,1.0,6.4
G,255,Terrance Ferguson,60,12.3,3.0,1.1,2.7,41.0,0.6,1.9,32.1,0.2,0.2,90.0,0.3,0.4,0.8,0.3,0.4,0.2,0.2,2.8
F,256,Semi Ojeleye,72,15.6,2.6,0.9,2.5,34.4,0.5,1.7,32.2,0.3,0.6,61.0,0.5,1.7,2.2,0.3,0.3,0.0,0.3,3.2
C-F,257,Ekpe Udoh,62,13.0,2.6,1.0,1.9,49.6,0.0,0.0,0.0,0.7,0.9,75.0,1.1,1.3,2.4,0.9,0.7,1.2,0.3,6.2
G,258,Josh Huestis,68,14.4,2.3,0.9,2.6,32.8,0.5,1.7,28.3,0.1,0.3,30.0,0.6,1.8,2.4,0.3,0.2,0.6,0.4,3.4
G,259,Brandon Paul,63,8.9,2.2,0.8,1.9,42.1,0.2,0.8,26.9,0.3,0.7,51.2,0.1,1.0,1.1,0.6,0.4,0.1,0.4,2.5
F-C,260,Eric Moreland,66,11.6,1.9,0.9,1.7,52.7,0.0,0.0,0.0,0.2,0.4,37.9,1.2,2.8,4.0,1.1,0.4,0.7,0.6,6.5
G,261,DeAndre Liggins,57,12.6,1.8,0.7,1.9,37.7,0.3,0.9,35.8,0.0,0.1,40.0,0.1,1.2,1.3,0.8,0.6,0.2,0.4,3.2
